VARIABLES="X","Y","U","V","P"
ZONE  F=POINT
I=32, J=32
0.00000000	0.00000000	0.00000000	0.00000000	0.46351297
0.03225806	0.00000000	0.00000000	0.00000000	0.46600545
0.06451613	0.00000000	0.00000000	0.00000000	0.47377545
0.09677419	0.00000000	0.00000000	0.00000000	0.48705964
0.12903226	0.00000000	0.00000000	0.00000000	0.50571547
0.16129032	0.00000000	0.00000000	0.00000000	0.52954162
0.19354839	0.00000000	0.00000000	0.00000000	0.55828222
0.22580645	0.00000000	0.00000000	0.00000000	0.59163022
0.25806452	0.00000000	0.00000000	0.00000000	0.62923136
0.29032258	0.00000000	0.00000000	0.00000000	0.67068856
0.32258065	0.00000000	0.00000000	0.00000000	0.71556662
0.35483871	0.00000000	0.00000000	0.00000000	0.76339712
0.38709677	0.00000000	0.00000000	0.00000000	0.81368350
0.41935484	0.00000000	0.00000000	0.00000000	0.86590608
0.45161290	0.00000000	0.00000000	0.00000000	0.91952718
0.48387097	0.00000000	0.00000000	0.00000000	0.97399619
0.51612903	0.00000000	0.00000000	0.00000000	1.02875461
0.54838710	0.00000000	0.00000000	0.00000000	1.08324106
0.58064516	0.00000000	0.00000000	0.00000000	1.13689634
0.61290323	0.00000000	0.00000000	0.00000000	1.18916845
0.64516129	0.00000000	0.00000000	0.00000000	1.23951769
0.67741935	0.00000000	0.00000000	0.00000000	1.28742184
0.70967742	0.00000000	0.00000000	0.00000000	1.33238129
0.74193548	0.00000000	0.00000000	0.00000000	1.37392428
0.77419355	0.00000000	0.00000000	0.00000000	1.41161203
0.80645161	0.00000000	0.00000000	0.00000000	1.44504384
0.83870968	0.00000000	0.00000000	0.00000000	1.47386191
0.87096774	0.00000000	0.00000000	0.00000000	1.49775591
0.90322581	0.00000000	0.00000000	0.00000000	1.51646707
0.93548387	0.00000000	0.00000000	0.00000000	1.52979171
0.96774194	0.00000000	0.00000000	0.00000000	1.53758569
1.00000000	0.00000000	0.00000000	0.00000000	1.54008589
0.00000000	0.03225806	0.00000000	0.00000000	0.46101953
0.03225806	0.03225806	-0.00098348	0.00097345	0.46352399
0.06451613	0.03225806	-0.00206847	0.00101387	0.47133158
0.09677419	0.03225806	-0.00313737	0.00099044	0.48467980
0.12903226	0.03225806	-0.00417265	0.00095346	0.50342489
0.16129032	0.03225806	-0.00516294	0.00090626	0.52736444
0.19354839	0.03225806	-0.00609782	0.00084961	0.55624110
0.22580645	0.03225806	-0.00696763	0.00078425	0.58974607
0.25806452	0.03225806	-0.00776353	0.00071100	0.62752316
0.29032258	0.03225806	-0.00847761	0.00063072	0.66917318
0.32258065	0.03225806	-0.00910290	0.00054431	0.71425875
0.35483871	0.03225806	-0.00963339	0.00045272	0.76230925
0.38709677	0.03225806	-0.01006411	0.00035687	0.81282583
0.41935484	0.03225806	-0.01039106	0.00025771	0.86528657
0.45161290	0.03225806	-0.01061122	0.00015617	0.91915154
0.48387097	0.03225806	-0.01072259	0.00005318	0.97386790
0.51612903	0.03225806	-0.01072412	-0.00005033	1.02887492
0.54838710	0.03225806	-0.01061576	-0.00015343	1.08360900
0.58064516	0.03225806	-0.01039841	-0.00025520	1.13750868
0.61290323	0.03225806	-0.01007398	-0.00035469	1.19001973
0.64516129	0.03225806	-0.00964538	-0.00045096	1.24060017
0.67741935	0.03225806	-0.00911651	-0.00054305	1.28872549
0.70967742	0.03225806	-0.00849229	-0.00063000	1.33389377
0.74193548	0.03225806	-0.00777867	-0.00071087	1.37563096
0.77419355	0.03225806	-0.00698259	-0.00078471	1.41349606
0.80645161	0.03225806	-0.00611198	-0.00085065	1.44708622
0.83870968	0.03225806	-0.00517570	-0.00090783	1.47604163
0.87096774	0.03225806	-0.00418346	-0.00095551	1.50005016
0.90322581	0.03225806	-0.00314577	-0.00099287	1.51885150
0.93548387	0.03225806	-0.00207411	-0.00101656	1.53224085
0.96774194	0.03225806	-0.00098616	-0.00097611	1.54007282
1.00000000	0.03225806	0.00000000	0.00000000	1.54258514
0.00000000	0.06451613	0.00000000	0.00000000	0.45319222
0.03225806	0.06451613	-0.00105520	0.00206848	0.45573411
0.06451613	0.06451613	-0.00221884	0.00215390	0.46365907
0.09677419	0.06451613	-0.00336517	0.00210419	0.47720787
0.12903226	0.06451613	-0.00447531	0.00202558	0.49623329
0.16129032	0.06451613	-0.00553702	0.00192518	0.52052915
0.19354839	0.06451613	-0.00653910	0.00180469	0.54983332
0.22580645	0.06451613	-0.00747119	0.00166572	0.58383144
0.25806452	0.06451613	-0.00832387	0.00150999	0.62216116
0.29032258	0.06451613	-0.00908868	0.00133937	0.66441673
0.32258065	0.06451613	-0.00975821	0.00115579	0.71015389
0.35483871	0.06451613	-0.01032612	0.00096122	0.75889501
0.38709677	0.06451613	-0.01078713	0.00075767	0.81013417
0.41935484	0.06451613	-0.01113701	0.00054711	0.86334238
0.45161290	0.06451613	-0.01137261	0.00033153	0.91797269
0.48387097	0.06451613	-0.01149179	0.00011290	0.97346525
0.51612903	0.06451613	-0.01149347	-0.00010684	1.02925238
0.54838710	0.06451613	-0.01137757	-0.00032572	1.08476353
0.58064516	0.06451613	-0.01114507	-0.00054178	1.13943024
0.61290323	0.06451613	-0.01079795	-0.00075303	1.19269122
0.64516129	0.06451613	-0.01033927	-0.00095748	1.24399740
0.67741935	0.06451613	-0.00977314	-0.00115309	1.29281704
0.70967742	0.06451613	-0.00910478	-0.00133784	1.33864103
0.74193548	0.06451613	-0.00834048	-0.00150971	1.38098814
0.77419355	0.06451613	-0.00748762	-0.00166670	1.41941033
0.80645161	0.06451613	-0.00655465	-0.00180690	1.45349797
0.83870968	0.06451613	-0.00555104	-0.00192853	1.48288492
0.87096774	0.06451613	-0.00448719	-0.00202993	1.50725331
0.90322581	0.06451613	-0.00337441	-0.00210937	1.52633791
0.93548387	0.06451613	-0.00222504	-0.00215962	1.53992997
0.96774194	0.06451613	-0.00105814	-0.00207412	1.54788058
1.00000000	0.06451613	0.00000000	0.00000000	1.55043075
0.00000000	0.09677419	0.00000000	0.00000000	0.43962457
0.03225806	0.09677419	-0.00108557	0.00319231	0.44223161
0.06451613	0.09677419	-0.00228277	0.00332385	0.45036015
0.09677419	0.09677419	-0.00346188	0.00324692	0.46425677
0.12903226	0.09677419	-0.00460343	0.00312532	0.48376891
0.16129032	0.09677419	-0.00569481	0.00297005	0.50868341
0.19354839	0.09677419	-0.00672447	0.00278379	0.53872966
0.22580645	0.09677419	-0.00768179	0.00256903	0.57358355
0.25806452	0.09677419	-0.00855714	0.00232849	0.61287191
0.29032258	0.09677419	-0.00934193	0.00206507	0.65617752
0.32258065	0.09677419	-0.01002865	0.00178177	0.70304417
0.35483871	0.09677419	-0.01061090	0.00148164	0.75298203
0.38709677	0.09677419	-0.01108340	0.00116777	0.80547295
0.41935484	0.09677419	-0.01144192	0.00084319	0.85997574
0.45161290	0.09677419	-0.01168332	0.00051095	0.91593131
0.48387097	0.09677419	-0.01180548	0.00017405	0.97276782
0.51612903	0.09677419	-0.01180731	-0.00016454	1.02990563
0.54838710	0.09677419	-0.01168874	-0.00050183	1.08676223
0.58064516	0.09677419	-0.01145072	-0.00083483	1.14275717
0.61290323	0.09677419	-0.01109522	-0.00116049	1.19731704
0.64516129	0.09677419	-0.01062527	-0.00147576	1.24988048
0.67741935	0.09677419	-0.01004498	-0.00177753	1.29990335
0.70967742	0.09677419	-0.00935956	-0.00206267	1.34686404
0.74193548	0.09677419	-0.00857534	-0.00232803	1.39026886
0.77419355	0.09677419	-0.00769980	-0.00257055	1.42965751
0.80645161	0.09677419	-0.00674152	-0.00278724	1.46460852
0.83870968	0.09677419	-0.00571018	-0.00297530	1.49474465
0.87096774	0.09677419	-0.00461647	-0.00313215	1.51973793
0.90322581	0.09677419	-0.00347201	-0.00325504	1.53931435
0.93548387	0.09677419	-0.00228957	-0.00333284	1.55325800
0.96774194	0.09677419	-0.00108880	-0.00320115	1.56141442
1.00000000	0.09677419	0.00000000	0.00000000	1.56403046
0.00000000	0.12903226	0.00000000	0.00000000	0.42016728
0.03225806	0.12903226	-0.00112496	0.00435126	0.42286847
0.06451613	0.12903226	-0.00236551	0.00453022	0.43129037
0.09677419	0.12903226	-0.00358696	0.00442487	0.44568743
0.12903226	0.12903226	-0.00476904	0.00425852	0.46589960
0.16129032	0.12903226	-0.00589857	0.00404622	0.49170357
0.19354839	0.12903226	-0.00696359	0.00379169	0.52281629
0.22580645	0.12903226	-0.00795314	0.00349840	0.55889934
0.25806452	0.12903226	-0.00885733	0.00317013	0.59956388
0.29032258	0.12903226	-0.00966742	0.00281088	0.64437599
0.32258065	0.12903226	-0.01037581	0.00242477	0.69286220
0.35483871	0.12903226	-0.01097610	0.00201598	0.74451520
0.38709677	0.12903226	-0.01146299	0.00158869	0.79879928
0.41935484	0.12903226	-0.01183232	0.00114703	0.85515585
0.45161290	0.12903226	-0.01208097	0.00069509	0.91300865
0.48387097	0.12903226	-0.01220686	0.00023689	0.97176881
0.51612903	0.12903226	-0.01220892	-0.00022357	1.03083981
0.54838710	0.12903226	-0.01208707	-0.00068231	1.08962226
0.58064516	0.12903226	-0.01184223	-0.00113530	1.14751875
0.61290323	0.12903226	-0.01147631	-0.00157848	1.20393871
0.64516129	0.12903226	-0.01099230	-0.00200772	1.25830335
0.67741935	0.12903226	-0.01039424	-0.00241881	1.31005084
0.70967742	0.12903226	-0.00968732	-0.00280749	1.35864168
0.74193548	0.12903226	-0.00887790	-0.00316947	1.40356425
0.77419355	0.12903226	-0.00797351	-0.00350052	1.44434053
0.80645161	0.12903226	-0.00698290	-0.00379653	1.48053190
0.83870968	0.12903226	-0.00591599	-0.00405359	1.51174493
0.87096774	0.12903226	-0.00478383	-0.00426811	1.53763687
0.90322581	0.12903226	-0.00359847	-0.00443628	1.55792087
0.93548387	0.12903226	-0.00237323	-0.00454285	1.57237050
0.96774194	0.12903226	-0.00112863	-0.00436370	1.58082357
1.00000000	0.12903226	0.00000000	0.00000000	1.58353482
0.00000000	0.16129032	0.00000000	0.00000000	0.39460743
0.03225806	0.16129032	-0.00117678	0.00555782	0.39743306
0.06451613	0.16129032	-0.00247426	0.00578587	0.40624242
0.09677419	0.16129032	-0.00375130	0.00565046	0.42130004
0.12903226	0.16129032	-0.00498649	0.00543693	0.44243572
0.16129032	0.16129032	-0.00616594	0.00516461	0.46941242
0.19354839	0.16129032	-0.00727712	0.00483837	0.50193028
0.22580645	0.16129032	-0.00830863	0.00446278	0.53963163
0.25806452	0.16129032	-0.00925027	0.00404277	0.58210654
0.29032258	0.16129032	-0.01009312	0.00358356	0.62889886
0.32258065	0.16129032	-0.01082951	0.00309045	0.67951225
0.35483871	0.16129032	-0.01145302	0.00256883	0.73341629
0.38709677	0.16129032	-0.01195841	0.00202399	0.79005232
0.41935484	0.16129032	-0.01234159	0.00146117	0.84883911
0.45161290	0.16129032	-0.01259953	0.00088549	0.90917810
0.48387097	0.16129032	-0.01273021	0.00030200	0.97045850
0.51612903	0.16129032	-0.01273259	-0.00028433	1.03206206
0.54838710	0.16129032	-0.01260656	-0.00086853	1.09336772
0.58064516	0.16129032	-0.01235301	-0.00144559	1.15375625
0.61290323	0.16129032	-0.01197377	-0.00201043	1.21261493
0.64516129	0.16129032	-0.01147171	-0.00255784	1.26934240
0.67741935	0.16129032	-0.01085079	-0.00308251	1.32335379
0.70967742	0.16129032	-0.01011614	-0.00357902	1.37408615
0.74193548	0.16129032	-0.00927408	-0.00404186	1.42100422
0.77419355	0.16129032	-0.00833223	-0.00446556	1.46360646
0.80645161	0.16129032	-0.00729952	-0.00484476	1.50143136
0.83870968	0.16129032	-0.00618618	-0.00517438	1.53406376
0.87096774	0.16129032	-0.00500368	-0.00544968	1.56114100
0.90322581	0.16129032	-0.00376469	-0.00566565	1.58235884
0.93548387	0.16129032	-0.00248325	-0.00580269	1.59747659
0.96774194	0.16129032	-0.00118105	-0.00557439	1.60632164
1.00000000	0.16129032	0.00000000	0.00000000	1.60915878
0.00000000	0.19354839	0.00000000	0.00000000	0.36266379
0.03225806	0.19354839	-0.00124200	0.00682553	0.36564605
0.06451613	0.19354839	-0.00261107	0.00710475	0.37494296
0.09677419	0.19354839	-0.00395790	0.00693710	0.39083132
0.12903226	0.19354839	-0.00525966	0.00667316	0.41312773
0.16129032	0.19354839	-0.00650153	0.00633686	0.44157726
0.19354839	0.19354839	-0.00767026	0.00593439	0.47585821
0.22580645	0.19354839	-0.00875391	0.00547156	0.51558803
0.25806452	0.19354839	-0.00974193	0.00495463	0.56032977
0.29032258	0.19354839	-0.01062520	0.00439012	0.60959891
0.32258065	0.19354839	-0.01139600	0.00378467	0.66287016
0.35483871	0.19354839	-0.01204795	0.00314489	0.71958412
0.38709677	0.19354839	-0.01257594	0.00247727	0.77915356
0.41935484	0.19354839	-0.01297601	0.00178816	0.84096926
0.45161290	0.19354839	-0.01324526	0.00108371	0.90440535
0.48387097	0.19354839	-0.01338177	0.00036994	0.96882430
0.51612903	0.19354839	-0.01338454	-0.00034722	1.03358147
0.54838710	0.19354839	-0.01325348	-0.00106189	1.09802952
0.58064516	0.19354839	-0.01298938	-0.00176810	1.16152271
0.61290323	0.19354839	-0.01259394	-0.00245979	1.22342132
0.64516129	0.19354839	-0.01206988	-0.00313070	1.28309631
0.67741935	0.19354839	-0.01142100	-0.00377439	1.33993431
0.70967742	0.19354839	-0.01065227	-0.00438421	1.39334320
0.74193548	0.19354839	-0.00976997	-0.00495339	1.44275800
0.77419355	0.19354839	-0.00878175	-0.00547509	1.48764744
0.80645161	0.19354839	-0.00769672	-0.00594259	1.52752078
0.83870968	0.19354839	-0.00652546	-0.00634944	1.56193492
0.87096774	0.19354839	-0.00528001	-0.00668961	1.59050150
0.90322581	0.19354839	-0.00397376	-0.00695671	1.61289365
0.93548387	0.19354839	-0.00262173	-0.00712650	1.62885215
0.96774194	0.19354839	-0.00124707	-0.00684696	1.63819068
1.00000000	0.19354839	0.00000000	0.00000000	1.64118637
0.00000000	0.22580645	0.00000000	0.00000000	0.32398232
0.03225806	0.22580645	-0.00132169	0.00816890	0.32715596
0.06451613	0.22580645	-0.00277814	0.00850178	0.33704838
0.09677419	0.22580645	-0.00421004	0.00829906	0.35395090
0.12903226	0.22580645	-0.00559273	0.00798056	0.37766319
0.16129032	0.22580645	-0.00691026	0.00757522	0.40790744
0.19354839	0.22580645	-0.00814848	0.00709075	0.44433430
0.22580645	0.22580645	-0.00929481	0.00653445	0.48652983
0.25806452	0.22580645	-0.01033834	0.00591407	0.53402322
0.29032258	0.22580645	-0.01126974	0.00523763	0.58629475
0.32258065	0.22580645	-0.01208133	0.00451321	0.64278352
0.35483871	0.22580645	-0.01276684	0.00374878	0.70289487
0.38709677	0.22580645	-0.01332139	0.00295205	0.76600714
0.41935484	0.22580645	-0.01374124	0.00213049	0.83147775
0.45161290	0.22580645	-0.01402371	0.00129125	0.89864860
0.48387097	0.22580645	-0.01416705	0.00044129	0.96685079
0.51612903	0.22580645	-0.01417033	-0.00041261	1.03540893
0.54838710	0.22580645	-0.01403345	-0.00126370	1.10364506
0.58064516	0.22580645	-0.01375707	-0.00210514	1.17088252
0.61290323	0.22580645	-0.01334272	-0.00292993	1.23644995
0.64516129	0.22580645	-0.01279287	-0.00373079	1.29968559
0.67741935	0.22580645	-0.01211104	-0.00450013	1.35994214
0.70967742	0.22580645	-0.01130197	-0.00523005	1.41659224
0.74193548	0.22580645	-0.01037177	-0.00591239	1.46903479
0.77419355	0.22580645	-0.00932807	-0.00653881	1.51670187
0.80645161	0.22580645	-0.00818014	-0.00710106	1.55906644
0.83870968	0.22580645	-0.00693894	-0.00759110	1.59565044
0.87096774	0.22580645	-0.00561715	-0.00800139	1.62603299
0.90322581	0.22580645	-0.00422910	-0.00832394	1.64985850
0.93548387	0.22580645	-0.00279096	-0.00852940	1.66684404
0.96774194	0.22580645	-0.00132778	-0.00819613	1.67678576
1.00000000	0.22580645	0.00000000	0.00000000	1.67997531
0.00000000	0.25806452	0.00000000	0.00000000	0.27813045
0.03225806	0.25806452	-0.00141721	0.00960368	0.28153351
0.06451613	0.25806452	-0.00297831	0.00999311	0.29213957
0.09677419	0.25806452	-0.00451187	0.00975170	0.31025657
0.12903226	0.25806452	-0.00599099	0.00937339	0.33566270
0.16129032	0.25806452	-0.00739829	0.00889262	0.36805132
0.19354839	0.25806452	-0.00871858	0.00831895	0.40703829
0.22580645	0.25806452	-0.00993854	0.00766143	0.45217060
0.25806452	0.25806452	-0.01104685	0.00692957	0.50293568
0.29032258	0.25806452	-0.01203411	0.00613312	0.55877078
0.32258065	0.25806452	-0.01289272	0.00528177	0.61907201
0.35483871	0.25806452	-0.01361671	0.00438495	0.68320266
0.38709677	0.25806452	-0.01420153	0.00345167	0.75050053
0.41935484	0.25806452	-0.01464384	0.00249048	0.82028433
0.45161290	0.25806452	-0.01494130	0.00150952	0.89185892
0.48387097	0.25806452	-0.01509238	0.00051657	0.96451982
0.51612903	0.25806452	-0.01509629	-0.00048082	1.03755688
0.54838710	0.25806452	-0.01495290	-0.00147515	1.11025769
0.58064516	0.25806452	-0.01466273	-0.00245883	1.18191068
0.61290323	0.25806452	-0.01422701	-0.00342399	1.25180854
0.64516129	0.25806452	-0.01364784	-0.00436239	1.31925194
0.67741935	0.25806452	-0.01292832	-0.00526529	1.38355413
0.70967742	0.25806452	-0.01207280	-0.00612348	1.44404631
0.74193548	0.25806452	-0.01108708	-0.00692729	1.50008421
0.77419355	0.25806452	-0.00997864	-0.00766673	1.55105567
0.80645161	0.25806452	-0.00875683	-0.00833173	1.59638927
0.83870968	0.25806452	-0.00743301	-0.00891243	1.63556369
0.87096774	0.25806452	-0.00602060	-0.00939947	1.66811756
0.90322581	0.25806452	-0.00453501	-0.00978292	1.69365918
0.93548387	0.25806452	-0.00299389	-0.01002782	1.71187564
0.96774194	0.25806452	-0.00142463	-0.00963793	1.72254078
1.00000000	0.25806452	0.00000000	0.00000000	1.72596292
0.00000000	0.29032258	0.00000000	0.00000000	0.22458959
0.03225806	0.29032258	-0.00153033	0.01114722	0.22826432
0.06451613	0.29032258	-0.00321519	0.01159645	0.23971506
0.09677419	0.29032258	-0.00486867	0.01131175	0.25926833
0.12903226	0.29032258	-0.00646109	0.01086699	0.28667512
0.16129032	0.29032258	-0.00797336	0.01030281	0.32159249
0.19354839	0.29032258	-0.00938899	0.00963101	0.36359288
0.22580645	0.29032258	-0.01069392	0.00886274	0.41217487
0.25806452	0.29032258	-0.01187643	0.00800965	0.46677469
0.29032258	0.29032258	-0.01292713	0.00708350	0.52677755
0.32258065	0.29032258	-0.01383873	0.00609581	0.59152824
0.35483871	0.29032258	-0.01460574	0.00505759	0.66034061
0.38709677	0.29032258	-0.01522419	0.00397919	0.73250562
0.41935484	0.29032258	-0.01569131	0.00287025	0.80729789
0.45161290	0.29032258	-0.01600525	0.00173979	0.88398084
0.48387097	0.29032258	-0.01616488	0.00059628	0.96181061
0.51612903	0.29032258	-0.01616956	-0.00055209	1.04003903
0.54838710	0.29032258	-0.01601914	-0.00169727	1.11791601
0.58064516	0.29032258	-0.01571393	-0.00283103	1.19469177
0.61290323	0.29032258	-0.01525475	-0.00394482	1.26961920
0.64516129	0.29032258	-0.01464315	-0.00502948	1.34195693
0.67741935	0.29032258	-0.01388161	-0.00607517	1.41097328
0.70967742	0.29032258	-0.01297384	-0.00707130	1.47595152
0.74193548	0.29032258	-0.01192511	-0.00800656	1.53619664
0.77419355	0.29032258	-0.01074256	-0.00886908	1.59104361
0.80645161	0.29032258	-0.00943552	-0.00964669	1.63986723
0.83870968	0.29032258	-0.00801568	-0.01032734	1.68209315
0.87096774	0.29032258	-0.00649727	-0.01089941	1.71720978
0.90322581	0.29032258	-0.00489697	-0.01135067	1.74478023
0.93548387	0.29032258	-0.00323427	-0.01163979	1.76445378
0.96774194	0.29032258	-0.00153942	-0.01119003	1.77597605
1.00000000	0.29032258	0.00000000	0.00000000	1.77967387
0.00000000	0.32258065	0.00000000	0.00000000	0.16274558
0.03225806	0.32258065	-0.00166327	0.01281888	0.16673958
0.06451613	0.32258065	-0.00349335	0.01333146	0.17918246
0.09677419	0.32258065	-0.00528708	0.01299761	0.20042096
0.12903226	0.32258065	-0.00701138	0.01247808	0.23017154
0.16129032	0.32258065	-0.00864504	0.01182053	0.26804552
0.19354839	0.32258065	-0.01017013	0.01103952	0.31356104
0.22580645	0.32258065	-0.01157170	0.01014887	0.36615681
0.25806452	0.32258065	-0.01283781	0.00916279	0.42520651
0.29032258	0.32258065	-0.01395926	0.00809543	0.49003265
0.32258065	0.32258065	-0.01492933	0.00696039	0.55991923
0.35483871	0.32258065	-0.01574333	0.00577041	0.63412263
0.38709677	0.32258065	-0.01639818	0.00453724	0.71188038
0.41935484	0.32258065	-0.01689195	0.00327155	0.79241787
0.45161290	0.32258065	-0.01722354	0.00198309	0.87495317
0.48387097	0.32258065	-0.01739231	0.00068087	0.95870005
0.51612903	0.32258065	-0.01739792	-0.00062655	1.04286991
0.54838710	0.32258065	-0.01724019	-0.00193078	1.12667281
0.58064516	0.32258065	-0.01691910	-0.00322323	1.20931830
0.61290323	0.32258065	-0.01643491	-0.00449477	1.29001651
0.64516129	0.32258065	-0.01578840	-0.00573553	1.36798002
0.67741935	0.32258065	-0.01498112	-0.00693461	1.44242700
0.70967742	0.32258065	-0.01401584	-0.00807999	1.51258604
0.74193548	0.32258065	-0.01289696	-0.00915857	1.57770307
0.77419355	0.32258065	-0.01163099	-0.01015633	1.63705041
0.80645161	0.32258065	-0.01022700	-0.01105862	1.68993805
0.83870968	0.32258065	-0.00869693	-0.01185069	1.73572678
0.87096774	0.32258065	-0.00705584	-0.01251818	1.77384276
0.90322581	0.32258065	-0.00532193	-0.01304593	1.80379253
0.93548387	0.32258065	-0.00351688	-0.01338539	1.82517766
0.96774194	0.32258065	-0.00167448	-0.01287221	1.83770783
1.00000000	0.32258065	0.00000000	0.00000000	1.84173003
0.00000000	0.35483871	0.00000000	0.00000000	0.09187661
0.03225806	0.35483871	-0.00181887	0.01464058	0.09624432
0.06451613	0.35483871	-0.00381859	0.01522027	0.10984772
0.09677419	0.35483871	-0.00577552	0.01482979	0.13305484
0.12903226	0.35483871	-0.00765236	0.01422497	0.16553812
0.16129032	0.35483871	-0.00942531	0.01346157	0.20685090
0.19354839	0.35483871	-0.01107477	0.01255768	0.25644318
0.22580645	0.35483871	-0.01258496	0.01153043	0.31367941
0.25806452	0.35483871	-0.01394384	0.01039722	0.37785683
0.29032258	0.35483871	-0.01514278	0.00917503	0.44822259
0.32258065	0.35483871	-0.01617601	0.00787989	0.52398903
0.35483871	0.35483871	-0.01704008	0.00652644	0.60434621
0.38709677	0.35483871	-0.01773323	0.00512781	0.68847151
0.41935484	0.35483871	-0.01825478	0.00369562	0.77553637
0.45161290	0.35483871	-0.01860463	0.00224015	0.86471034
0.48387097	0.35483871	-0.01878291	0.00077067	0.95516302
0.51612903	0.35483871	-0.01878963	-0.00070421	1.04606425
0.54838710	0.35483871	-0.01862459	-0.00217609	1.13658344
0.58064516	0.35483871	-0.01828736	-0.00363631	1.22588842
0.61290323	0.35483871	-0.01777741	-0.00507552	1.31314466
0.64516129	0.35483871	-0.01709442	-0.00648328	1.39751555
0.67741935	0.35483871	-0.01623864	-0.00784774	1.47816426
0.70967742	0.35483871	-0.01521143	-0.00915547	1.55425785
0.74193548	0.35483871	-0.01401589	-0.01039141	1.62497411
0.77419355	0.35483871	-0.01265745	-0.01153904	1.68951148
0.80645161	0.35483871	-0.01114456	-0.01258076	1.74710197
0.83870968	0.35483871	-0.00948920	-0.01349850	1.79702701
0.87096774	0.35483871	-0.00770726	-0.01427441	1.83863547
0.90322581	0.35483871	-0.00581868	-0.01488964	1.87136278
0.93548387	0.35483871	-0.00384778	-0.01528725	1.89474991
0.96774194	0.35483871	-0.00183279	-0.01470691	1.90846061
1.00000000	0.35483871	0.00000000	0.00000000	1.91286301
0.00000000	0.38709677	0.00000000	0.00000000	0.01113767
0.03225806	0.38709677	-0.00200079	0.01663749	0.01594232
0.06451613	0.38709677	-0.00419838	0.01728812	0.03090144
0.09677419	0.38709677	-0.00634471	0.01683138	0.05640458
0.12903226	0.38709677	-0.00839725	0.01612789	0.09206747
0.16129032	0.38709677	-0.01032908	0.01524295	0.13736943
0.19354839	0.38709677	-0.01211868	0.01419918	0.19167437
0.22580645	0.38709677	-0.01374953	0.01301795	0.25425426
0.25806452	0.38709677	-0.01520983	0.01172061	0.32431263
0.29032258	0.38709677	-0.01649199	0.01032760	0.40100606
0.32258065	0.38709677	-0.01759184	0.00885770	0.48346267
0.35483871	0.38709677	-0.01850776	0.00732764	0.57079656
0.38709677	0.38709677	-0.01923989	0.00575194	0.66211825
0.41935484	0.38709677	-0.01978929	0.00414295	0.75654111
0.45161290	0.38709677	-0.02015731	0.00251122	0.85318431
0.48387097	0.38709677	-0.02034507	0.00086587	0.95117298
0.51612903	0.38709677	-0.02035310	-0.00078488	1.04963620
0.54838710	0.38709677	-0.02018118	-0.00243306	1.14770379
0.58064516	0.38709677	-0.01982833	-0.00407041	1.24450262
0.61290323	0.38709677	-0.01929296	-0.00568771	1.33915330
0.64516129	0.38709677	-0.01857323	-0.00727431	1.43076815
0.67741935	0.38709677	-0.01766758	-0.00881760	1.51845122
0.70967742	0.38709677	-0.01657537	-0.01030274	1.60130118
0.74193548	0.38709677	-0.01529771	-0.01171256	1.67841786
0.77419355	0.38709677	-0.01383835	-0.01302766	1.74891282
0.80645161	0.38709677	-0.01220459	-0.01422687	1.81192431
0.83870968	0.38709677	-0.01040806	-0.01528800	1.86663640
0.87096774	0.38709677	-0.00846538	-0.01618872	1.91230153
0.90322581	0.38709677	-0.00639842	-0.01690542	1.94826516
0.93548387	0.38709677	-0.00423479	-0.01737128	1.97399070
0.96774194	0.38709677	-0.00201818	-0.01672000	1.98908261
1.00000000	0.38709677	0.00000000	0.00000000	1.99393021
0.00000000	0.41935484	0.00000000	0.00000000	-0.08045930
0.03225806	0.41935484	-0.00221378	0.01883897	-0.07514307
0.06451613	0.41935484	-0.00464235	0.01956420	-0.05859829
0.09677419	0.41935484	-0.00700840	0.01902867	-0.03041511
0.12903226	0.41935484	-0.00926289	0.01820935	0.00894839
0.16129032	0.41935484	-0.01137508	0.01718301	0.05887604
0.19354839	0.41935484	-0.01332135	0.01597813	0.11862212
0.22580645	0.41935484	-0.01508463	0.01462159	0.18734265
0.25806452	0.41935484	-0.01665396	0.01313969	0.26412584
0.29032258	0.41935484	-0.01802352	0.01155704	0.34801930
0.32258065	0.41935484	-0.01919158	0.00989566	0.43805236
0.35483871	0.41935484	-0.02015923	0.00817450	0.53325280
0.38709677	0.41935484	-0.02092928	0.00640934	0.63265781
0.41935484	0.41935484	-0.02150519	0.00461304	0.73531972
0.45161290	0.41935484	-0.02189026	0.00279593	0.84030720
0.48387097	0.41935484	-0.02208695	0.00096646	0.94670285
0.51612903	0.41935484	-0.02209652	-0.00086810	1.05359823
0.54838710	0.41935484	-0.02191871	-0.00270086	1.16008727
0.58064516	0.41935484	-0.02155182	-0.00452454	1.26525918
0.61290323	0.41935484	-0.02099285	-0.00633062	1.36819176
0.64516129	0.41935484	-0.02023797	-0.00810866	1.46794622
0.67741935	0.41935484	-0.01928308	-0.00984561	1.56356459
0.70967742	0.41935484	-0.01812475	-0.01152534	1.65407069
0.74193548	0.41935484	-0.01676123	-0.01312843	1.73847576
0.77419355	0.41935484	-0.01519367	-0.01463217	1.81578956
0.80645161	0.41935484	-0.01342738	-0.01601107	1.88503749
0.83870968	0.41935484	-0.01147307	-0.01723772	1.94528372
0.87096774	0.41935484	-0.00934781	-0.01828406	1.99565962
0.90322581	0.41935484	-0.00707561	-0.01912023	2.03539586
0.93548387	0.41935484	-0.00468802	-0.01966751	2.06385555
0.96774194	0.41935484	-0.00223563	-0.01894171	2.08056576
1.00000000	0.41935484	0.00000000	0.00000000	2.08593556
0.00000000	0.45161290	0.00000000	0.00000000	-0.18407133
0.03225806	0.45161290	-0.00246408	0.02127984	-0.17815388
0.06451613	0.45161290	-0.00516309	0.02208275	-0.15974798
0.09677419	0.45161290	-0.00778445	0.02145194	-0.12842695
0.12903226	0.45161290	-0.01027089	0.02049458	-0.08474627
0.16129032	0.45161290	-0.01258702	0.01930141	-0.02944671
0.19354839	0.45161290	-0.01470699	0.01790874	0.03658507
0.22580645	0.45161290	-0.01661370	0.01635057	0.11235860
0.25806452	0.45161290	-0.01829785	0.01465951	0.19681959
0.29032258	0.45161290	-0.01975657	0.01286523	0.28888428
0.32258065	0.45161290	-0.02099173	0.01099341	0.38746653
0.35483871	0.45161290	-0.02200831	0.00906535	0.49149675
0.38709677	0.45161290	-0.02281281	0.00709790	0.59993309
0.41935484	0.45161290	-0.02341193	0.00510393	0.71176565
0.45161290	0.45161290	-0.02381157	0.00309299	0.82601498
0.48387097	0.45161290	-0.02401598	0.00107213	0.94172615
0.51612903	0.45161290	-0.02402731	-0.00095312	1.05795975
0.54838710	0.45161290	-0.02384532	-0.00297776	1.17378095
0.58064516	0.45161290	-0.02346738	-0.00499626	1.28824796
0.61290323	0.45161290	-0.02288868	-0.00700157	1.40040093
0.64516129	0.45161290	-0.02210270	-0.00898409	1.50925261
0.67741935	0.45161290	-0.02110202	-0.01093082	1.61378203
0.70967742	0.45161290	-0.01987933	-0.01282460	1.71293253
0.74193548	0.45161290	-0.01842880	-0.01464365	1.80561567
0.77419355	0.45161290	-0.01674771	-0.01636152	1.89072231
0.80645161	0.45161290	-0.01483819	-0.01794748	1.96714189
0.83870968	0.45161290	-0.01270904	-0.01936757	2.03379029
0.87096774	0.45161290	-0.01037724	-0.02058619	2.08964578
0.90322581	0.45161290	-0.00786902	-0.02156521	2.13379108
0.93548387	0.45161290	-0.00522076	-0.02221127	2.16545816
0.96774194	0.45161290	-0.00249172	-0.02140803	2.18407163
1.00000000	0.45161290	0.00000000	0.00000000	2.19005639
0.00000000	0.48387097	0.00000000	0.00000000	-0.30105842
0.03225806	0.48387097	-0.00276002	0.02400207	-0.29443008
0.06451613	0.48387097	-0.00577732	0.02488458	-0.27382708
0.09677419	0.48387097	-0.00869632	0.02413648	-0.23881306
0.12903226	0.48387097	-0.01144924	0.02301193	-0.19007393
0.16129032	0.48387097	-0.01399510	0.02161912	-0.12851511
0.19354839	0.48387097	-0.01630590	0.02000482	-0.05520646
0.22580645	0.48387097	-0.01836532	0.01821246	0.02867514
0.25806452	0.48387097	-0.02016718	0.01628256	0.12189841
0.29032258	0.48387097	-0.02171316	0.01425093	0.22322116
0.32258065	0.48387097	-0.02301047	0.01214742	0.33142279
0.35483871	0.48387097	-0.02406948	0.00999558	0.44532518
0.38709677	0.48387097	-0.02490171	0.00781297	0.56380319
0.41935484	0.48387097	-0.02551817	0.00561180	0.68578618
0.45161290	0.48387097	-0.02592810	0.00339997	0.81025250
0.48387097	0.48387097	-0.02613807	0.00118220	0.93621872
0.51612903	0.48387097	-0.02615141	-0.00103876	1.06272535
0.54838710	0.48387097	-0.02596789	-0.00326079	1.18882039
0.58064516	0.48387097	-0.02558372	-0.00548118	1.31354211
0.61290323	0.48387097	-0.02499177	-0.00769531	1.43590238
0.64516129	0.48387097	-0.02418214	-0.00989532	1.55487183
0.67741935	0.48387097	-0.02314297	-0.01206898	1.66936840
0.70967742	0.48387097	-0.02186174	-0.01419857	1.77825108
0.74193548	0.48387097	-0.02032694	-0.01626006	1.88032071
0.77419355	0.48387097	-0.01853018	-0.01822279	1.97433002
0.80645161	0.48387097	-0.01646863	-0.02004975	2.05900457
0.83870968	0.48387097	-0.01414765	-0.02169868	2.13307610
0.87096774	0.48387097	-0.01158314	-0.02312408	2.19532776
0.90322581	0.48387097	-0.00880343	-0.02427672	2.24464963
0.93548387	0.48387097	-0.00585068	-0.02504481	2.28009981
0.96774194	0.48387097	-0.00279527	-0.02416248	2.30096532
1.00000000	0.48387097	0.00000000	0.00000000	2.30767893
0.00000000	0.51612903	0.00000000	0.00000000	-0.43302900
0.03225806	0.51612903	-0.00311290	0.02705717	-0.42555291
0.06451613	0.51612903	-0.00650756	0.02801906	-0.40233506
0.09677419	0.51612903	-0.00977526	0.02712387	-0.36294256
0.12903226	0.51612903	-0.01283471	0.02579337	-0.30823883
0.16129032	0.51612903	-0.01563826	0.02415808	-0.23935002
0.19354839	0.51612903	-0.01815618	0.02227897	-0.15758663
0.22580645	0.51612903	-0.02037452	0.02021186	-0.06436465
0.25806452	0.51612903	-0.02229237	0.01800736	0.03886402
0.29032258	0.51612903	-0.02391842	0.01570853	0.15066634
0.32258065	0.51612903	-0.02526751	0.01334974	0.26966625
0.35483871	0.51612903	-0.02635743	0.01095659	0.39456663
0.38709677	0.51612903	-0.02720638	0.00854659	0.52415750
0.41935484	0.51612903	-0.02783093	0.00613033	0.65731300
0.45161290	0.51612903	-0.02824460	0.00371290	0.79297999
0.48387097	0.51612903	-0.02845681	0.00129544	0.93016089
0.51612903	0.51612903	-0.02847237	-0.00112331	1.06789256
0.54838710	0.51612903	-0.02829110	-0.00354546	1.20522301
0.58064516	0.51612903	-0.02790782	-0.00597238	1.34118729
0.61290323	0.51612903	-0.02731256	-0.00840315	1.47478380
0.64516129	0.51612903	-0.02649112	-0.01083290	1.60495248
0.67741935	0.51612903	-0.02542598	-0.01325123	1.73055652
0.70967742	0.51612903	-0.02409772	-0.01564063	1.85036971
0.74193548	0.51612903	-0.02248704	-0.01797522	1.96307220
0.77419355	0.51612903	-0.02057743	-0.02021984	2.06725756
0.80645161	0.51612903	-0.01835852	-0.02233002	2.16145435
0.83870968	0.51612903	-0.01582979	-0.02425307	2.24416479
0.87096774	0.51612903	-0.01300432	-0.02593042	2.31392159
0.90322581	0.51612903	-0.00991194	-0.02729769	2.36936117
0.93548387	0.51612903	-0.00660169	-0.02821944	2.40930789
0.96774194	0.51612903	-0.00315827	-0.02725872	2.43286070
1.00000000	0.51612903	0.00000000	0.00000000	2.44044582
0.00000000	0.54838710	0.00000000	0.00000000	-0.58190155
0.03225806	0.54838710	-0.00353834	0.03050964	-0.57340325
0.06451613	0.54838710	-0.00738470	0.03154695	-0.54704032
0.09677419	0.54838710	-0.01106358	0.03046364	-0.50240638
0.12903226	0.54838710	-0.01447614	0.02887493	-0.44061090
0.16129032	0.54838710	-0.01756704	0.02694060	-0.36308030
0.19354839	0.54838710	-0.02030603	0.02474110	-0.27144483
0.22580645	0.54838710	-0.02268422	0.02234866	-0.16742921
0.25806452	0.54838710	-0.02470937	0.01982647	-0.05276079
0.29032258	0.54838710	-0.02640066	0.01722607	0.07089839
0.32258065	0.54838710	-0.02778370	0.01458642	0.20199473
0.35483871	0.54838710	-0.02888634	0.01193446	0.33910398
0.38709677	0.54838710	-0.02973545	0.00928648	0.48093431
0.41935484	0.54838710	-0.03035459	0.00665002	0.62631596
0.45161290	0.54838710	-0.03076253	0.00402585	0.77418158
0.48387097	0.54838710	-0.03097220	0.00140997	0.92354048
0.51612903	0.54838710	-0.03099017	-0.00120447	1.07344916
0.54838710	0.54838710	-0.03081633	-0.00382534	1.22297978
0.58064516	0.54838710	-0.03044390	-0.00645973	1.37118784
0.61290323	0.54838710	-0.02985953	-0.00911201	1.51708010
0.64516129	0.54838710	-0.02904380	-0.01178190	1.65958409
0.67741935	0.54838710	-0.02797212	-0.01446239	1.79752084
0.70967742	0.54838710	-0.02661612	-0.01713752	1.92958329
0.74193548	0.54838710	-0.02494606	-0.01978036	2.05432383
0.77419355	0.54838710	-0.02293399	-0.02235132	2.17015531
0.80645161	0.54838710	-0.02055823	-0.02479740	2.27537065
0.83870968	0.54838710	-0.01780866	-0.02705289	2.36818585
0.87096774	0.54838710	-0.01469248	-0.02904194	2.44681003
0.90322581	0.54838710	-0.01123956	-0.03067937	2.50954185
0.93548387	0.54838710	-0.00750674	-0.03179850	2.55488663
0.96774194	0.54838710	-0.00359740	-0.03076418	2.58168151
1.00000000	0.54838710	0.00000000	0.00000000	2.59032078
0.00000000	0.58064516	0.00000000	0.00000000	-0.74998998
0.03225806	0.58064516	-0.00405842	0.03444188	-0.74024188
0.06451613	0.58064516	-0.00845195	0.03554431	-0.71004566
0.09677419	0.58064516	-0.01261948	0.03421532	-0.65906132
0.12903226	0.58064516	-0.01643930	0.03229684	-0.58874618
0.16129032	0.58064516	-0.01984774	0.02998798	-0.50094164
0.19354839	0.58064516	-0.02281670	0.02739616	-0.39770740
0.22580645	0.58064516	-0.02534695	0.02461520	-0.28116886
0.25806452	0.58064516	-0.02746022	0.02172380	-0.15339682
0.29032258	0.58064516	-0.02919115	0.01878287	-0.01632551
0.32258065	0.58064516	-0.03058030	0.01583543	0.12829294
0.35483871	0.58064516	-0.03166879	0.01290834	0.27890410
0.38709677	0.58064516	-0.03249447	0.01001485	0.43414461
0.41935484	0.58064516	-0.03308946	0.00715742	0.59282048
0.45161290	0.58064516	-0.03347874	0.00433051	0.75387588
0.48387097	0.58064516	-0.03367930	0.00152307	0.91635651
0.51612903	0.58064516	-0.03369976	-0.00127918	1.07937003
0.54838710	0.58064516	-0.03354016	-0.00409173	1.24204509
0.58064516	0.58064516	-0.03319191	-0.00692919	1.40348965
0.61290323	0.58064516	-0.03263785	-0.00980324	1.56274938
0.64516129	0.58064516	-0.03185245	-0.01272032	1.71876665
0.67741935	0.58064516	-0.03080255	-0.01567891	1.87034193
0.70967742	0.58064516	-0.02944860	-0.01866670	2.01609974
0.74193548	0.58064516	-0.02774707	-0.02165736	2.15446373
0.77419355	0.58064516	-0.02565424	-0.02460767	2.28364650
0.80645161	0.58064516	-0.02313176	-0.02745536	2.40166230
0.83870968	0.58064516	-0.02015413	-0.03011883	2.50637108
0.87096774	0.58064516	-0.01671748	-0.03249953	2.59556194
0.90322581	0.58064516	-0.01284847	-0.03448344	2.66707911
0.93548387	0.58064516	-0.00861219	-0.03586161	2.71898524
0.96774194	0.58064516	-0.00413637	-0.03476547	2.74974549
1.00000000	0.58064516	0.00000000	0.00000000	2.75967834
0.00000000	0.61290323	0.00000000	0.00000000	-0.94012439
0.03225806	0.61290323	-0.00470511	0.03896159	-0.92882186
0.06451613	0.61290323	-0.00977107	0.04010801	-0.89387718
0.09677419	0.61290323	-0.01452451	0.03845100	-0.83508549
0.12903226	0.61290323	-0.01881391	0.03610320	-0.75440694
0.16129032	0.61290323	-0.02256791	0.03331801	-0.65426597
0.19354839	0.61290323	-0.02576608	0.03024032	-0.53730463
0.22580645	0.61290323	-0.02842667	0.02699219	-0.40616956
0.25806452	0.61290323	-0.03059341	0.02367067	-0.26335706
0.29032258	0.61290323	-0.03232340	0.02034616	-0.11111917
0.32258065	0.61290323	-0.03367756	0.01706408	0.04857781
0.35483871	0.61290323	-0.03471406	0.01384863	0.21405587
0.38709677	0.61290323	-0.03548417	0.01070715	0.38390186
0.41935484	0.61290323	-0.03603005	0.00763430	0.55692874
0.45161290	0.61290323	-0.03638368	0.00461569	0.73212885
0.48387097	0.61290323	-0.03656651	0.00163099	0.90862384
0.51612903	0.61290323	-0.03658941	-0.00134361	1.08561355
0.54838710	0.61290323	-0.03645263	-0.00433319	1.26232474
0.58064516	0.61290323	-0.03614575	-0.00736204	1.43795951
0.61290323	0.61290323	-0.03564749	-0.01045147	1.61164331
0.64516129	0.61290323	-0.03492561	-0.01361720	1.78237208
0.67741935	0.61290323	-0.03393703	-0.01686625	1.94895962
0.70967742	0.61290323	-0.03262866	-0.02019300	2.10998709
0.74193548	0.61290323	-0.03093940	-0.02357473	2.26375947
0.77419355	0.61290323	-0.02880413	-0.02696664	2.40827654
0.80645161	0.61290323	-0.02616044	-0.03029751	2.54122983
0.83870968	0.61290323	-0.02295864	-0.03346718	2.66003998
0.87096774	0.61290323	-0.01917494	-0.03634761	2.76195026
0.90322581	0.61290323	-0.01482626	-0.03878467	2.84418757
0.93548387	0.61290323	-0.00998473	-0.04051061	2.90419028
0.96774194	0.61290323	-0.00480977	-0.03937638	2.93988272
1.00000000	0.61290323	0.00000000	0.00000000	2.95143134
0.00000000	0.64516129	0.00000000	0.00000000	-1.15582611
0.03225806	0.64516129	-0.00552605	0.04421296	-1.14254966
0.06451613	0.64516129	-0.01143262	0.04536371	-1.10160645
0.09677419	0.64516129	-0.01689521	0.04325818	-1.03304734
0.12903226	0.64516129	-0.02172403	0.04034025	-0.93957723
0.16129032	0.64516129	-0.02584392	0.03694015	-0.82445342
0.19354839	0.64516129	-0.02925303	0.03325492	-0.69111392
0.22580645	0.64516129	-0.03200023	0.02944255	-0.54288186
0.25806452	0.64516129	-0.03416337	0.02562054	-0.38277305
0.29032258	0.64516129	-0.03583148	0.02186702	-0.21339899
0.32258065	0.64516129	-0.03709249	0.01822609	-0.03694269
0.35483871	0.64516129	-0.03802572	0.01471495	0.14481767
0.38709677	0.64516129	-0.03869811	0.01133084	0.33045793
0.41935484	0.64516129	-0.03916289	0.00805692	0.51884475
0.45161290	0.64516129	-0.03945940	0.00486697	0.70906876
0.48387097	0.64516129	-0.03961364	0.00172880	0.90037868
0.51612903	0.64516129	-0.03963873	-0.00139306	1.09211783
0.54838710	0.64516129	-0.03953521	-0.00453538	1.28366258
0.58064516	0.64516129	-0.03929097	-0.00773433	1.47436127
0.61290323	0.64516129	-0.03888076	-0.01102339	1.66347185
0.64516129	0.64516129	-0.03826547	-0.01443078	1.85009653
0.67741935	0.64516129	-0.03739131	-0.01797587	2.03311282
0.70967742	0.64516129	-0.03618962	-0.02166434	2.21110206
0.74193548	0.64516129	-0.03457773	-0.02548191	2.38227956
0.77419355	0.64516129	-0.03246243	-0.02938663	2.54443541
0.80645161	0.64516129	-0.02974723	-0.03330085	2.69490108
0.83870968	0.64516129	-0.02634507	-0.03710434	2.83056460
0.87096774	0.64516129	-0.02219748	-0.04063192	2.94796269
0.90322581	0.64516129	-0.01729883	-0.04367366	3.04347770
0.93548387	0.64516129	-0.01172290	-0.04587812	3.11365261
0.96774194	0.64516129	-0.00566960	-0.04475021	3.15560561
1.00000000	0.64516129	0.00000000	0.00000000	3.16921656
0.00000000	0.67741935	0.00000000	0.00000000	-1.40156920
0.03225806	0.67741935	-0.00659464	0.05039423	-1.38572207
0.06451613	0.67741935	-0.01357313	0.05147718	-1.33702095
0.09677419	0.67741935	-0.01990157	0.04874242	-1.25598884
0.12903226	0.67741935	-0.02534317	0.04505192	-1.14646369
0.16129032	0.67741935	-0.02983072	0.04084702	-1.01291208
0.19354839	0.67741935	-0.03340189	0.03639664	-0.85986449
0.22580645	0.67741935	-0.03615786	0.03190253	-0.69151336
0.25806452	0.67741935	-0.03822834	0.02750193	-0.51149122
0.29032258	0.67741935	-0.03974667	0.02327529	-0.32279328
0.32258065	0.67741935	-0.04083521	0.01925832	-0.12779560
0.35483871	0.67741935	-0.04159820	0.01545425	0.07167430
0.38709677	0.67741935	-0.04211967	0.01184433	0.27424455
0.41935484	0.67741935	-0.04246398	0.00839559	0.47890239
0.45161290	0.67741935	-0.04267740	0.00506645	0.68490267
0.48387097	0.67741935	-0.04278993	0.00181032	0.89168473
0.51612903	0.67741935	-0.04281667	-0.00142204	1.09879695
0.54838710	0.67741935	-0.04275852	-0.00468095	1.30582636
0.58064516	0.67741935	-0.04260216	-0.00801650	1.51232989
0.61290323	0.67741935	-0.04231913	-0.01147698	1.71776328
0.64516129	0.67741935	-0.04186417	-0.01510666	1.92140390
0.67741935	0.67741935	-0.04117313	-0.01894210	2.12226442
0.70967742	0.67741935	-0.04016076	-0.02300659	2.31899606
0.74193548	0.67741935	-0.03871947	-0.02730192	2.50978366
0.77419355	0.67741935	-0.03672065	-0.03179715	2.69224095
0.80645161	0.67741935	-0.03402096	-0.03641488	2.86332425
0.83870968	0.67741935	-0.03047696	-0.04101694	3.01929705
0.87096774	0.67741935	-0.02597120	-0.04539386	3.15579305
0.90322581	0.67741935	-0.02045099	-0.04925926	3.26803597
0.93548387	0.67741935	-0.01397663	-0.05213985	3.35126395
0.96774194	0.67741935	-0.00679688	-0.05109929	3.40135992
1.00000000	0.67741935	0.00000000	0.00000000	3.41767323
0.00000000	0.70967742	0.00000000	0.00000000	-1.68318424
0.03225806	0.70967742	-0.00802865	0.05778610	-1.66388496
0.06451613	0.70967742	-0.01640515	0.05867065	-1.60486395
0.09677419	0.70967742	-0.02379699	0.05502823	-1.50751840
0.12903226	0.70967742	-0.02991649	0.05026941	-1.37746110
0.16129032	0.70967742	-0.03473391	0.04499888	-1.22093993
0.19354839	0.70967742	-0.03836593	0.03958207	-1.04398108
0.22580645	0.70967742	-0.04100100	0.03426900	-0.85186882
0.25806452	0.70967742	-0.04284544	0.02920936	-0.64892999
0.29032258	0.70967742	-0.04409167	0.02447390	-0.43852540
0.32258065	0.70967742	-0.04490348	0.02007762	-0.22315339
0.35483871	0.70967742	-0.04541219	0.01599942	-0.00459792
0.38709677	0.70967742	-0.04571840	0.01219663	0.21591827
0.41935484	0.70967742	-0.04589596	0.00861466	0.43759452
0.45161290	0.70967742	-0.04599630	0.00519292	0.65993316
0.48387097	0.70967742	-0.04605202	0.00186807	0.88263971
0.51612903	0.70967742	-0.04607948	-0.00142447	1.10553796
0.54838710	0.70967742	-0.04608003	-0.00474989	1.32849438
0.58064516	0.70967742	-0.04604003	-0.00817372	1.55134553
0.61290323	0.70967742	-0.04592941	-0.01176138	1.77382207
0.64516129	0.70967742	-0.04569896	-0.01557678	1.99546272
0.67741935	0.70967742	-0.04527629	-0.01967928	2.21551188
0.70967742	0.70967742	-0.04456083	-0.02411801	2.43279546
0.74193548	0.70967742	-0.04341875	-0.02892203	2.64557239
0.77419355	0.70967742	-0.04167973	-0.03408516	2.85136612
0.80645161	0.70967742	-0.03913900	-0.03954454	3.04679334
0.83870968	0.70967742	-0.03557062	-0.04515411	3.22743007
0.87096774	0.70967742	-0.03075955	-0.05065790	3.38778784
0.90322581	0.70967742	-0.02456009	-0.05566824	3.52150888
0.93548387	0.70967742	-0.01698196	-0.05953223	3.62190389
0.96774194	0.70967742	-0.00832345	-0.05872685	3.68290601
1.00000000	0.70967742	0.00000000	0.00000000	3.70287590
0.00000000	0.74193548	0.00000000	0.00000000	-2.00850840
0.03225806	0.74193548	-0.01002629	0.06679938	-1.98439494
0.06451613	0.74193548	-0.02027186	0.06724554	-1.91117371
0.09677419	0.74193548	-0.02896743	0.06225377	-1.79189520
0.12903226	0.74193548	-0.03579201	0.05598885	-1.63503938
0.16129032	0.74193548	-0.04082252	0.04929647	-1.44950349
0.19354839	0.74193548	-0.04432694	0.04266373	-1.24333199
0.22580645	0.74193548	-0.04663475	0.03638205	-1.02311710
0.25806452	0.74193548	-0.04806076	0.03059261	-0.79388872
0.29032258	0.74193548	-0.04887108	0.02533334	-0.55926958
0.32258065	0.74193548	-0.04927484	0.02057884	-0.32173182
0.35483871	0.74193548	-0.04942868	0.01626918	-0.08286238
0.38709677	0.74193548	-0.04944577	0.01232810	0.15640458
0.41935484	0.74193548	-0.04940517	0.00867350	0.39559981
0.45161290	0.74193548	-0.04935981	0.00522251	0.63457317
0.48387097	0.74193548	-0.04934238	0.00189350	0.87338130
0.51612903	0.74193548	-0.04936920	-0.00139403	1.11219911
0.54838710	0.74193548	-0.04944210	-0.00472041	1.35124507
0.58064516	0.74193548	-0.04954850	-0.00816712	1.59071134
0.61290323	0.74193548	-0.04965951	-0.01181805	1.83068935
0.64516129	0.74193548	-0.04972598	-0.01575978	2.07108138
0.67741935	0.74193548	-0.04967225	-0.02008024	2.31148746
0.70967742	0.74193548	-0.04938750	-0.02486415	2.55105627
0.74193548	0.74193548	-0.04871497	-0.03018303	2.78828902
0.77419355	0.74193548	-0.04744051	-0.03607690	3.02078972
0.80645161	0.74193548	-0.04528471	-0.04252400	3.24496910
0.83870968	0.74193548	-0.04190697	-0.04939640	3.45573951
0.87096774	0.74193548	-0.03693651	-0.05640440	3.64629585
0.90322581	0.74193548	-0.03005138	-0.06303685	3.80816346
0.93548387	0.74193548	-0.02112499	-0.06837650	3.93178428
0.96774194	0.74193548	-0.01047542	-0.06808126	4.00791772
1.00000000	0.74193548	0.00000000	0.00000000	4.03303578
0.00000000	0.77419355	0.00000000	0.00000000	-2.38848548
0.03225806	0.77419355	-0.01294171	0.07805797	-2.35733396
0.06451613	0.77419355	-0.02575032	0.07761180	-2.26375756
0.09677419	0.77419355	-0.03601204	0.07054838	-2.11404974
0.12903226	0.77419355	-0.04346176	0.06212451	-1.92146417
0.16129032	0.77419355	-0.04843721	0.05353381	-1.69883650
0.19354839	0.77419355	-0.05148454	0.04539431	-1.45683216
0.22580645	0.77419355	-0.05315028	0.03800284	-1.20346203
0.25806452	0.77419355	-0.05389177	0.03144571	-0.94430361
0.29032258	0.77419355	-0.05405705	0.02568799	-0.68298418
0.32258065	0.77419355	-0.05389612	0.02063522	-0.42168359
0.35483871	0.77419355	-0.05358192	0.01617035	-0.16155851
0.38709677	0.77419355	-0.05323080	0.01217312	0.09693384
0.41935484	0.77419355	-0.05291912	0.00852871	0.35380191
0.45161290	0.77419355	-0.05269538	0.00513014	0.60935562
0.48387097	0.77419355	-0.05258848	0.00187745	0.86409158
0.51612903	0.77419355	-0.05261281	-0.00132476	1.11861048
0.54838710	0.77419355	-0.05277065	-0.00457058	1.37355274
0.58064516	0.77419355	-0.05305236	-0.00795631	1.62954039
0.61290323	0.77419355	-0.05343415	-0.01158391	1.88711388
0.64516129	0.77419355	-0.05387317	-0.01556405	2.14665179
0.67741935	0.77419355	-0.05429919	-0.02001776	2.40825843
0.70967742	0.77419355	-0.05460196	-0.02507530	2.67160078
0.74193548	0.77419355	-0.05461309	-0.03086903	2.93567111
0.77419355	0.77419355	-0.05408260	-0.03751541	3.19844921
0.80645161	0.77419355	-0.05265235	-0.04507809	3.45644389
0.83870968	0.77419355	-0.04983604	-0.05350233	3.70412244
0.87096774	0.77419355	-0.04502840	-0.06251350	3.93331555
0.90322581	0.77419355	-0.03758850	-0.07147976	4.13284912
0.93548387	0.77419355	-0.02706465	-0.07910819	4.28891650
0.96774194	0.77419355	-0.01366686	-0.07985186	4.38695910
1.00000000	0.77419355	0.00000000	0.00000000	4.41969649
0.00000000	0.80645161	0.00000000	0.00000000	-2.83914670
0.03225806	0.80645161	-0.01745564	0.09254971	-2.79706641
0.06451613	0.80645161	-0.03385378	0.09031588	-2.67282244
0.09677419	0.80645161	-0.04587251	0.07996521	-2.47939179
0.12903226	0.80645161	-0.05360580	0.06841402	-2.23817560
0.16129032	0.80645161	-0.05797985	0.05731926	-1.96773271
0.19354839	0.80645161	-0.06002353	0.04737682	-1.68183822
0.22580645	0.80645161	-0.06058985	0.03878929	-1.38969994
0.25806452	0.80645161	-0.06029878	0.03149939	-1.09695806
0.29032258	0.80645161	-0.05956897	0.02533768	-0.80673946
0.32258065	0.80645161	-0.05867041	0.02010372	-0.52050567
0.35483871	0.80645161	-0.05777183	0.01560387	-0.23865803
0.38709677	0.80645161	-0.05697615	0.01166531	0.03905806
0.41935484	0.80645161	-0.05634487	0.00813807	0.31329360
0.45161290	0.80645161	-0.05591383	0.00489188	0.58493389
0.48387097	0.80645161	-0.05570310	0.00181093	0.85499832
0.51612903	0.80645161	-0.05572263	-0.00121187	1.12457793
0.54838710	0.80645161	-0.05597506	-0.00428085	1.39479319
0.58064516	0.80645161	-0.05645586	-0.00750362	1.66675898
0.61290323	0.80645161	-0.05715128	-0.01099725	1.94154485
0.64516129	0.80645161	-0.05803306	-0.01489474	2.22011749
0.67741935	0.80645161	-0.05904911	-0.01935146	2.50324785
0.70967742	0.80645161	-0.06010773	-0.02455026	2.79135739
0.74193548	0.80645161	-0.06105252	-0.03070239	3.08426567
0.77419355	0.80645161	-0.06162410	-0.03803764	3.38078468
0.80645161	0.80645161	-0.06140571	-0.04677056	3.67808923
0.83870968	0.80645161	-0.05975607	-0.05702037	3.97079401
0.87096774	0.80645161	-0.05575250	-0.06865196	4.24973256
0.90322581	0.80645161	-0.04821536	-0.08100061	4.50066331
0.93548387	0.80645161	-0.03597609	-0.09229814	4.70368734
0.96774194	0.80645161	-0.01871986	-0.09514592	4.83514351
1.00000000	0.80645161	0.00000000	0.00000000	4.87990322
0.00000000	0.83870968	0.00000000	0.00000000	-3.38546837
0.03225806	0.83870968	-0.02499802	0.11191177	-3.32502885
0.06451613	0.83870968	-0.04643739	0.10602867	-3.15167863
0.09677419	0.83870968	-0.06002090	0.09030041	-2.89302462
0.12903226	0.83870968	-0.06710633	0.07423186	-2.58448669
0.16129032	0.83870968	-0.06984940	0.05995155	-2.25234647
0.19354839	0.83870968	-0.07003613	0.04800432	-1.91327541
0.22580645	0.83870968	-0.06888281	0.03827810	-1.57667341
0.25806452	0.83870968	-0.06714037	0.03042484	-1.24718296
0.29032258	0.83870968	-0.06524536	0.02405962	-0.92657740
0.32258065	0.83870968	-0.06344034	0.01883808	-0.61499110
0.35483871	0.83870968	-0.06185434	0.01447609	-0.31166316
0.38709677	0.83870968	-0.06055257	0.01074617	-0.01536605
0.41935484	0.83870968	-0.05956579	0.00746639	0.27535717
0.45161290	0.83870968	-0.05890734	0.00448836	0.56206795
0.48387097	0.83870968	-0.05858273	0.00168625	0.84637142
0.51612903	0.83870968	-0.05859482	-0.00105280	1.12989132
0.54838710	0.83870968	-0.05894627	-0.00383735	1.41426323
0.58064516	0.83870968	-0.05963990	-0.00678009	1.70113437
0.61290323	0.83870968	-0.06067712	-0.01000672	1.99216053
0.64516129	0.83870968	-0.06205370	-0.01366622	2.28898868
0.67741935	0.83870968	-0.06375138	-0.01794310	2.59320888
0.70967742	0.83870968	-0.06572213	-0.02307190	2.90624770
0.74193548	0.83870968	-0.06785981	-0.02935267	3.22915481
0.77419355	0.83870968	-0.06995000	-0.03716223	3.56219964
0.80645161	0.83870968	-0.07158444	-0.04694613	3.90413981
0.83870968	0.83870968	-0.07202366	-0.05915554	4.25095045
0.87096774	0.83870968	-0.07000358	-0.07405422	4.59375400
0.90322581	0.83870968	-0.06354507	-0.09125619	4.91582515
0.93548387	0.83870968	-0.05003428	-0.10860370	5.18934400
0.96774194	0.83870968	-0.02742813	-0.11582795	5.37507063
1.00000000	0.83870968	0.00000000	0.00000000	5.44044186
0.00000000	0.87096774	0.00000000	0.00000000	-4.06967028
0.03225806	0.87096774	-0.03889345	0.13898711	-3.97502273
0.06451613	0.87096774	-0.06698022	0.12533877	-3.71698088
0.09677419	0.87096774	-0.08062329	0.10063416	-3.35742146
0.12903226	0.87096774	-0.08488907	0.07824253	-2.95499237
0.16129032	0.87096774	-0.08420829	0.06024907	-2.54427753
0.19354839	0.87096774	-0.08131733	0.04641023	-2.14249510
0.22580645	0.87096774	-0.07769044	0.03589354	-1.75670070
0.25806452	0.87096774	-0.07405796	0.02786195	-1.38863338
0.29032258	0.87096774	-0.07075364	0.02163766	-1.03747114
0.32258065	0.87096774	-0.06791193	0.01671270	-0.70127020
0.35483871	0.87096774	-0.06557240	0.01271610	-0.37767442
0.38709677	0.87096774	-0.06373300	0.00937676	-0.06424339
0.41935484	0.87096774	-0.06237673	0.00649285	0.24141243
0.45161290	0.87096774	-0.06148479	0.00390882	0.54159235
0.48387097	0.87096774	-0.06104290	0.00149842	0.83851290
0.51612903	0.87096774	-0.06104437	-0.00084832	1.13433763
0.54838710	0.87096774	-0.06149148	-0.00323578	1.43121729
0.58064516	0.87096774	-0.06239592	-0.00577278	1.73133440
0.61290323	0.87096774	-0.06377848	-0.00858345	2.03694772
0.64516129	0.87096774	-0.06566733	-0.01182048	2.35043156
0.67741935	0.87096774	-0.06809367	-0.01568303	2.67430003
0.70967742	0.87096774	-0.07108142	-0.02044184	3.01119525
0.74193548	0.87096774	-0.07462464	-0.02647453	3.36379555
0.77419355	0.87096774	-0.07863925	-0.03431302	3.73455134
0.80645161	0.87096774	-0.08286227	-0.04469690	4.12506006
0.83870968	0.87096774	-0.08664856	-0.05860123	4.53470555
0.87096774	0.87096774	-0.08858169	-0.07713055	4.95786322
0.90322581	0.87096774	-0.08581052	-0.10096992	5.37854865
0.93548387	0.87096774	-0.07324162	-0.12841509	5.76146993
0.96774194	0.87096774	-0.04404525	-0.14518021	6.04219260
1.00000000	0.87096774	0.00000000	0.00000000	6.14685542
0.00000000	0.90322581	0.00000000	0.00000000	-4.97146953
0.03225806	0.90322581	-0.06750895	0.17889199	-4.80393328
0.06451613	0.90322581	-0.10134709	0.14775852	-4.38620313
0.09677419	0.90322581	-0.10954122	0.10820928	-3.86632627
0.12903226	0.90322581	-0.10640538	0.07781687	-3.33473768
0.16129032	0.90322581	-0.09948186	0.05637981	-2.82782433
0.19354839	0.90322581	-0.09198944	0.04148648	-2.35604846
0.22580645	0.90322581	-0.08512703	0.03101874	-1.91919486
0.25806452	0.90322581	-0.07924950	0.02348805	-1.51329855
0.29032258	0.90322581	-0.07438642	0.01791361	-1.13347914
0.32258065	0.90322581	-0.07045741	0.01365685	-0.77499261
0.35483871	0.90322581	-0.06735783	0.01029716	-0.43355245
0.38709677	0.90322581	-0.06499087	0.00755050	-0.10536636
0.41935484	0.90322581	-0.06327806	0.00521818	0.21292933
0.45161290	0.90322581	-0.06216168	0.00315453	0.52436575
0.48387097	0.90322581	-0.06160432	0.00124584	0.83174170
0.51612903	0.90322581	-0.06158808	-0.00060422	1.13772056
0.54838710	0.90322581	-0.06211411	-0.00248581	1.44492385
0.58064516	0.90322581	-0.06320309	-0.00449310	1.75602452
0.61290323	0.90322581	-0.06489652	-0.00673531	2.07384433
0.64516129	0.90322581	-0.06725893	-0.00935103	2.40145943
0.67741935	0.90322581	-0.07038061	-0.01252902	2.74231743
0.70967742	0.90322581	-0.07437907	-0.01654093	3.10036391
0.74193548	0.90322581	-0.07939533	-0.02179485	3.48016268
0.77419355	0.90322581	-0.08557350	-0.02892461	3.88695662
0.80645161	0.90322581	-0.09299402	-0.03893682	4.32651741
0.83870968	0.90322581	-0.10148431	-0.05343613	4.80438002
0.87096774	0.90322581	-0.11011580	-0.07489226	5.32342093
0.90322581	0.90322581	-0.11593723	-0.10659627	5.87718581
0.93548387	0.90322581	-0.11107285	-0.15036899	6.43293079
0.96774194	0.90322581	-0.07806825	-0.18906958	6.89458691
1.00000000	0.90322581	0.00000000	0.00000000	7.08436774
0.00000000	0.93548387	0.00000000	0.00000000	-6.26429358
0.03225806	0.93548387	-0.12510908	0.24033421	-5.91439983
0.06451613	0.93548387	-0.14207925	0.16737105	-5.16273759
0.09677419	0.93548387	-0.12712680	0.10569246	-4.38939804
0.12903226	0.93548387	-0.10773480	0.06818318	-3.69074504
0.16129032	0.93548387	-0.09072765	0.04583314	-3.07659826
0.19354839	0.93548387	-0.07709977	0.03205540	-2.53481937
0.22580645	0.93548387	-0.06644861	0.02315362	-2.05077623
0.25806452	0.93548387	-0.05816988	0.01712135	-1.61188872
0.29032258	0.93548387	-0.05174229	0.01284557	-1.20813685
0.32258065	0.93548387	-0.04676851	0.00968412	-0.83164256
0.35483871	0.93548387	-0.04295830	0.00724957	-0.47614668
0.38709677	0.93548387	-0.04010387	0.00529700	-0.13656793
0.41935484	0.93548387	-0.03805929	0.00366366	0.19133677
0.45161290	0.93548387	-0.03672574	0.00223508	0.51123074
0.48387097	0.93548387	-0.03604158	0.00092481	0.82639848
0.51612903	0.93548387	-0.03597644	-0.00033853	1.13990978
0.54838710	0.93548387	-0.03652836	-0.00162076	1.45476358
0.58064516	0.93548387	-0.03772383	-0.00299038	1.77402584
0.61290323	0.93548387	-0.03962062	-0.00452761	2.10097529
0.64516129	0.93548387	-0.04231403	-0.00633638	2.43927232
0.67741935	0.93548387	-0.04594752	-0.00856290	2.79317028
0.70967742	0.93548387	-0.05072922	-0.01142713	3.16779531
0.74193548	0.93548387	-0.05695640	-0.01528011	3.56953069
0.77419355	0.93548387	-0.06504829	-0.02071433	4.00655069
0.80645161	0.93548387	-0.07557946	-0.02878610	4.48954049
0.83870968	0.93548387	-0.08926942	-0.04147947	5.03254113
0.87096774	0.93548387	-0.10674528	-0.06267765	5.65340499
0.90322581	0.93548387	-0.12737559	-0.10001288	6.37152645
0.93548387	0.93548387	-0.14457356	-0.16628408	7.19285014
0.96774194	0.93548387	-0.12905661	-0.25625307	8.03133034
1.00000000	0.93548387	0.00000000	0.00000000	8.43423957
0.00000000	0.96774194	0.00000000	0.00000000	-8.36803750
0.03225806	0.96774194	0.13760500	0.32097126	-7.46601004
0.06451613	0.96774194	0.24033422	0.14977625	-5.93190165
0.09677419	0.96774194	0.30497606	0.07386483	-4.81862807
0.12903226	0.96774194	0.34602669	0.04141773	-3.95266551
0.16129032	0.96774194	0.37315925	0.02574480	-3.24782916
0.19354839	0.96774194	0.39185983	0.01720745	-2.65277405
0.22580645	0.96774194	0.40521467	0.01208885	-2.13521874
0.25806452	0.96774194	0.41501346	0.00878173	-1.67398456
0.29032258	0.96774194	0.42233602	0.00651224	-1.25455668
0.32258065	0.96774194	0.42785904	0.00487288	-0.86655381
0.35483871	0.96774194	0.43202014	0.00363253	-0.50224030
0.38709677	0.96774194	0.43510861	0.00265149	-0.15561586
0.41935484	0.96774194	0.43731714	0.00184005	0.17816644
0.45161290	0.96774194	0.43877227	0.00113682	0.50319114
0.48387097	0.96774194	0.43955223	0.00049654	0.82305874
0.51612903	0.96774194	0.43969709	-0.00011743	1.14109884
0.54838710	0.96774194	0.43921369	-0.00073842	1.46054940
0.58064516	0.96774194	0.43807632	-0.00140084	1.78472529
0.61290323	0.96774194	0.43622331	-0.00214511	2.11719762
0.64516129	0.96774194	0.43354871	-0.00302413	2.46200777
0.67741935	0.96774194	0.42988692	-0.00411384	2.82394945
0.70967742	0.96774194	0.42498580	-0.00553206	3.20897164
0.74193548	0.96774194	0.41845978	-0.00747579	3.62479423
0.77419355	0.96774194	0.40970568	-0.01030156	4.08190914
0.80645161	0.96774194	0.39774544	-0.01471569	4.59531276
0.83870968	0.96774194	0.38091957	-0.02227032	5.18770832
0.87096774	0.96774194	0.35626597	-0.03678611	5.89584301
0.90322581	0.96774194	0.31824191	-0.06876800	6.78376934
0.93548387	0.96774194	0.25625308	-0.14868798	7.96937064
0.96774194	0.96774194	0.15195783	-0.33364315	9.64524441
1.00000000	0.96774194	0.00000000	0.00000000	10.63470481
0.00000000	1.00000000	1.00000000	0.00000000	-9.69747261
0.03225806	1.00000000	1.00000000	0.00000000	-8.37534334
0.06451613	1.00000000	1.00000000	0.00000000	-6.28720671
0.09677419	1.00000000	1.00000000	0.00000000	-4.98876406
0.12903226	1.00000000	1.00000000	0.00000000	-4.04810011
0.16129032	1.00000000	1.00000000	0.00000000	-3.30744558
0.19354839	1.00000000	1.00000000	0.00000000	-2.69279967
0.22580645	1.00000000	1.00000000	0.00000000	-2.16343213
0.25806452	1.00000000	1.00000000	0.00000000	-1.69452650
0.29032258	1.00000000	1.00000000	0.00000000	-1.26981020
0.32258065	1.00000000	1.00000000	0.00000000	-0.87797157
0.35483871	1.00000000	1.00000000	0.00000000	-0.51074466
0.38709677	1.00000000	1.00000000	0.00000000	-0.16180703
0.41935484	1.00000000	1.00000000	0.00000000	0.17389616
0.45161290	1.00000000	1.00000000	0.00000000	0.50059253
0.48387097	1.00000000	1.00000000	0.00000000	0.82198885
0.51612903	1.00000000	1.00000000	0.00000000	1.14150157
0.54838710	1.00000000	1.00000000	0.00000000	1.46244843
0.58064516	1.00000000	1.00000000	0.00000000	1.78822771
0.61290323	1.00000000	1.00000000	0.00000000	2.12250937
0.64516129	1.00000000	1.00000000	0.00000000	2.46946536
0.67741935	1.00000000	1.00000000	0.00000000	2.83407811
0.70967742	1.00000000	1.00000000	0.00000000	3.22259121
0.74193548	1.00000000	1.00000000	0.00000000	3.64322018
0.77419355	1.00000000	1.00000000	0.00000000	4.10735986
0.80645161	1.00000000	1.00000000	0.00000000	4.63180721
0.83870968	1.00000000	1.00000000	0.00000000	5.24324221
0.87096774	1.00000000	1.00000000	0.00000000	5.98820030
0.90322581	1.00000000	1.00000000	0.00000000	6.95742246
0.93548387	1.00000000	1.00000000	0.00000000	8.34770218
0.96774194	1.00000000	1.00000000	0.00000000	10.60399738
1.00000000	1.00000000	1.00000000	0.00000000	12.02588313
