VARIABLES="X","Y","U","V","P"
ZONE  F=POINT
I=32, J=32
0.00000000	0.00000000	0.00000000	0.00000000	1.01316008
0.03225806	0.00000000	0.00000000	0.00000000	1.01305782
0.06451613	0.00000000	0.00000000	0.00000000	1.01277241
0.09677419	0.00000000	0.00000000	0.00000000	1.01238661
0.12903226	0.00000000	0.00000000	0.00000000	1.01200459
0.16129032	0.00000000	0.00000000	0.00000000	1.01169488
0.19354839	0.00000000	0.00000000	0.00000000	1.01149730
0.22580645	0.00000000	0.00000000	0.00000000	1.01143270
0.25806452	0.00000000	0.00000000	0.00000000	1.01151076
0.29032258	0.00000000	0.00000000	0.00000000	1.01173496
0.32258065	0.00000000	0.00000000	0.00000000	1.01210520
0.35483871	0.00000000	0.00000000	0.00000000	1.01261846
0.38709677	0.00000000	0.00000000	0.00000000	1.01326820
0.41935484	0.00000000	0.00000000	0.00000000	1.01404308
0.45161290	0.00000000	0.00000000	0.00000000	1.01492544
0.48387097	0.00000000	0.00000000	0.00000000	1.01588998
0.51612903	0.00000000	0.00000000	0.00000000	1.01690316
0.54838710	0.00000000	0.00000000	0.00000000	1.01792363
0.58064516	0.00000000	0.00000000	0.00000000	1.01890386
0.61290323	0.00000000	0.00000000	0.00000000	1.01979316
0.64516129	0.00000000	0.00000000	0.00000000	1.02054195
0.67741935	0.00000000	0.00000000	0.00000000	1.02110684
0.70967742	0.00000000	0.00000000	0.00000000	1.02145598
0.74193548	0.00000000	0.00000000	0.00000000	1.02157399
0.77419355	0.00000000	0.00000000	0.00000000	1.02146556
0.80645161	0.00000000	0.00000000	0.00000000	1.02115741
0.83870968	0.00000000	0.00000000	0.00000000	1.02069823
0.87096774	0.00000000	0.00000000	0.00000000	1.02015677
0.90322581	0.00000000	0.00000000	0.00000000	1.01961835
0.93548387	0.00000000	0.00000000	0.00000000	1.01917883
0.96774194	0.00000000	0.00000000	0.00000000	1.01893077
1.00000000	0.00000000	0.00000000	0.00000000	1.01886534
0.00000000	0.03225806	0.00000000	0.00000000	1.01326235
0.03225806	0.03225806	0.00003618	-0.00003546	1.01315908
0.06451613	0.03225806	-0.00029501	0.00021567	1.01288924
0.09677419	0.03225806	-0.00110760	0.00050978	1.01254212
0.12903226	0.03225806	-0.00236776	0.00076033	1.01220285
0.16129032	0.03225806	-0.00398507	0.00094521	1.01192986
0.19354839	0.03225806	-0.00585589	0.00106599	1.01175870
0.22580645	0.03225806	-0.00788151	0.00113100	1.01170896
0.25806452	0.03225806	-0.00997334	0.00114851	1.01179043
0.29032258	0.03225806	-0.01205212	0.00112438	1.01200713
0.32258065	0.03225806	-0.01404484	0.00106167	1.01235951
0.35483871	0.03225806	-0.01588158	0.00096124	1.01284506
0.38709677	0.03225806	-0.01749351	0.00082286	1.01345778
0.41935484	0.03225806	-0.01881268	0.00064651	1.01418704
0.45161290	0.03225806	-0.01977378	0.00043366	1.01501620
0.48387097	0.03225806	-0.02031773	0.00018842	1.01592150
0.51612903	0.03225806	-0.02039681	-0.00008162	1.01687151
0.54838710	0.03225806	-0.01998061	-0.00036500	1.01782758
0.58064516	0.03225806	-0.01906213	-0.00064652	1.01874542
0.61290323	0.03225806	-0.01766295	-0.00090802	1.01957793
0.64516129	0.03225806	-0.01583660	-0.00112982	1.02027919
0.67741935	0.03225806	-0.01366920	-0.00129267	1.02080924
0.70967742	0.03225806	-0.01127659	-0.00138001	1.02113905
0.74193548	0.03225806	-0.00879780	-0.00138036	1.02125499
0.77419355	0.03225806	-0.00638490	-0.00128920	1.02116221
0.80645161	0.03225806	-0.00419011	-0.00111037	1.02088613
0.83870968	0.03225806	-0.00235091	-0.00085694	1.02047214
0.87096774	0.03225806	-0.00097401	-0.00055217	1.01998332
0.90322581	0.03225806	-0.00011768	-0.00023263	1.01949655
0.93548387	0.03225806	0.00022977	0.00004304	1.01909641
0.96774194	0.03225806	0.00018112	0.00017477	1.01886435
1.00000000	0.03225806	0.00000000	0.00000000	1.01879989
0.00000000	0.06451613	0.00000000	0.00000000	1.01355211
0.03225806	0.06451613	-0.00022517	0.00029499	1.01342686
0.06451613	0.06451613	-0.00118179	0.00114376	1.01314909
0.09677419	0.06451613	-0.00293302	0.00207272	1.01284498
0.12903226	0.06451613	-0.00540634	0.00287745	1.01256529
0.16129032	0.06451613	-0.00846173	0.00348811	1.01234814
0.19354839	0.06451613	-0.01193611	0.00389642	1.01221876
0.22580645	0.06451613	-0.01566711	0.00411743	1.01219236
0.25806452	0.06451613	-0.01950234	0.00417059	1.01227739
0.29032258	0.06451613	-0.02330048	0.00407149	1.01247802
0.32258065	0.06451613	-0.02692856	0.00382945	1.01279552
0.35483871	0.06451613	-0.03025874	0.00344865	1.01322849
0.38709677	0.06451613	-0.03316639	0.00293109	1.01377238
0.41935484	0.06451613	-0.03553072	0.00228026	1.01441837
0.45161290	0.06451613	-0.03723824	0.00150503	1.01515226
0.48387097	0.06451613	-0.03818894	0.00062302	1.01595346
0.51612903	0.06451613	-0.03830458	-0.00033713	1.01679450
0.54838710	0.06451613	-0.03753809	-0.00133468	1.01764141
0.58064516	0.06451613	-0.03588288	-0.00231768	1.01845516
0.61290323	0.06451613	-0.03338066	-0.00322554	1.01919417
0.64516129	0.06451613	-0.03012622	-0.00399376	1.01981796
0.67741935	0.06451613	-0.02626789	-0.00456001	1.02029138
0.70967742	0.06451613	-0.02200263	-0.00487141	1.02058916
0.74193548	0.06451613	-0.01756517	-0.00489170	1.02069986
0.77419355	0.06451613	-0.01321153	-0.00460770	1.02062870
0.80645161	0.06451613	-0.00919763	-0.00403399	1.02039854
0.83870968	0.06451613	-0.00575452	-0.00321610	1.02004903
0.87096774	0.06451613	-0.00306168	-0.00223324	1.01963358
0.90322581	0.06451613	-0.00121937	-0.00120378	1.01921491
0.93548387	0.06451613	-0.00022021	-0.00029880	1.01885902
0.96774194	0.06451613	0.00008082	0.00022976	1.01862836
1.00000000	0.06451613	0.00000000	0.00000000	1.01855168
0.00000000	0.09677419	0.00000000	0.00000000	1.01395232
0.03225806	0.09677419	-0.00056175	0.00114632	1.01377614
0.06451613	0.09677419	-0.00225735	0.00292349	1.01343174
0.09677419	0.09677419	-0.00501641	0.00473431	1.01311585
0.12903226	0.09677419	-0.00869351	0.00628902	1.01285211
0.16129032	0.09677419	-0.01309794	0.00747496	1.01265950
0.19354839	0.09677419	-0.01802180	0.00827136	1.01255107
0.22580645	0.09677419	-0.02325806	0.00869721	1.01253502
0.25806452	0.09677419	-0.02860880	0.00878185	1.01261628
0.29032258	0.09677419	-0.03388654	0.00855058	1.01279785
0.32258065	0.09677419	-0.03891221	0.00801992	1.01308127
0.35483871	0.09677419	-0.04351253	0.00719906	1.01346646
0.38709677	0.09677419	-0.04751905	0.00609483	1.01395087
0.41935484	0.09677419	-0.05076990	0.00471834	1.01452827
0.45161290	0.09677419	-0.05311474	0.00309187	1.01518746
0.48387097	0.09677419	-0.05442280	0.00125475	1.01591117
0.51612903	0.09677419	-0.05459315	-0.00073248	1.01667536
0.54838710	0.09677419	-0.05356614	-0.00278671	1.01744946
0.58064516	0.09677419	-0.05133472	-0.00480395	1.01819751
0.61290323	0.09677419	-0.04795381	-0.00666469	1.01888055
0.64516129	0.09677419	-0.04354618	-0.00824260	1.01946003
0.67741935	0.09677419	-0.03830317	-0.00941627	1.01990202
0.70967742	0.09677419	-0.03247893	-0.01008274	1.02018164
0.74193548	0.09677419	-0.02637734	-0.01017146	1.02028704
0.77419355	0.09677419	-0.02033155	-0.00965674	1.02022202
0.80645161	0.09677419	-0.01467708	-0.00856739	1.02000686
0.83870968	0.09677419	-0.00972026	-0.00699290	1.01967694
0.87096774	0.09677419	-0.00570450	-0.00508733	1.01927923
0.90322581	0.09677419	-0.00277728	-0.00307410	1.01886732
0.93548387	0.09677419	-0.00096085	-0.00125715	1.01849552
0.96774194	0.09677419	-0.00012993	-0.00004545	1.01821315
1.00000000	0.09677419	0.00000000	0.00000000	1.01809999
0.00000000	0.12903226	0.00000000	0.00000000	1.01435505
0.03225806	0.12903226	-0.00089856	0.00255232	1.01411625
0.06451613	0.12903226	-0.00335296	0.00559840	1.01367764
0.09677419	0.12903226	-0.00713329	0.00850887	1.01331847
0.12903226	0.12903226	-0.01199745	0.01095896	1.01304178
0.16129032	0.12903226	-0.01769382	0.01281639	1.01285009
0.19354839	0.12903226	-0.02397113	0.01405652	1.01274470
0.22580645	0.12903226	-0.03058622	0.01470440	1.01272617
0.25806452	0.12903226	-0.03730728	0.01479906	1.01279519
0.29032258	0.12903226	-0.04391307	0.01437488	1.01295299
0.32258065	0.12903226	-0.05019036	0.01345542	1.01320128
0.35483871	0.12903226	-0.05593157	0.01205549	1.01354146
0.38709677	0.12903226	-0.06093445	0.01018844	1.01397345
0.41935484	0.12903226	-0.06500471	0.00787593	1.01449413
0.45161290	0.12903226	-0.06796209	0.00515793	1.01509572
0.48387097	0.12903226	-0.06964948	0.00210141	1.01576433
0.51612903	0.12903226	-0.06994457	-0.00119380	1.01647901
0.54838710	0.12903226	-0.06877273	-0.00459312	1.01721155
0.58064516	0.12903226	-0.06611981	-0.00793001	1.01792743
0.61290323	0.12903226	-0.06204330	-0.01101410	1.01858798
0.64516129	0.12903226	-0.05667993	-0.01364441	1.01915384
0.67741935	0.12903226	-0.05024783	-0.01562727	1.01958928
0.70967742	0.12903226	-0.04304156	-0.01679724	1.01986698
0.74193548	0.12903226	-0.03541873	-0.01703909	1.01997224
0.77419355	0.12903226	-0.02777751	-0.01630796	1.01990601
0.80645161	0.12903226	-0.02052581	-0.01464528	1.01968566
0.83870968	0.12903226	-0.01404436	-0.01218868	1.01934344
0.87096774	0.12903226	-0.00864710	-0.00917623	1.01892261
0.90322581	0.12903226	-0.00454368	-0.00594744	1.01847197
0.93548387	0.12903226	-0.00180950	-0.00294615	1.01803980
0.96774194	0.12903226	-0.00036909	-0.00073109	1.01766820
1.00000000	0.12903226	0.00000000	0.00000000	1.01750225
0.00000000	0.16129032	0.00000000	0.00000000	1.01467486
0.03225806	0.16129032	-0.00121468	0.00449925	1.01437090
0.06451613	0.16129032	-0.00440445	0.00915820	1.01382838
0.09677419	0.16129032	-0.00918185	0.01337878	1.01340983
0.12903226	0.16129032	-0.01519910	0.01684953	1.01310239
0.16129032	0.16129032	-0.02213643	0.01944863	1.01289477
0.19354839	0.16129032	-0.02969762	0.02116374	1.01277775
0.22580645	0.16129032	-0.03760714	0.02203334	1.01274476
0.25806452	0.16129032	-0.04560659	0.02210868	1.01279235
0.29032258	0.16129032	-0.05345011	0.02143365	1.01292012
0.32258065	0.16129032	-0.06089994	0.02003841	1.01313008
0.35483871	0.16129032	-0.06772333	0.01794314	1.01342548
0.38709677	0.16129032	-0.07369217	0.01516796	1.01380917
0.41935484	0.16129032	-0.07858586	0.01174597	1.01428162
0.45161290	0.16129032	-0.08219782	0.00773662	1.01483888
0.48387097	0.16129032	-0.08434515	0.00323723	1.01547068
0.51612903	0.16129032	-0.08488113	-0.00160924	1.01615897
0.54838710	0.16129032	-0.08370925	-0.00661148	1.01687732
0.58064516	0.16129032	-0.08079779	-0.01153338	1.01759147
0.61290323	0.16129032	-0.07619340	-0.01610457	1.01826130
0.64516129	0.16129032	-0.07003159	-0.02003809	1.01884437
0.67741935	0.16129032	-0.06254216	-0.02305465	1.01930054
0.70967742	0.16129032	-0.05404709	-0.02491184	1.01959726
0.74193548	0.16129032	-0.04494883	-0.02543552	1.01971458
0.77419355	0.16129032	-0.03570745	-0.02454967	1.01964873
0.80645161	0.16129032	-0.02680703	-0.02230054	1.01941344
0.83870968	0.16129032	-0.01871329	-0.01887161	1.01903845
0.87096774	0.16129032	-0.01182720	-0.01458801	1.01856550
0.90322581	0.16129032	-0.00644114	-0.00991170	1.01804242
0.93548387	0.16129032	-0.00270509	-0.00543175	1.01751674
0.96774194	0.16129032	-0.00061059	-0.00185495	1.01702974
1.00000000	0.16129032	0.00000000	0.00000000	1.01680050
0.00000000	0.19354839	0.00000000	0.00000000	1.01484348
0.03225806	0.19354839	-0.00150633	0.00695675	1.01447615
0.06451613	0.19354839	-0.00538986	0.01356556	1.01382931
0.09677419	0.19354839	-0.01111778	0.01930349	1.01334468
0.12903226	0.19354839	-0.01823804	0.02391352	1.01299625
0.16129032	0.19354839	-0.02636108	0.02731489	1.01276095
0.19354839	0.19354839	-0.03514552	0.02952721	1.01262037
0.22580645	0.19354839	-0.04428607	0.03061336	1.01256171
0.25806452	0.19354839	-0.05350299	0.03064202	1.01257801
0.29032258	0.19354839	-0.06253280	0.02966822	1.01266768
0.32258065	0.19354839	-0.07112088	0.02772863	1.01283354
0.35483871	0.19354839	-0.07901679	0.02484770	1.01308115
0.38709677	0.19354839	-0.08597281	0.02105096	1.01341682
0.41935484	0.19354839	-0.09174635	0.01638157	1.01384524
0.45161290	0.19354839	-0.09610601	0.01091721	1.01436686
0.48387097	0.19354839	-0.09884131	0.00478472	1.01497550
0.51612903	0.19354839	-0.09977545	-0.00182971	1.01565629
0.54838710	0.19354839	-0.09878048	-0.00867646	1.01638445
0.58064516	0.19354839	-0.09579405	-0.01544586	1.01712535
0.61290323	0.19354839	-0.09083615	-0.02178030	1.01783622
0.64516129	0.19354839	-0.08402425	-0.02729566	1.01846960
0.67741935	0.19354839	-0.07558392	-0.03161177	1.01897845
0.70967742	0.19354839	-0.06585210	-0.03439058	1.01932217
0.74193548	0.19354839	-0.05526946	-0.03537874	1.01947263
0.77419355	0.19354839	-0.04435928	-0.03444976	1.01941891
0.80645161	0.19354839	-0.03369173	-0.03163945	1.01916961
0.83870968	0.19354839	-0.02383554	-0.02716852	1.01875191
0.87096774	0.19354839	-0.01530243	-0.02144838	1.01820765
0.90322581	0.19354839	-0.00849295	-0.01506955	1.01758704
0.93548387	0.19354839	-0.00365374	-0.00877671	1.01694167
0.96774194	0.19354839	-0.00085572	-0.00343619	1.01631790
1.00000000	0.19354839	0.00000000	0.00000000	1.01601670
0.00000000	0.22580645	0.00000000	0.00000000	1.01480370
0.03225806	0.22580645	-0.00177365	0.00988909	1.01437677
0.06451613	0.22580645	-0.00630120	0.01876964	1.01362995
0.09677419	0.22580645	-0.01291936	0.02622695	1.01307789
0.12903226	0.22580645	-0.02107890	0.03209282	1.01268292
0.16129032	0.22580645	-0.03032363	0.03635609	1.01241149
0.19354839	0.22580645	-0.04026921	0.03908871	1.01223719
0.22580645	0.22580645	-0.05058378	0.04039079	1.01214190
0.25806452	0.22580645	-0.06097091	0.04035540	1.01211591
0.29032258	0.22580645	-0.07115539	0.03905153	1.01215712
0.32258065	0.22580645	-0.08087232	0.03652239	1.01226974
0.35483871	0.22580645	-0.08985985	0.03279506	1.01246227
0.38709677	0.22580645	-0.09785603	0.02789750	1.01274521
0.41935484	0.22580645	-0.10459965	0.02187915	1.01312819
0.45161290	0.22580645	-0.10983527	0.01483158	1.01361697
0.48387097	0.22580645	-0.11332209	0.00690666	1.01421037
0.51612903	0.22580645	-0.11484663	-0.00167008	1.01489747
0.54838710	0.22580645	-0.11423883	-0.01059289	1.01565570
0.58064516	0.22580645	-0.11139105	-0.01947772	1.01645013
0.61290323	0.22580645	-0.10627907	-0.02787437	1.01723463
0.64516129	0.22580645	-0.09898311	-0.03529033	1.01795525
0.67741935	0.22580645	-0.08970611	-0.04122681	1.01855556
0.70967742	0.22580645	-0.07878505	-0.04522630	1.01898366
0.74193548	0.22580645	-0.06669067	-0.04692834	1.01919962
0.77419355	0.22580645	-0.05401064	-0.04612740	1.01918197
0.80645161	0.22580645	-0.04141337	-0.04282428	1.01893159
0.83870968	0.22580645	-0.02959307	-0.03726091	1.01847212
0.87096774	0.22580645	-0.01920186	-0.02993061	1.01784635
0.90322581	0.22580645	-0.01077987	-0.02156040	1.01710966
0.93548387	0.22580645	-0.00469691	-0.01306898	1.01632199
0.96774194	0.22580645	-0.00111805	-0.00550869	1.01554002
1.00000000	0.22580645	0.00000000	0.00000000	1.01515710
0.00000000	0.25806452	0.00000000	0.00000000	1.01450550
0.03225806	0.25806452	-0.00201644	0.01325794	1.01402376
0.06451613	0.25806452	-0.00713273	0.02471126	1.01318379
0.09677419	0.25806452	-0.01457020	0.03408118	1.01256589
0.12903226	0.25806452	-0.02369249	0.04131777	1.01212142
0.16129032	0.25806452	-0.03398296	0.04650518	1.01180719
0.19354839	0.25806452	-0.04501873	0.04978735	1.01158964
0.22580645	0.25806452	-0.05644547	0.05131505	1.01144618
0.25806452	0.25806452	-0.06795479	0.05121362	1.01136506
0.29032258	0.25806452	-0.07926525	0.04956962	1.01134437
0.32258065	0.25806452	-0.09010766	0.04643308	1.01139029
0.35483871	0.25806452	-0.10021476	0.04183140	1.01151499
0.38709677	0.25806452	-0.10931548	0.03579075	1.01173394
0.41935484	0.25806452	-0.11713358	0.02836080	1.01206278
0.45161290	0.25806452	-0.12339071	0.01963964	1.01251378
0.48387097	0.25806452	-0.12781369	0.00979608	1.01309221
0.51612903	0.25806452	-0.13014646	-0.00091298	1.01379265
0.54838710	0.25806452	-0.13016653	-0.01213205	1.01459608
0.58064516	0.25806452	-0.12770631	-0.02340563	1.01546820
0.61290323	0.25806452	-0.12267858	-0.03418824	1.01635970
0.64516129	0.25806452	-0.11510475	-0.04386862	1.01720905
0.67741935	0.25806452	-0.10514270	-0.05180983	1.01794805
0.70967742	0.25806452	-0.09310953	-0.05740601	1.01850980
0.74193548	0.25806452	-0.07949242	-0.06015315	1.01883794
0.77419355	0.25806452	-0.06494026	-0.05972707	1.01889558
0.80645161	0.25806452	-0.05022995	-0.05605702	1.01867184
0.83870968	0.25806452	-0.03620528	-0.04938003	1.01818430
0.87096774	0.25806452	-0.02369366	-0.04026158	1.01747647
0.90322581	0.25806452	-0.01341395	-0.02957450	1.01661102
0.93548387	0.25806452	-0.00589409	-0.01843853	1.01566014
0.96774194	0.25806452	-0.00141646	-0.00813310	1.01469548
1.00000000	0.25806452	0.00000000	0.00000000	1.01421832
0.00000000	0.29032258	0.00000000	0.00000000	1.01390419
0.03225806	0.29032258	-0.00223305	0.01702181	1.01337317
0.06451613	0.29032258	-0.00787658	0.03132339	1.01244843
0.09677419	0.29032258	-0.01605180	0.04278670	1.01176780
0.12903226	0.29032258	-0.02604664	0.05150557	1.01127202
0.16129032	0.29032258	-0.03729187	0.05768232	1.01090886
0.19354839	0.29032258	-0.04933174	0.06155121	1.01063823
0.22580645	0.29032258	-0.06179431	0.06332684	1.01043369
0.25806452	0.29032258	-0.07436413	0.06317516	1.01028204
0.29032258	0.29032258	-0.08675900	0.06120439	1.01018205
0.32258065	0.29032258	-0.09871134	0.05747190	1.01014251
0.35483871	0.29032258	-0.10995455	0.05200287	1.01017987
0.38709677	0.29032258	-0.12021415	0.04481632	1.01031549
0.41935484	0.29032258	-0.12920350	0.03595438	1.01057220
0.45161290	0.29032258	-0.13662407	0.02551168	1.01097047
0.48387097	0.29032258	-0.14217039	0.01366241	1.01152404
0.51612903	0.29032258	-0.14554024	0.00068275	1.01223535
0.54838710	0.29032258	-0.14645076	-0.01303304	1.01309139
0.58064516	0.29032258	-0.14466126	-0.02696566	1.01406059
0.61290323	0.29032258	-0.14000299	-0.04047593	1.01509166
0.64516129	0.29032258	-0.13241499	-0.05282622	1.01611534
0.67741935	0.29032258	-0.12198324	-0.06322203	1.01704959
0.70967742	0.29032258	-0.10897784	-0.07087658	1.01780840
0.74193548	0.29032258	-0.09387983	-0.07509761	1.01831312
0.77419355	0.29032258	-0.07738711	-0.07538987	1.01850479
0.80645161	0.29032258	-0.06038859	-0.07155926	1.01835441
0.83870968	0.29032258	-0.04389981	-0.06379720	1.01786890
0.87096774	0.29032258	-0.02896240	-0.05272195	1.01709066
0.90322581	0.29032258	-0.01652245	-0.03935997	1.01609069
0.93548387	0.29032258	-0.00731363	-0.02506647	1.01495698
0.96774194	0.29032258	-0.00177219	-0.01140279	1.01378083
1.00000000	0.29032258	0.00000000	0.00000000	1.01319332
0.00000000	0.32258065	0.00000000	0.00000000	1.01296013
0.03225806	0.32258065	-0.00242046	0.02113451	1.01238606
0.06451613	0.32258065	-0.00852200	0.03852999	1.01138608
0.09677419	0.32258065	-0.01734158	0.05225122	1.01064659
0.12903226	0.32258065	-0.02810340	0.06255783	1.01009803
0.16129032	0.32258065	-0.04019409	0.06979027	1.00967957
0.19354839	0.32258065	-0.05313115	0.07428978	1.00934507
0.22580645	0.32258065	-0.06653005	0.07634743	1.00906462
0.25806452	0.32258065	-0.08007323	0.07617831	1.00882394
0.29032258	0.32258065	-0.09348306	0.07391682	1.00862282
0.32258065	0.32258065	-0.10649962	0.06962862	1.00847297
0.35483871	0.32258065	-0.11886350	0.06333421	1.00839572
0.38709677	0.32258065	-0.13030355	0.05503970	1.00841913
0.41935484	0.32258065	-0.14052914	0.04477071	1.00857461
0.45161290	0.32258065	-0.14922697	0.03260653	1.00889277
0.48387097	0.32258065	-0.15606280	0.01871225	1.00939846
0.51612903	0.32258065	-0.16068880	0.00336739	1.01010527
0.54838710	0.32258065	-0.16275802	-0.01301104	1.01100987
0.58064516	0.32258065	-0.16194738	-0.02985339	1.01208698
0.61290323	0.32258065	-0.15799037	-0.04643451	1.01328619
0.64516129	0.32258065	-0.15071986	-0.06188837	1.01453169
0.67741935	0.32258065	-0.14011911	-0.07524698	1.01572643
0.70967742	0.32258065	-0.12637595	-0.08550943	1.01676113
0.74193548	0.32258065	-0.10993077	-0.09174388	1.01752791
0.77419355	0.32258065	-0.09150429	-0.09321830	1.01793672
0.80645161	0.32258065	-0.07208838	-0.08954432	1.01793116
0.83870968	0.32258065	-0.05288524	-0.08080622	1.01749978
0.87096774	0.32258065	-0.03519091	-0.06763893	1.01667940
0.90322581	0.32258065	-0.02023741	-0.05122327	1.01554898
0.93548387	0.32258065	-0.00902793	-0.03318880	1.01421542
0.96774194	0.32258065	-0.00220769	-0.01544673	1.01279460
1.00000000	0.32258065	0.00000000	0.00000000	1.01207680
0.00000000	0.35483871	0.00000000	0.00000000	1.01163938
0.03225806	0.35483871	-0.00257480	0.02554380	1.01102915
0.06451613	0.35483871	-0.00905637	0.04624449	1.00996447
0.09677419	0.35483871	-0.01841417	0.06236809	1.00917039
0.12903226	0.35483871	-0.02982062	0.07435807	1.00856755
0.16129032	0.35483871	-0.04262637	0.08271006	1.00808693
0.19354839	0.35483871	-0.05632795	0.08788716	1.00767665
0.22580645	0.35483871	-0.07053289	0.09026891	1.00730355
0.25806452	0.35483871	-0.08492610	0.09012817	1.00695233
0.29032258	0.35483871	-0.09923966	0.08763077	1.00662377
0.32258065	0.35483871	-0.11322739	0.08285233	1.00633265
0.35483871	0.35483871	-0.12664419	0.07580681	1.00610540
0.38709677	0.35483871	-0.13923024	0.06648196	1.00597750
0.41935484	0.35483871	-0.15069956	0.05487779	1.00599025
0.45161290	0.35483871	-0.16073284	0.04104534	1.00618650
0.48387097	0.35483871	-0.16897506	0.02512423	1.00660535
0.51612903	0.35483871	-0.17503899	0.00737798	1.00727567
0.54838710	0.35483871	-0.17851624	-0.01177445	1.00820873
0.58064516	0.35483871	-0.17899833	-0.03173332	1.00939093
0.61290323	0.35483871	-0.17611000	-0.05170345	1.01077757
0.64516129	0.35483871	-0.16955681	-0.07069747	1.01228970
0.67741935	0.35483871	-0.15918675	-0.08756593	1.01381577
0.70967742	0.35483871	-0.14506269	-0.10106493	1.01521991
0.74193548	0.35483871	-0.12753611	-0.10996927	1.01635733
0.77419355	0.35483871	-0.10730586	-0.11323226	1.01709558
0.80645161	0.35483871	-0.08543805	-0.11017831	1.01733775
0.83870968	0.35483871	-0.06332161	-0.10069466	1.01704194
0.87096774	0.35483871	-0.04254277	-0.08536978	1.01623106
0.90322581	0.35483871	-0.02468704	-0.06552295	1.01498911
0.93548387	0.35483871	-0.01111054	-0.04309618	1.01344420
0.96774194	0.35483871	-0.00274629	-0.02043072	1.01174240
1.00000000	0.35483871	0.00000000	0.00000000	1.01087076
0.00000000	0.38709677	0.00000000	0.00000000	1.00991490
0.03225806	0.38709677	-0.00269216	0.03019087	1.00927600
0.06451613	0.38709677	-0.00946738	0.05436935	1.00815802
0.09677419	0.38709677	-0.01924489	0.07301546	1.00731396
0.12903226	0.38709677	-0.03115663	0.08677001	1.00665537
0.16129032	0.38709677	-0.04452444	0.09629759	1.00610554
0.19354839	0.38709677	-0.05882859	0.10219630	1.00560705
0.22580645	0.38709677	-0.07367244	0.10494558	1.00512338
0.25806452	0.38709677	-0.08874722	0.10488507	1.00463796
0.29032258	0.38709677	-0.10379945	0.10221810	1.00415224
0.32258065	0.38709677	-0.11860263	0.09703314	1.00368369
0.35483871	0.38709677	-0.13293355	0.08933706	1.00326378
0.38709677	0.38709677	-0.14655297	0.07909507	1.00293576
0.41935484	0.38709677	-0.15919045	0.06627330	1.00275184
0.45161290	0.38709677	-0.17053297	0.05088202	1.00276919
0.48387097	0.38709677	-0.18021788	0.03301840	1.00304447
0.51612903	0.38709677	-0.18783135	0.01290857	1.00362651
0.54838710	0.38709677	-0.19291428	-0.00905170	1.00454733
0.58064516	0.38709677	-0.19497871	-0.03225963	1.00581208
0.61290323	0.38709677	-0.19353833	-0.05587603	1.00738918
0.64516129	0.38709677	-0.18815686	-0.07881162	1.00920279
0.67741935	0.38709677	-0.17851703	-0.09974110	1.01113032
0.70967742	0.38709677	-0.16450966	-0.11716007	1.01300811
0.74193548	0.38709677	-0.14633613	-0.12950071	1.01464724
0.77419355	0.38709677	-0.12460691	-0.13531635	1.01585964
0.80645161	0.38709677	-0.10040655	-0.13352856	1.01649051
0.83870968	0.38709677	-0.07528546	-0.12370150	1.01644966
0.87096774	0.38709677	-0.05114201	-0.10627350	1.01573202
0.90322581	0.38709677	-0.02998682	-0.08265550	1.01441958
0.93548387	0.38709677	-0.01363366	-0.05512954	1.01266227
0.96774194	0.38709677	-0.00341209	-0.02655727	1.01064249
1.00000000	0.38709677	0.00000000	0.00000000	1.00959051
0.00000000	0.41935484	0.00000000	0.00000000	1.00776792
0.03225806	0.41935484	-0.00276966	0.03501116	1.00710823
0.06451613	0.41935484	-0.00974597	0.06279722	1.00594894
0.09677419	0.41935484	-0.01981488	0.08405734	1.00505997
0.12903226	0.41935484	-0.03207754	0.09963761	1.00434479
0.16129032	0.41935484	-0.04583229	0.11038200	1.00371952
0.19354839	0.41935484	-0.06054631	0.11703516	1.00312121
0.22580645	0.41935484	-0.07582132	0.12018754	1.00250962
0.25806452	0.41935484	-0.09135777	0.12025517	1.00186624
0.29032258	0.41935484	-0.10692069	0.11748617	1.00119240
0.32258065	0.41935484	-0.12230900	0.11198643	1.00050749
0.35483871	0.41935484	-0.13732908	0.10375715	0.99984741
0.38709677	0.41935484	-0.15177244	0.09273887	0.99926304
0.41935484	0.41935484	-0.16539697	0.07885779	0.99881807
0.45161290	0.41935484	-0.17791145	0.06207277	0.99858564
0.48387097	0.41935484	-0.18896367	0.04242262	0.99864305
0.51612903	0.41935484	-0.19813292	0.02007438	0.99906395
0.54838710	0.41935484	-0.20492908	-0.00462709	0.99990787
0.58064516	0.41935484	-0.20880159	-0.03110926	1.00120736
0.61290323	0.41935484	-0.20916278	-0.05852529	1.00295379
0.64516129	0.41935484	-0.20543163	-0.08571877	1.00508422
0.67741935	0.41935484	-0.19710395	-0.11121313	1.00747266
0.70967742	0.41935484	-0.18385328	-0.13324582	1.00993034
0.74193548	0.41935484	-0.16566086	-0.14987202	1.01221946
0.77419355	0.41935484	-0.14296061	-0.15916184	1.01408268
0.80645161	0.41935484	-0.11676639	-0.15949975	1.01528597
0.83870968	0.41935484	-0.08872739	-0.14995920	1.01566604
0.87096774	0.41935484	-0.06104752	-0.13066841	1.01516778
0.90322581	0.41935484	-0.03622802	-0.10303130	1.01385747
0.93548387	0.41935484	-0.01666499	-0.06967091	1.01190418
0.96774194	0.41935484	-0.00422986	-0.03406437	1.00953264
1.00000000	0.41935484	0.00000000	0.00000000	1.00827204
0.00000000	0.45161290	0.00000000	0.00000000	1.00518908
0.03225806	0.45161290	-0.00280663	0.03993683	1.00451649
0.06451613	0.45161290	-0.00989002	0.07141457	1.00332804
0.09677419	0.45161290	-0.02011757	0.09534702	1.00240000
0.12903226	0.45161290	-0.03256639	0.11278742	1.00162909
0.16129032	0.45161290	-0.04651404	0.12476636	1.00092474
0.19354839	0.45161290	-0.06141571	0.13218532	1.00021820
0.22580645	0.45161290	-0.07687265	0.13575703	0.99946474
0.25806452	0.45161290	-0.09259659	0.13598444	0.99864280
0.29032258	0.45161290	-0.10837450	0.13316933	0.99775232
0.32258065	0.45161290	-0.12403605	0.12744152	0.99681331
0.35483871	0.45161290	-0.13942491	0.11880051	0.99586500
0.38709677	0.45161290	-0.15437385	0.10716296	0.99496509
0.41935484	0.45161290	-0.16868300	0.09241231	0.99418871
0.45161290	0.45161290	-0.18210077	0.07444873	0.99362589
0.48387097	0.45161290	-0.19430726	0.05323987	0.99337693
0.51612903	0.45161290	-0.20490061	0.02887399	0.99354465
0.54838710	0.45161290	-0.21338809	0.00161698	0.99422280
0.58064516	0.45161290	-0.21918499	-0.02802593	0.99548065
0.61290323	0.45161290	-0.22162647	-0.05924598	0.99734436
0.64516129	0.45161290	-0.22000011	-0.09087045	0.99977715
0.67741935	0.45161290	-0.21360876	-0.12131945	1.00266223
0.70967742	0.45161290	-0.20187407	-0.14860314	1.00579444
0.74193548	0.45161290	-0.18448719	-0.17039337	1.00888752
0.77419355	0.45161290	-0.16160093	-0.18421083	1.01160367
0.80645161	0.45161290	-0.13403387	-0.18776179	1.01360604
0.83870968	0.45161290	-0.10342195	-0.17942036	1.01462610
0.87096774	0.45161290	-0.07222031	-0.15877286	1.01452625
0.90322581	0.45161290	-0.04346198	-0.12703802	1.01333357
0.93548387	0.45161290	-0.02026313	-0.08712770	1.01122729
0.96774194	0.45161290	-0.00522467	-0.04322226	1.00847904
1.00000000	0.45161290	0.00000000	0.00000000	1.00698162
0.00000000	0.48387097	0.00000000	0.00000000	1.00217909
0.03225806	0.48387097	-0.00280602	0.04490118	1.00150082
0.06451613	0.48387097	-0.00990862	0.08010815	1.00029487
0.09677419	0.48387097	-0.02016630	0.10673370	0.99933489
0.12903226	0.48387097	-0.03263407	0.12603408	0.99851245
0.16129032	0.48387097	-0.04656772	0.13923132	0.99773056
0.19354839	0.48387097	-0.06140945	0.14739376	0.99691395
0.22580645	0.48387097	-0.07676007	0.15136841	0.99601208
0.25806452	0.48387097	-0.09234415	0.15175702	0.99499866
0.29032258	0.48387097	-0.10797385	0.14892564	0.99387045
0.32258065	0.48387097	-0.12351471	0.14303684	0.99264632
0.35483871	0.48387097	-0.13885513	0.13409495	0.99136716
0.38709677	0.48387097	-0.15387949	0.12199695	0.99009619
0.41935484	0.48387097	-0.16844418	0.10658471	0.98891910
0.45161290	0.48387097	-0.18235579	0.08769703	0.98794282
0.48387097	0.48387097	-0.19535056	0.06522246	0.98729196
0.51612903	0.48387097	-0.20707507	0.03915522	0.98710158
0.54838710	0.48387097	-0.21706900	0.00965729	0.98750531
0.58064516	0.48387097	-0.22475239	-0.02287088	0.98861801
0.61290323	0.48387097	-0.22942240	-0.05771016	0.99051305
0.64516129	0.48387097	-0.23026801	-0.09373647	0.99319566
0.67741935	0.48387097	-0.22641547	-0.12933916	0.99657594
0.70967742	0.48387097	-0.21702138	-0.16236738	1.00044824
0.74193548	0.48387097	-0.20143023	-0.19014517	1.00448680
0.77419355	0.48387097	-0.17940515	-0.20961515	1.00826878
0.80645161	0.48387097	-0.15141502	-0.21767872	1.01133246
0.83870968	0.48387097	-0.11891361	-0.21177276	1.01326615
0.87096774	0.48387097	-0.08448353	-0.19062838	1.01380531
0.90322581	0.48387097	-0.05167921	-0.15498848	1.01290051
0.93548387	0.48387097	-0.02447068	-0.10790821	1.01072185
0.96774194	0.48387097	-0.00642114	-0.05432750	1.00758819
1.00000000	0.48387097	0.00000000	0.00000000	1.00582841
0.00000000	0.51612903	0.00000000	0.00000000	0.99874828
0.03225806	0.51612903	-0.00277607	0.04984545	0.99807003
0.06451613	0.51612903	-0.00982708	0.08877484	0.99685674
0.09677419	0.51612903	-0.02000307	0.11807247	0.99587398
0.12903226	0.51612903	-0.03233130	0.13918883	0.99500985
0.16129032	0.51612903	-0.04604020	0.15354174	0.99416069
0.19354839	0.51612903	-0.06055585	0.16237768	0.99324322
0.22580645	0.51612903	-0.07547830	0.16669174	0.99219885
0.25806452	0.51612903	-0.09054702	0.16719822	0.99099423
0.29032258	0.51612903	-0.10560322	0.16433988	0.98962062
0.32258065	0.51612903	-0.12055383	0.15832281	0.98809357
0.35483871	0.51612903	-0.13533928	0.14916529	0.98645362
0.38709677	0.51612903	-0.14990527	0.13675201	0.98476773
0.41935484	0.51612903	-0.16417749	0.12088862	0.98313069
0.45161290	0.51612903	-0.17803815	0.10135512	0.98166541
0.48387097	0.51612903	-0.19130281	0.07795916	0.98052073
0.51612903	0.51612903	-0.20369664	0.05059243	0.97986538
0.54838710	0.51612903	-0.21482969	0.01929431	0.97987645
0.58064516	0.51612903	-0.22417259	-0.01567252	0.98072127
0.61290323	0.51612903	-0.23103621	-0.05373036	0.98253166
0.64516129	0.51612903	-0.23456342	-0.09387737	0.98537126
0.67741935	0.51612903	-0.23374739	-0.13456607	0.98919817
0.70967742	0.51612903	-0.22749830	-0.17358839	0.99382962
0.74193548	0.51612903	-0.21478720	-0.20800960	0.99891994
0.77419355	0.51612903	-0.19489459	-0.23422603	1.00396846
0.80645161	0.51612903	-0.16777147	-0.24825332	1.00837415
0.83870968	0.51612903	-0.13446648	-0.24635185	1.01154289
0.87096774	0.51612903	-0.09747766	-0.22600726	1.01302705
0.90322581	0.51612903	-0.06078298	-0.18705086	1.01264584
0.93548387	0.51612903	-0.02930499	-0.13238576	1.01052517
0.96774194	0.51612903	-0.00784213	-0.06769294	1.00702289
1.00000000	0.51612903	0.00000000	0.00000000	1.00498136
0.00000000	0.54838710	0.00000000	0.00000000	0.99491477
0.03225806	0.54838710	-0.00273230	0.05472826	0.99423943
0.06451613	0.54838710	-0.00969290	0.09733516	0.99302625
0.09677419	0.54838710	-0.01970848	0.12923792	0.99203301
0.12903226	0.54838710	-0.03176174	0.15207120	0.99114580
0.16129032	0.54838710	-0.04504235	0.16745587	0.99025300
0.19354839	0.54838710	-0.05895562	0.17683187	0.98926032
0.22580645	0.54838710	-0.07310167	0.18135958	0.98809770
0.25806452	0.54838710	-0.08723907	0.18188194	0.98672144
0.29032258	0.54838710	-0.10124407	0.17893245	0.98511444
0.32258065	0.54838710	-0.11507186	0.17277291	0.98328651
0.35483871	0.54838710	-0.12872251	0.16344640	0.98127576
0.38709677	0.54838710	-0.14221189	0.15083516	0.97915099
0.41935484	0.54838710	-0.15554604	0.13471759	0.97701435
0.45161290	0.54838710	-0.16869733	0.11482236	0.97500313
0.48387097	0.54838710	-0.18158036	0.09088096	0.97328916
0.51612903	0.54838710	-0.19402561	0.06268211	0.97207433
0.54838710	0.54838710	-0.20574956	0.03013325	0.97158020
0.58064516	0.54838710	-0.21632044	-0.00666435	0.97203020
0.61290323	0.54838710	-0.22512157	-0.04731932	0.97362262
0.64516129	0.54838710	-0.23131818	-0.09102528	0.97649354
0.67741935	0.54838710	-0.23384104	-0.13640428	0.98067062
0.70967742	0.54838710	-0.23141152	-0.18132757	0.98602233
0.74193548	0.54838710	-0.22264630	-0.22274887	0.99221374
0.77419355	0.54838710	-0.20629077	-0.25663087	0.99868918
0.80645161	0.54838710	-0.18162404	-0.27810683	1.00470922
0.83870968	0.54838710	-0.14903081	-0.28206656	1.00946481
0.87096774	0.54838710	-0.11061690	-0.26431188	1.01226134
0.90322581	0.54838710	-0.07055900	-0.22316115	1.01271198
0.93548387	0.54838710	-0.03474666	-0.16084905	1.01084146
0.96774194	0.54838710	-0.00950722	-0.08363249	1.00702353
1.00000000	0.54838710	0.00000000	0.00000000	1.00469135
0.00000000	0.58064516	0.00000000	0.00000000	0.99070062
0.03225806	0.58064516	-0.00270025	0.05953835	0.99002670
0.06451613	0.58064516	-0.00958338	0.10575102	0.98881680
0.09677419	0.58064516	-0.01941349	0.14014131	0.98783023
0.12903226	0.58064516	-0.03109595	0.16452271	0.98695168
0.16129032	0.58064516	-0.04376335	0.18073562	0.98605805
0.19354839	0.58064516	-0.05679558	0.19043699	0.98503868
0.22580645	0.58064516	-0.06979725	0.19497519	0.98380667
0.25806452	0.58064516	-0.08255497	0.19534063	0.98230349
0.29032258	0.58064516	-0.09499021	0.19217267	0.98050035
0.32258065	0.58064516	-0.10711600	0.18580125	0.97839891
0.35483871	0.58064516	-0.11900076	0.17630533	0.97603308
0.38709677	0.58064516	-0.13073854	0.16357555	0.97347199
0.41935484	0.58064516	-0.14242410	0.14737407	0.97082366
0.45161290	0.58064516	-0.15413009	0.12738944	0.96823807
0.48387097	0.58064516	-0.16588381	0.10328745	0.96590812
0.51612903	0.58064516	-0.17764079	0.07476165	0.96406682
0.54838710	0.58064516	-0.18925259	0.04158914	0.96297862
0.58064516	0.58064516	-0.20042645	0.00369950	0.96292299
0.61290323	0.58064516	-0.21067591	-0.03873261	0.96416780
0.64516129	0.58064516	-0.21926467	-0.08515789	0.96693059
0.67741935	0.58064516	-0.22515337	-0.13447272	0.97132635
0.70967742	0.58064516	-0.22697153	-0.18478312	0.97730348
0.74193548	0.58064516	-0.22305769	-0.23313034	0.98457609
0.77419355	0.58064516	-0.21163522	-0.27524828	0.99257295
0.80645161	0.58064516	-0.19120861	-0.30551327	1.00043936
0.83870968	0.58064516	-0.16124085	-0.31735899	1.00713663
0.87096774	0.58064516	-0.12305552	-0.30447907	1.01166052
0.90322581	0.58064516	-0.08064429	-0.26292110	1.01332500
0.93548387	0.58064516	-0.04072703	-0.19343754	1.01196886
0.96774194	0.58064516	-0.01143133	-0.10243959	1.00793596
1.00000000	0.58064516	0.00000000	0.00000000	1.00531980
0.00000000	0.61290323	0.00000000	0.00000000	0.98612517
0.03225806	0.61290323	-0.00271959	0.06431164	0.98544461
0.06451613	0.61290323	-0.00961611	0.11404839	0.98423527
0.09677419	0.61290323	-0.01931403	0.15075049	0.98328049
0.12903226	0.61290323	-0.03058613	0.17642107	0.98246174
0.16129032	0.61290323	-0.04248258	0.19315550	0.98163681
0.19354839	0.61290323	-0.05435613	0.20286576	0.98066940
0.22580645	0.61290323	-0.06582796	0.20711898	0.97944759
0.25806452	0.61290323	-0.07672994	0.20707490	0.97789217
0.29032258	0.61290323	-0.08704563	0.20349348	0.97595899
0.32258065	0.61290323	-0.09686001	0.19678347	0.97363964
0.35483871	0.61290323	-0.10632022	0.18706894	0.97096289
0.38709677	0.61290323	-0.11560592	0.17425851	0.96799772
0.41935484	0.61290323	-0.12490591	0.15810916	0.96485745
0.45161290	0.61290323	-0.13439783	0.13828208	0.96170370
0.48387097	0.61290323	-0.14422768	0.11439167	0.95874865
0.51612903	0.61290323	-0.15448581	0.08605090	0.95625376
0.54838710	0.61290323	-0.16517597	0.05291893	0.95452300
0.58064516	0.61290323	-0.17617369	0.01475897	0.95388847
0.61290323	0.61290323	-0.18717031	-0.02848110	0.95468573
0.64516129	0.61290323	-0.19760064	-0.07654781	0.95721592
0.67741935	0.61290323	-0.20655708	-0.12869741	0.96169157
0.70967742	0.61290323	-0.21270541	-0.18342325	0.96816404
0.74193548	0.61290323	-0.21424090	-0.23808517	0.97643548
0.77419355	0.61290323	-0.20896243	-0.28847994	0.98597071
0.80645161	0.61290323	-0.19458776	-0.32850120	0.99584776
0.83870968	0.61290323	-0.16945484	-0.35021964	1.00481277
0.87096774	0.61290323	-0.13367425	-0.34490843	1.01150469
0.90322581	0.61290323	-0.09049960	-0.30548963	1.01483338
0.93548387	0.61290323	-0.04711643	-0.23006200	1.01433550
0.96774194	0.61290323	-0.01362483	-0.12435951	1.01024761
1.00000000	0.61290323	0.00000000	0.00000000	1.00737537
0.00000000	0.64516129	0.00000000	0.00000000	0.98119402
0.03225806	0.64516129	-0.00285093	0.06915446	0.98048956
0.06451613	0.64516129	-0.00996462	0.12234546	0.97927097
0.09677419	0.64516129	-0.01968977	0.16111134	0.97838684
0.12903226	0.64516129	-0.03058108	0.18769126	0.97770791
0.16129032	0.64516129	-0.04157575	0.20450562	0.97705783
0.19354839	0.64516129	-0.05200686	0.21378238	0.97625918
0.22580645	0.64516129	-0.06153801	0.21734899	0.97516323
0.25806452	0.64516129	-0.07007650	0.21655831	0.97366282
0.29032258	0.64516129	-0.07769452	0.21230275	0.97169504
0.32258065	0.64516129	-0.08456876	0.20507585	0.96924061
0.35483871	0.64516129	-0.09093791	0.19505126	0.96632381
0.38709677	0.64516129	-0.09707384	0.18216124	0.96301473
0.41935484	0.64516129	-0.10326141	0.16616598	0.95943305
0.45161290	0.64516129	-0.10978222	0.14671122	0.95575241
0.48387097	0.64516129	-0.11689869	0.12337544	0.95220346
0.51612903	0.64516129	-0.12483474	0.09570995	0.94907391
0.54838710	0.64516129	-0.13374952	0.06327703	0.94670345
0.58064516	0.64516129	-0.14369959	0.02569385	0.94547161
0.61290323	0.64516129	-0.15458397	-0.01730565	0.94577582
0.64516129	0.64516129	-0.16606559	-0.06577111	0.94799647
0.67741935	0.64516129	-0.17746432	-0.11936794	0.95244445
0.70967742	0.64516129	-0.18762411	-0.17709929	0.95928622
0.74193548	0.64516129	-0.19477922	-0.23687331	0.96844293
0.77419355	0.64516129	-0.19649082	-0.29490142	0.97946945
0.80645161	0.64516129	-0.18980110	-0.34502086	0.99144471
0.83870968	0.64516129	-0.17183579	-0.37827249	1.00295022
0.87096774	0.64516129	-0.14109159	-0.38343431	1.01225310
0.90322581	0.64516129	-0.09938875	-0.34947892	1.01775600
0.93548387	0.64516129	-0.05371498	-0.27031230	1.01854594
0.96774194	0.64516129	-0.01609714	-0.14955602	1.01463425
1.00000000	0.64516129	0.00000000	0.00000000	1.01156107
0.00000000	0.67741935	0.00000000	0.00000000	0.97588074
0.03225806	0.67741935	-0.00318784	0.07427627	0.97512278
0.06451613	0.67741935	-0.01088254	0.13088724	0.97387871
0.09677419	0.67741935	-0.02092802	0.17136696	0.97312906
0.12903226	0.67741935	-0.03153750	0.19830705	0.97271401
0.16129032	0.67741935	-0.04150704	0.21458128	0.97239481
0.19354839	0.67741935	-0.05017806	0.22282803	0.97192853
0.22580645	0.67741935	-0.05730581	0.22518862	0.97111369
0.25806452	0.67741935	-0.06292177	0.22323142	0.96980736
0.29032258	0.67741935	-0.06722549	0.21798576	0.96792592
0.32258065	0.67741935	-0.07051147	0.21002686	0.96544068
0.35483871	0.67741935	-0.07312456	0.19957402	0.96237469
0.38709677	0.67741935	-0.07543419	0.18658202	0.95880273
0.41935484	0.67741935	-0.07781955	0.17081755	0.95485417
0.45161290	0.67741935	-0.08065938	0.15191938	0.95071703
0.48387097	0.67741935	-0.08432232	0.12944419	0.94664145
0.51612903	0.67741935	-0.08915429	0.10290173	0.94294060
0.54838710	0.67741935	-0.09545954	0.07178379	0.93998708
0.58064516	0.67741935	-0.10347091	0.03559343	0.93820278
0.61290323	0.67741935	-0.11330309	-0.00611509	0.93803980
0.64516129	0.67741935	-0.12487947	-0.05366744	0.93994923
0.67741935	0.67741935	-0.13782023	-0.10713889	0.94433300
0.70967742	0.67741935	-0.15128003	-0.16610834	0.95147218
0.74193548	0.67741935	-0.16373667	-0.22921845	0.96142274
0.77419355	0.67741935	-0.17277592	-0.29345806	0.97387354
0.80645161	0.67741935	-0.17501388	-0.35315622	0.98798018
0.83870968	0.67741935	-0.16645126	-0.39892915	1.00224390
0.87096774	0.67741935	-0.14369303	-0.41735546	1.01459155
0.90322581	0.67741935	-0.10636250	-0.39286624	1.02283587
0.93548387	0.67741935	-0.06024541	-0.31335361	1.02543971
0.96774194	0.67741935	-0.01886742	-0.17807448	1.02202169
1.00000000	0.67741935	0.00000000	0.00000000	1.01883711
0.00000000	0.70967742	0.00000000	0.00000000	0.97009480
0.03225806	0.70967742	-0.00387850	0.08003700	0.96923855
0.06451613	0.70967742	-0.01274023	0.14008564	0.96795249
0.09677419	0.70967742	-0.02354977	0.18176630	0.96744850
0.12903226	0.70967742	-0.03401526	0.20827029	0.96749009
0.16129032	0.70967742	-0.04278569	0.22314619	0.96772573
0.19354839	0.70967742	-0.04928040	0.22958116	0.96781085
0.22580645	0.70967742	-0.05343248	0.23009271	0.96747238
0.25806452	0.70967742	-0.05547126	0.22647799	0.96652567
0.29032258	0.70967742	-0.05577560	0.21989246	0.96486811
0.32258065	0.70967742	-0.05478904	0.21097493	0.96246713
0.35483871	0.70967742	-0.05297707	0.19997399	0.95935129
0.38709677	0.70967742	-0.05080897	0.18685624	0.95560683
0.41935484	0.70967742	-0.04875175	0.17139118	0.95137864
0.45161290	0.70967742	-0.04726863	0.15321400	0.94687372
0.48387097	0.70967742	-0.04681745	0.13187036	0.94236473
0.51612903	0.70967742	-0.04784617	0.10684717	0.93819158
0.54838710	0.70967742	-0.05078289	0.07759365	0.93475895
0.58064516	0.70967742	-0.05601704	0.04353741	0.93252786
0.61290323	0.70967742	-0.06386598	0.00410293	0.93199908
0.64516129	0.70967742	-0.07451712	-0.04125397	0.93368540
0.67741935	0.70967742	-0.08792867	-0.09296738	0.93806856
0.70967742	0.70967742	-0.10366479	-0.15118285	0.94553389
0.74193548	0.70967742	-0.12063870	-0.21537740	0.95627134
0.77419355	0.70967742	-0.13676403	-0.28362420	0.97012794
0.80645161	0.70967742	-0.14860802	-0.35134551	0.98640286
0.83870968	0.70967742	-0.15134971	-0.40959334	1.00362272
0.87096774	0.70967742	-0.13965169	-0.44352307	1.01945854
0.90322581	0.70967742	-0.11023120	-0.43292654	1.03109113
0.93548387	0.70967742	-0.06633981	-0.35780737	1.03616346
0.96774194	0.70967742	-0.02198657	-0.20980142	1.03367169
1.00000000	0.70967742	0.00000000	0.00000000	1.03051134
0.00000000	0.74193548	0.00000000	0.00000000	0.96362148
0.03225806	0.74193548	-0.00516485	0.08701650	0.96260715
0.06451613	0.74193548	-0.01607646	0.15055852	0.96128323
0.09677419	0.74193548	-0.02822219	0.19264200	0.96122810
0.12903226	0.74193548	-0.03861998	0.21754297	0.96202838
0.16129032	0.74193548	-0.04583418	0.22984643	0.96313470
0.19354839	0.74193548	-0.04950919	0.23347482	0.96405305
0.22580645	0.74193548	-0.04989724	0.23137948	0.96442177
0.25806452	0.74193548	-0.04752870	0.22557454	0.96401554
0.29032258	0.74193548	-0.04302490	0.21730355	0.96272196
0.32258065	0.74193548	-0.03700999	0.20722834	0.96051625
0.35483871	0.74193548	-0.03007998	0.19559396	0.95744397
0.38709677	0.74193548	-0.02279962	0.18235671	0.95361289
0.41935484	0.74193548	-0.01571043	0.16727722	0.94919179
0.45161290	0.74193548	-0.00934091	0.14998509	0.94441320
0.48387097	0.74193548	-0.00421492	0.13002173	0.93957710
0.51612903	0.74193548	-0.00085629	0.10686718	0.93505322
0.54838710	0.74193548	0.00021153	0.07995467	0.93127966
0.58064516	0.74193548	-0.00152745	0.04867654	0.92875602
0.61290323	0.74193548	-0.00656393	0.01238500	0.92802874
0.64516129	0.74193548	-0.01532661	-0.02960474	0.92966628
0.67741935	0.74193548	-0.02810954	-0.07799121	0.93422033
0.70967742	0.74193548	-0.04493254	-0.13339831	0.94216726
0.74193548	0.74193548	-0.06528543	-0.19611920	0.95381904
0.77419355	0.74193548	-0.08770138	-0.26548873	0.96918432
0.80645161	0.74193548	-0.10916228	-0.33857054	0.98775121
0.83870968	0.74193548	-0.12455839	-0.40788548	1.00818092
0.87096774	0.74193548	-0.12689056	-0.45847397	1.02802344
0.90322581	0.74193548	-0.10948643	-0.46617811	1.04384597
0.93548387	0.74193548	-0.07149372	-0.40159824	1.05225726
0.96774194	0.74193548	-0.02557151	-0.24441429	1.05131057
1.00000000	0.74193548	0.00000000	0.00000000	1.04838324
0.00000000	0.77419355	0.00000000	0.00000000	0.95600185
0.03225806	0.77419355	-0.00745273	0.09611346	0.95476736
0.06451613	0.77419355	-0.02165506	0.16314298	0.95348990
0.09677419	0.77419355	-0.03570142	0.20430984	0.95426810
0.12903226	0.77419355	-0.04579402	0.22588228	0.95630438
0.16129032	0.77419355	-0.05064064	0.23403540	0.95871929
0.19354839	0.77419355	-0.05039268	0.23364423	0.96081875
0.22580645	0.77419355	-0.04583678	0.22811224	0.96214958
0.25806452	0.77419355	-0.03793476	0.21960566	0.96246257
0.29032258	0.77419355	-0.02761437	0.20937376	0.96165713
0.32258065	0.77419355	-0.01570135	0.19803002	0.95973651
0.35483871	0.77419355	-0.00291807	0.18576362	0.95678011
0.38709677	0.77419355	0.01009287	0.17248670	0.95293050
0.41935484	0.77419355	0.02273999	0.15793247	0.94839058
0.45161290	0.77419355	0.03445750	0.14171849	0.94342603
0.48387097	0.77419355	0.04468541	0.12338575	0.93836983
0.51612903	0.77419355	0.05285538	0.10242074	0.93362553
0.54838710	0.77419355	0.05838186	0.07826482	0.92966738
0.58064516	0.77419355	0.06065829	0.05031288	0.92703503
0.61290323	0.77419355	0.05906014	0.01790209	0.92632087
0.64516129	0.77419355	0.05295969	-0.01970835	0.92814750
0.67741935	0.77419355	0.04176569	-0.06336145	0.93313236
0.70967742	0.77419355	0.02501680	-0.11400695	0.94183464
0.74193548	0.77419355	0.00258774	-0.17260856	0.95467659
0.77419355	0.77419355	-0.02489196	-0.23974735	0.97182137
0.80645161	0.77419355	-0.05529381	-0.31448849	0.99297003
0.83870968	0.77419355	-0.08395384	-0.39186505	1.01701839
0.87096774	0.77419355	-0.10291748	-0.45859502	1.04157688
0.90322581	0.77419355	-0.10209278	-0.48832337	1.06270527
0.93548387	0.77419355	-0.07491923	-0.44172229	1.07574856
0.96774194	0.77419355	-0.02983406	-0.28129514	1.07733398
1.00000000	0.77419355	0.00000000	0.00000000	1.07499332
0.00000000	0.80645161	0.00000000	0.00000000	0.94627836
0.03225806	0.80645161	-0.01143197	0.10867156	0.94481573
0.06451613	0.80645161	-0.03046616	0.17880720	0.94391082
0.09677419	0.80645161	-0.04653333	0.21678096	0.94626607
0.12903226	0.80645161	-0.05520115	0.23248221	0.95029364
0.16129032	0.80645161	-0.05590463	0.23444510	0.95461041
0.19354839	0.80645161	-0.04979364	0.22867096	0.95829954
0.22580645	0.80645161	-0.03848106	0.21892157	0.96085053
0.25806452	0.80645161	-0.02349188	0.20735215	0.96203528
0.29032258	0.80645161	-0.00609496	0.19507015	0.96180455
0.32258065	0.80645161	0.01269735	0.18253205	0.96022005
0.35483871	0.80645161	0.03207275	0.16979975	0.95741708
0.38709677	0.80645161	0.05135420	0.15669866	0.95358862
0.41935484	0.80645161	0.06994409	0.14291260	0.94898235
0.45161290	0.80645161	0.08728107	0.12803968	0.94390451
0.48387097	0.80645161	0.10280837	0.11162386	0.93872602
0.51612903	0.80645161	0.11595098	0.09317074	0.93388769
0.54838710	0.80645161	0.12609898	0.07215177	0.92990229
0.58064516	0.80645161	0.13259534	0.04799827	0.92735140
0.61290323	0.80645161	0.13472726	0.02008360	0.92687512
0.64516129	0.80645161	0.13172272	-0.01231030	0.92915227
0.67741935	0.80645161	0.12275897	-0.05004830	0.93486832
0.70967742	0.80645161	0.10700265	-0.09422035	0.94466736
0.74193548	0.80645161	0.08373157	-0.14621043	0.95908250
0.77419355	0.80645161	0.05265235	-0.20760718	0.97843236
0.80645161	0.80645161	0.01462330	-0.27950866	1.00265046
0.83870968	0.80645161	-0.02698363	-0.36026181	1.03096177
0.87096774	0.80645161	-0.06445476	-0.44033503	1.06127384
0.90322581	0.80645161	-0.08501195	-0.49417637	1.08939745
0.93548387	0.80645161	-0.07514091	-0.47385696	1.10921653
0.96774194	0.80645161	-0.03502273	-0.31933352	1.11513475
1.00000000	0.80645161	0.00000000	0.00000000	1.11406978
0.00000000	0.83870968	0.00000000	0.00000000	0.93242460
0.03225806	0.83870968	-0.01824826	0.12657963	0.93098453
0.06451613	0.83870968	-0.04341476	0.19824435	0.93145674
0.09677419	0.83870968	-0.05999684	0.22904483	0.93683888
0.12903226	0.83870968	-0.06407220	0.23525358	0.94403674
0.16129032	0.83870968	-0.05705786	0.22862789	0.95102956
0.19354839	0.83870968	-0.04183798	0.21622066	0.95675514
0.22580645	0.83870968	-0.02114072	0.20181049	0.96075260
0.25806452	0.83870968	0.00290739	0.18721957	0.96290249
0.29032258	0.83870968	0.02876631	0.17318453	0.96326918
0.32258065	0.83870968	0.05533915	0.15986232	0.96201408
0.35483871	0.83870968	0.08182474	0.14710678	0.95935447
0.38709677	0.83870968	0.10760016	0.13461536	0.95554943
0.41935484	0.83870968	0.13213591	0.12200562	0.95090065
0.45161290	0.83870968	0.15493706	0.10885422	0.94575990
0.48387097	0.83870968	0.17550275	0.09471585	0.94053844
0.51612903	0.83870968	0.19329783	0.07913015	0.93571511
0.54838710	0.83870968	0.20773198	0.06162047	0.93184105
0.58064516	0.83870968	0.21814268	0.04168461	0.92953942
0.61290323	0.83870968	0.22377974	0.01877473	0.92949830
0.64516129	0.83870968	0.22378987	-0.00774005	0.93245486
0.67741935	0.83870968	0.21720218	-0.03864137	0.93916845
0.70967742	0.83870968	0.20292163	-0.07497955	0.95037964
0.74193548	0.83870968	0.17975780	-0.11825826	0.96675146
0.77419355	0.83870968	0.14657585	-0.17063908	0.98878568
0.80645161	0.83870968	0.10280011	-0.23485252	1.01669282
0.83870968	0.83870968	0.04973625	-0.31278698	1.05013993
0.87096774	0.83870968	-0.00679506	-0.40056670	1.08765015
0.90322581	0.83870968	-0.05323460	-0.47763722	1.12533771
0.93548387	0.83870968	-0.06899582	-0.49171151	1.15569860
0.96774194	0.83870968	-0.04102131	-0.35643606	1.16958731
1.00000000	0.83870968	0.00000000	0.00000000	1.17131468
0.00000000	0.87096774	0.00000000	0.00000000	0.90999526
0.03225806	0.87096774	-0.02952516	0.15208633	0.90979938
0.06451613	0.87096774	-0.05966635	0.22055578	0.91452076
0.09677419	0.87096774	-0.07078130	0.23743840	0.92571245
0.12903226	0.87096774	-0.06305917	0.22954323	0.93784893
0.16129032	0.87096774	-0.04206183	0.21221088	0.94846162
0.19354839	0.87096774	-0.01309125	0.19275384	0.95664529
0.22580645	0.87096774	0.02006610	0.17417621	0.96221394
0.25806452	0.87096774	0.05497961	0.15744512	0.96530442
0.29032258	0.87096774	0.09015390	0.14263839	0.96618429
0.32258065	0.87096774	0.12467062	0.12947362	0.96516505
0.35483871	0.87096774	0.15794015	0.11753876	0.96257192
0.38709677	0.87096774	0.18954170	0.10638750	0.95874198
0.41935484	0.87096774	0.21912295	0.09557570	0.95403488
0.45161290	0.87096774	0.24633734	0.08467285	0.94884759
0.48387097	0.87096774	0.27080415	0.07326310	0.94362898
0.51612903	0.87096774	0.29208189	0.06094152	0.93889172
0.54838710	0.87096774	0.30964905	0.04730693	0.93522039
0.58064516	0.87096774	0.32288780	0.03195052	0.93327444
0.61290323	0.87096774	0.33106739	0.01443642	0.93378523
0.64516129	0.87096774	0.33332413	-0.00573274	0.93754584
0.67741935	0.87096774	0.32863439	-0.02918006	0.94539239
0.70967742	0.87096774	0.31577704	-0.05677596	0.95817547
0.74193548	0.87096774	0.29328667	-0.08986465	0.97671986
0.77419355	0.87096774	0.25942905	-0.13064949	1.00176948
0.80645161	0.87096774	0.21234810	-0.18266907	1.03390781
0.83870968	0.87096774	0.15087895	-0.25066665	1.07341268
0.87096774	0.87096774	0.07714386	-0.33736418	1.11984695
0.90322581	0.87096774	0.00202469	-0.43197560	1.17067705
0.93548387	0.87096774	-0.04931195	-0.48607025	1.21809044
0.96774194	0.87096774	-0.04590330	-0.38832933	1.24763346
1.00000000	0.87096774	0.00000000	0.00000000	1.25576253
0.00000000	0.90322581	0.00000000	0.00000000	0.86884823
0.03225806	0.90322581	-0.04553187	0.18624598	0.87447706
0.06451613	0.90322581	-0.06955782	0.23950049	0.89137934
0.09677419	0.90322581	-0.05934060	0.23243765	0.91344120
0.12903226	0.90322581	-0.02698907	0.20653412	0.93296487
0.16129032	0.90322581	0.01609775	0.17865997	0.94815069
0.19354839	0.90322581	0.06299163	0.15409274	0.95896985
0.22580645	0.90322581	0.11005296	0.13373964	0.96594143
0.25806452	0.90322581	0.15552633	0.11713178	0.96969229
0.29032258	0.90322581	0.19863568	0.10349353	0.97080478
0.32258065	0.90322581	0.23907792	0.09207607	0.96978545
0.35483871	0.90322581	0.27675177	0.08223571	0.96707981
0.38709677	0.90322581	0.31161402	0.07343258	0.96310069
0.41935484	0.90322581	0.34360301	0.06520998	0.95825752
0.45161290	0.90322581	0.37259722	0.05717303	0.95298220
0.48387097	0.90322581	0.39839224	0.04897131	0.94775023
0.51612903	0.90322581	0.42068691	0.04028525	0.94309691
0.54838710	0.90322581	0.43907351	0.03081457	0.93962866
0.58064516	0.90322581	0.45302854	0.02026628	0.93802932
0.61290323	0.90322581	0.46190116	0.00833841	0.93906153
0.64516129	0.90322581	0.46489563	-0.00530705	0.94356326
0.67741935	0.90322581	0.46104199	-0.02109428	0.95244018
0.70967742	0.90322581	0.44914496	-0.03963183	0.96665540
0.74193548	0.90322581	0.42769368	-0.06191026	0.98721946
0.77419355	0.90322581	0.39471016	-0.08970050	1.01518454
0.80645161	0.90322581	0.34754784	-0.12630242	1.05164537
0.83870968	0.90322581	0.28288349	-0.17758274	1.09774168
0.87096774	0.90322581	0.19801653	-0.25171244	1.15459926
0.90322581	0.90322581	0.09643397	-0.35118142	1.22262714
0.93548387	0.90322581	0.00033394	-0.44378352	1.29725855
0.96774194	0.90322581	-0.04149467	-0.40574801	1.35870084
1.00000000	0.90322581	0.00000000	0.00000000	1.38228434
0.00000000	0.93548387	0.00000000	0.00000000	0.78621267
0.03225806	0.93548387	-0.04931494	0.22164415	0.81241933
0.06451613	0.93548387	-0.02759632	0.23436452	0.86253570
0.09677419	0.93548387	0.03157128	0.19486965	0.90395757
0.12903226	0.93548387	0.10070033	0.15410489	0.93341107
0.16129032	0.93548387	0.16809368	0.12223020	0.95315127
0.19354839	0.93548387	0.22992108	0.09879863	0.96575774
0.22580645	0.93548387	0.28548871	0.08164151	0.97318759
0.25806452	0.93548387	0.33519425	0.06886241	0.97679849
0.29032258	0.93548387	0.37972028	0.05908681	0.97753051
0.32258065	0.93548387	0.41973285	0.05135754	0.97606261
0.35483871	0.93548387	0.45577816	0.04500267	0.97292304
0.38709677	0.93548387	0.48825438	0.03953627	0.96856443
0.41935484	0.93548387	0.51741059	0.03459251	0.96341564
0.45161290	0.93548387	0.54335407	0.02988362	0.95791826
0.48387097	0.93548387	0.56605883	0.02517342	0.95255310
0.51612903	0.93548387	0.58537303	0.02026026	0.94785909
0.54838710	0.93548387	0.60102402	0.01496532	0.94444666
0.58064516	0.93548387	0.61262033	0.00912287	0.94300621
0.61290323	0.93548387	0.61964919	0.00256934	0.94431301
0.64516129	0.93548387	0.62146660	-0.00487356	0.94922974
0.67741935	0.93548387	0.61727402	-0.01342938	0.95870996
0.70967742	0.93548387	0.60606949	-0.02342765	0.97380794
0.74193548	0.93548387	0.58654835	-0.03542985	0.99570573
0.77419355	0.93548387	0.55690336	-0.05050365	1.02577641
0.80645161	0.93548387	0.51443226	-0.07084240	1.06571508
0.83870968	0.93548387	0.45484812	-0.10113533	1.11778818
0.87096774	0.93548387	0.37155913	-0.15091466	1.18529082
0.90322581	0.93548387	0.25739758	-0.23429302	1.27330993
0.93548387	0.93548387	0.11750387	-0.34814161	1.38746951
0.96774194	0.93548387	0.00062596	-0.38799540	1.51400265
1.00000000	0.93548387	0.00000000	0.00000000	1.57629198
0.00000000	0.96774194	0.00000000	0.00000000	0.60614627
0.03225806	0.96774194	0.09593752	0.21384231	0.70275019
0.06451613	0.96774194	0.22164415	0.15861428	0.84461987
0.09677419	0.96774194	0.33030204	0.10414101	0.91293363
0.12903226	0.96774194	0.41651381	0.07001172	0.94864830
0.16129032	0.96774194	0.48440694	0.04943923	0.96847761
0.19354839	0.96774194	0.53874402	0.03669772	0.97953631
0.22580645	0.96774194	0.58320557	0.02846647	0.98519421
0.25806452	0.96774194	0.62038553	0.02290022	0.98721488
0.29032258	0.96774194	0.65206799	0.01895495	0.98661998
0.32258065	0.96774194	0.67947235	0.01601820	0.98407186
0.35483871	0.96774194	0.70342554	0.01371419	0.98005874
0.38709677	0.96774194	0.72447503	0.01180016	0.97499312
0.41935484	0.96774194	0.74296182	0.01011030	0.96926950
0.45161290	0.96774194	0.75906756	0.00852480	0.96330124
0.48387097	0.96774194	0.77284546	0.00695236	0.95754595
0.51612903	0.96774194	0.78424098	0.00532007	0.95252330
0.54838710	0.96774194	0.79310572	0.00356728	0.94882774
0.58064516	0.96774194	0.79920631	0.00164112	0.94713711
0.61290323	0.96774194	0.80222860	-0.00050785	0.94821882
0.64516129	0.96774194	0.80177565	-0.00293187	0.95293561
0.67741935	0.96774194	0.79735505	-0.00569717	0.96225535
0.70967742	0.96774194	0.78834627	-0.00890615	0.97727391
0.74193548	0.96774194	0.77392741	-0.01274412	0.99926850
0.77419355	0.96774194	0.75291642	-0.01758441	1.02981753
0.80645161	0.96774194	0.72342375	-0.02424718	1.07106403
0.83870968	0.96774194	0.68207402	-0.03470961	1.12629724
0.87096774	0.96774194	0.62228843	-0.05426190	1.20129358
0.90322581	0.96774194	0.53115936	-0.09712616	1.30756531
0.93548387	0.96774194	0.38799540	-0.18701191	1.46780789
0.96774194	0.96774194	0.18301775	-0.28824415	1.71337535
1.00000000	0.96774194	0.00000000	0.00000000	1.86159675
0.00000000	1.00000000	1.00000000	0.00000000	0.48169343
0.03225806	1.00000000	1.00000000	0.00000000	0.63282354
0.06451613	1.00000000	1.00000000	0.00000000	0.84222854
0.09677419	1.00000000	1.00000000	0.00000000	0.92512750
0.12903226	1.00000000	1.00000000	0.00000000	0.96156540
0.16129032	1.00000000	1.00000000	0.00000000	0.97943795
0.19354839	1.00000000	1.00000000	0.00000000	0.98847160
0.22580645	1.00000000	1.00000000	0.00000000	0.99250415
0.25806452	1.00000000	1.00000000	0.00000000	0.99329044
0.29032258	1.00000000	1.00000000	0.00000000	0.99176306
0.32258065	1.00000000	1.00000000	0.00000000	0.98850188
0.35483871	1.00000000	1.00000000	0.00000000	0.98393254
0.38709677	1.00000000	1.00000000	0.00000000	0.97842218
0.41935484	1.00000000	1.00000000	0.00000000	0.97233228
0.45161290	1.00000000	1.00000000	0.00000000	0.96605160
0.48387097	1.00000000	1.00000000	0.00000000	0.96001859
0.51612903	1.00000000	1.00000000	0.00000000	0.95473751
0.54838710	1.00000000	1.00000000	0.00000000	0.95078993
0.58064516	1.00000000	1.00000000	0.00000000	0.94884293
0.61290323	1.00000000	1.00000000	0.00000000	0.94965509
0.64516129	1.00000000	1.00000000	0.00000000	0.95408286
0.67741935	1.00000000	1.00000000	0.00000000	0.96309187
0.70967742	1.00000000	1.00000000	0.00000000	0.97778302
0.74193548	1.00000000	1.00000000	0.00000000	0.99945327
0.77419355	1.00000000	1.00000000	0.00000000	1.02973439
0.80645161	1.00000000	1.00000000	0.00000000	1.07091010
0.83870968	1.00000000	1.00000000	0.00000000	1.12667059
0.87096774	1.00000000	1.00000000	0.00000000	1.20402726
0.90322581	1.00000000	1.00000000	0.00000000	1.31816859
0.93548387	1.00000000	1.00000000	0.00000000	1.50160757
0.96774194	1.00000000	1.00000000	0.00000000	1.82257632
1.00000000	1.00000000	1.00000000	0.00000000	2.02899973
