VARIABLES="X","Y","U","V","P"
ZONE  F=POINT
I=32, J=32
0.00000000	0.00000000	0.00000000	0.00000000	0.99469410
0.03225806	0.00000000	0.00000000	0.00000000	0.99461218
0.06451613	0.00000000	0.00000000	0.00000000	0.99445337
0.09677419	0.00000000	0.00000000	0.00000000	0.99435075
0.12903226	0.00000000	0.00000000	0.00000000	0.99436985
0.16129032	0.00000000	0.00000000	0.00000000	0.99453482
0.19354839	0.00000000	0.00000000	0.00000000	0.99484875
0.22580645	0.00000000	0.00000000	0.00000000	0.99530575
0.25806452	0.00000000	0.00000000	0.00000000	0.99589668
0.29032258	0.00000000	0.00000000	0.00000000	0.99661123
0.32258065	0.00000000	0.00000000	0.00000000	0.99743833
0.35483871	0.00000000	0.00000000	0.00000000	0.99836607
0.38709677	0.00000000	0.00000000	0.00000000	0.99938142
0.41935484	0.00000000	0.00000000	0.00000000	1.00047015
0.45161290	0.00000000	0.00000000	0.00000000	1.00161679
0.48387097	0.00000000	0.00000000	0.00000000	1.00280465
0.51612903	0.00000000	0.00000000	0.00000000	1.00401594
0.54838710	0.00000000	0.00000000	0.00000000	1.00523190
0.58064516	0.00000000	0.00000000	0.00000000	1.00643303
0.61290323	0.00000000	0.00000000	0.00000000	1.00759931
0.64516129	0.00000000	0.00000000	0.00000000	1.00871050
0.67741935	0.00000000	0.00000000	0.00000000	1.00974646
0.70967742	0.00000000	0.00000000	0.00000000	1.01068741
0.74193548	0.00000000	0.00000000	0.00000000	1.01151432
0.77419355	0.00000000	0.00000000	0.00000000	1.01220913
0.80645161	0.00000000	0.00000000	0.00000000	1.01275527
0.83870968	0.00000000	0.00000000	0.00000000	1.01313884
0.87096774	0.00000000	0.00000000	0.00000000	1.01335141
0.90322581	0.00000000	0.00000000	0.00000000	1.01339647
0.93548387	0.00000000	0.00000000	0.00000000	1.01330182
0.96774194	0.00000000	0.00000000	0.00000000	1.01313970
1.00000000	0.00000000	0.00000000	0.00000000	1.01305434
0.00000000	0.03225806	0.00000000	0.00000000	0.99477600
0.03225806	0.03225806	-0.00014533	0.00014514	0.99469362
0.06451613	0.03225806	-0.00068931	0.00038619	0.99454467
0.09677419	0.03225806	-0.00154296	0.00055559	0.99446154
0.12903226	0.03225806	-0.00257826	0.00064059	0.99449470
0.16129032	0.03225806	-0.00368881	0.00066471	0.99466548
0.19354839	0.03225806	-0.00480240	0.00065182	0.99497833
0.22580645	0.03225806	-0.00587458	0.00061789	0.99542941
0.25806452	0.03225806	-0.00687841	0.00057158	0.99601121
0.29032258	0.03225806	-0.00779636	0.00051693	0.99671443
0.32258065	0.03225806	-0.00861549	0.00045570	0.99752861
0.35483871	0.03225806	-0.00932520	0.00038874	0.99844217
0.38709677	0.03225806	-0.00991629	0.00031663	0.99944235
0.41935484	0.03225806	-0.01038071	0.00023994	1.00051511
0.45161290	0.03225806	-0.01071158	0.00015933	1.00164515
0.48387097	0.03225806	-0.01090326	0.00007555	1.00281595
0.51612903	0.03225806	-0.01095149	-0.00001058	1.00400992
0.54838710	0.03225806	-0.01085350	-0.00009811	1.00520848
0.58064516	0.03225806	-0.01060819	-0.00018600	1.00639232
0.61290323	0.03225806	-0.01021626	-0.00027313	1.00754165
0.64516129	0.03225806	-0.00968036	-0.00035825	1.00863645
0.67741935	0.03225806	-0.00900528	-0.00044005	1.00965682
0.70967742	0.03225806	-0.00819819	-0.00051701	1.01058334
0.74193548	0.03225806	-0.00726914	-0.00058719	1.01139741
0.77419355	0.03225806	-0.00623226	-0.00064754	1.01208169
0.80645161	0.03225806	-0.00510828	-0.00069253	1.01262080
0.83870968	0.03225806	-0.00392957	-0.00071197	1.01300257
0.87096774	0.03225806	-0.00274809	-0.00068858	1.01322079
0.90322581	0.03225806	-0.00164503	-0.00059775	1.01328036
0.93548387	0.03225806	-0.00073598	-0.00041632	1.01320613
0.96774194	0.03225806	-0.00015657	-0.00015890	1.01305461
1.00000000	0.03225806	0.00000000	0.00000000	1.01296895
0.00000000	0.06451613	0.00000000	0.00000000	0.99493617
0.03225806	0.06451613	-0.00039165	0.00068930	0.99484108
0.06451613	0.06451613	-0.00141564	0.00139762	0.99468865
0.09677419	0.06451613	-0.00289110	0.00188894	0.99462616
0.12903226	0.06451613	-0.00463222	0.00214584	0.99467762
0.16129032	0.06451613	-0.00648566	0.00222413	0.99485677
0.19354839	0.06451613	-0.00834249	0.00218576	0.99516824
0.22580645	0.06451613	-0.01013166	0.00207600	0.99561051
0.25806452	0.06451613	-0.01180767	0.00192177	0.99617832
0.29032258	0.06451613	-0.01333986	0.00173707	0.99686400
0.32258065	0.06451613	-0.01470558	0.00152884	0.99765813
0.35483871	0.06451613	-0.01588659	0.00130080	0.99854982
0.38709677	0.06451613	-0.01686746	0.00105551	0.99952675
0.41935484	0.06451613	-0.01763502	0.00079529	1.00057526
0.45161290	0.06451613	-0.01817821	0.00052254	1.00168035
0.48387097	0.06451613	-0.01848819	0.00023990	1.00282581
0.51612903	0.06451613	-0.01855843	-0.00004976	1.00399430
0.54838710	0.06451613	-0.01838493	-0.00034329	1.00516755
0.58064516	0.06451613	-0.01796641	-0.00063724	1.00632651
0.61290323	0.06451613	-0.01730455	-0.00092783	1.00745167
0.64516129	0.06451613	-0.01640426	-0.00121098	1.00852329
0.67741935	0.06451613	-0.01527398	-0.00148217	1.00952182
0.70967742	0.06451613	-0.01392620	-0.00173614	1.01042828
0.74193548	0.06451613	-0.01237838	-0.00196593	1.01122474
0.77419355	0.06451613	-0.01065495	-0.00216086	1.01189491
0.80645161	0.06451613	-0.00879126	-0.00230267	1.01242507
0.83870968	0.06451613	-0.00684066	-0.00236018	1.01280540
0.87096774	0.06451613	-0.00488495	-0.00228453	1.01303210
0.90322581	0.06451613	-0.00304577	-0.00201210	1.01311034
0.93548387	0.06451613	-0.00148922	-0.00148845	1.01305732
0.96774194	0.06451613	-0.00041155	-0.00073597	1.01290237
1.00000000	0.06451613	0.00000000	0.00000000	1.01280377
0.00000000	0.09677419	0.00000000	0.00000000	0.99504304
0.03225806	0.09677419	-0.00057888	0.00156077	0.99492324
0.06451613	0.09677419	-0.00196838	0.00288563	0.99473996
0.09677419	0.09677419	-0.00389172	0.00377216	0.99467234
0.12903226	0.09677419	-0.00611739	0.00423514	0.99472689
0.16129032	0.09677419	-0.00846608	0.00437496	0.99490892
0.19354839	0.09677419	-0.01081106	0.00429781	0.99522023
0.22580645	0.09677419	-0.01306790	0.00408306	0.99565912
0.25806452	0.09677419	-0.01518086	0.00377977	0.99622104
0.29032258	0.09677419	-0.01711136	0.00341483	0.99689915
0.32258065	0.09677419	-0.01883057	0.00300242	0.99768475
0.35483871	0.09677419	-0.02031536	0.00255061	0.99856745
0.38709677	0.09677419	-0.02154639	0.00206505	0.99953532
0.41935484	0.09677419	-0.02250737	0.00155069	1.00057496
0.45161290	0.09677419	-0.02318479	0.00101250	1.00167161
0.48387097	0.09677419	-0.02356797	0.00045576	1.00280920
0.51612903	0.09677419	-0.02364916	-0.00011384	1.00397051
0.54838710	0.09677419	-0.02342373	-0.00069013	1.00513732
0.58064516	0.09677419	-0.02289041	-0.00126638	1.00629061
0.61290323	0.09677419	-0.02205159	-0.00183528	1.00741083
0.64516129	0.09677419	-0.02091364	-0.00238882	1.00847824
0.67741935	0.09677419	-0.01948738	-0.00291810	1.00947323
0.70967742	0.09677419	-0.01778872	-0.00341260	1.01037685
0.74193548	0.09677419	-0.01583988	-0.00385843	1.01117126
0.77419355	0.09677419	-0.01367178	-0.00423465	1.01184050
0.80645161	0.09677419	-0.01132844	-0.00450681	1.01237130
0.83870968	0.09677419	-0.00887475	-0.00461827	1.01275426
0.87096774	0.09677419	-0.00640765	-0.00448347	1.01298523
0.90322581	0.09677419	-0.00406863	-0.00399348	1.01306659
0.93548387	0.09677419	-0.00205183	-0.00305053	1.01300739
0.96774194	0.09677419	-0.00060091	-0.00164811	1.01282000
1.00000000	0.09677419	0.00000000	0.00000000	1.01269583
0.00000000	0.12903226	0.00000000	0.00000000	0.99502935
0.03225806	0.12903226	-0.00069801	0.00265766	0.99488717
0.06451613	0.12903226	-0.00234233	0.00471045	0.99467091
0.09677419	0.12903226	-0.00458221	0.00603794	0.99458895
0.12903226	0.12903226	-0.00714559	0.00672019	0.99463918
0.16129032	0.12903226	-0.00983276	0.00691779	0.99482114
0.19354839	0.12903226	-0.01250598	0.00678757	0.99513371
0.22580645	0.12903226	-0.01507391	0.00644580	0.99557413
0.25806452	0.12903226	-0.01747561	0.00596521	0.99613774
0.29032258	0.12903226	-0.01966832	0.00538677	0.99681796
0.32258065	0.12903226	-0.02161980	0.00473283	0.99760641
0.35483871	0.12903226	-0.02330408	0.00401662	0.99849301
0.38709677	0.12903226	-0.02469953	0.00324751	0.99946605
0.41935484	0.12903226	-0.02578801	0.00243368	1.00051230
0.45161290	0.12903226	-0.02655458	0.00158314	1.00161705
0.48387097	0.12903226	-0.02698743	0.00070427	1.00276425
0.51612903	0.12903226	-0.02707799	-0.00019400	1.00393661
0.54838710	0.12903226	-0.02682109	-0.00110204	1.00511573
0.58064516	0.12903226	-0.02621528	-0.00200937	1.00628237
0.61290323	0.12903226	-0.02526306	-0.00290459	1.00741667
0.64516129	0.12903226	-0.02397142	-0.00377518	1.00849849
0.67741935	0.12903226	-0.02235230	-0.00460709	1.00950779
0.70967742	0.12903226	-0.02042342	-0.00538363	1.01042517
0.74193548	0.12903226	-0.01820966	-0.00608287	1.01123235
0.77419355	0.12903226	-0.01574556	-0.00667230	1.01191297
0.80645161	0.12903226	-0.01308000	-0.00709969	1.01245332
0.83870968	0.12903226	-0.01028424	-0.00728096	1.01284333
0.87096774	0.12903226	-0.00746389	-0.00709065	1.01307747
0.90322581	0.12903226	-0.00477360	-0.00636791	1.01315524
0.93548387	0.12903226	-0.00243023	-0.00495616	1.01308049
0.96774194	0.12903226	-0.00071970	-0.00278779	1.01285821
1.00000000	0.12903226	0.00000000	0.00000000	1.01271073
0.00000000	0.16129032	0.00000000	0.00000000	0.99486540
0.03225806	0.16129032	-0.00077374	0.00390309	0.99470555
0.06451613	0.16129032	-0.00259765	0.00676982	0.99446095
0.09677419	0.16129032	-0.00507030	0.00857541	0.99436323
0.12903226	0.16129032	-0.00788542	0.00948568	0.99440704
0.16129032	0.16129032	-0.01082430	0.00973534	0.99458876
0.19354839	0.16129032	-0.01373963	0.00953896	0.99490517
0.22580645	0.16129032	-0.01653505	0.00905268	0.99535241
0.25806452	0.16129032	-0.01914660	0.00837417	0.99592538
0.29032258	0.16129032	-0.02152930	0.00755902	0.99661740
0.32258065	0.16129032	-0.02364908	0.00663817	0.99742017
0.35483871	0.16129032	-0.02547844	0.00563033	0.99832369
0.38709677	0.16129032	-0.02699449	0.00454898	0.99931631
0.41935484	0.16129032	-0.02817800	0.00340573	1.00038480
0.45161290	0.16129032	-0.02901311	0.00221191	1.00151440
0.48387097	0.16129032	-0.02948718	0.00097916	1.00268887
0.51612903	0.16129032	-0.02959088	-0.00028018	1.00389065
0.54838710	0.16129032	-0.02931835	-0.00155284	1.00510100
0.58064516	0.16129032	-0.02866748	-0.00282441	1.00630016
0.61290323	0.16129032	-0.02764031	-0.00407913	1.00746765
0.64516129	0.16129032	-0.02624352	-0.00529958	1.00858259
0.67741935	0.16129032	-0.02448914	-0.00646610	1.00962411
0.70967742	0.16129032	-0.02239545	-0.00755523	1.01057185
0.74193548	0.16129032	-0.01998851	-0.00853629	1.01140659
0.77419355	0.16129032	-0.01730488	-0.00936431	1.01211093
0.80645161	0.16129032	-0.01439651	-0.00996813	1.01267011
0.83870968	0.16129032	-0.01133933	-0.01023438	1.01307284
0.87096774	0.16129032	-0.00824637	-0.00999410	1.01331206
0.90322581	0.16129032	-0.00528494	-0.00902713	1.01338526
0.93548387	0.16129032	-0.00269404	-0.00710442	1.01329388
0.96774194	0.16129032	-0.00079621	-0.00407834	1.01304117
1.00000000	0.16129032	0.00000000	0.00000000	1.01287491
0.00000000	0.19354839	0.00000000	0.00000000	0.99453909
0.03225806	0.19354839	-0.00083041	0.00525530	0.99436468
0.06451613	0.19354839	-0.00279773	0.00900700	0.99409581
0.09677419	0.19354839	-0.00546389	0.01132569	0.99398349
0.12903226	0.19354839	-0.00849325	0.01247417	0.99402155
0.16129032	0.19354839	-0.01164857	0.01277199	0.99420487
0.19354839	0.19354839	-0.01477246	0.01249832	0.99452891
0.22580645	0.19354839	-0.01776344	0.01185276	0.99498891
0.25806452	0.19354839	-0.02055491	0.01095945	0.99557925
0.29032258	0.19354839	-0.02310037	0.00988924	0.99629302
0.32258065	0.19354839	-0.02536466	0.00868197	0.99712178
0.35483871	0.19354839	-0.02731947	0.00736202	0.99805545
0.38709677	0.19354839	-0.02894121	0.00594707	0.99908229
0.41935484	0.19354839	-0.03021001	0.00445229	1.00018894
0.45161290	0.19354839	-0.03110933	0.00289231	1.00136040
0.48387097	0.19354839	-0.03162580	0.00128204	1.00258013
0.51612903	0.19354839	-0.03174921	-0.00036284	1.00383011
0.54838710	0.19354839	-0.03147269	-0.00202544	1.00509102
0.58064516	0.19354839	-0.03079300	-0.00368742	1.00634234
0.61290323	0.19354839	-0.02971100	-0.00532855	1.00756267
0.64516129	0.19354839	-0.02823228	-0.00692635	1.00873001
0.67741935	0.19354839	-0.02636800	-0.00845516	1.00982223
0.70967742	0.19354839	-0.02413601	-0.00988425	1.01081756
0.74193548	0.19354839	-0.02156264	-0.01117343	1.01169527
0.77419355	0.19354839	-0.01868567	-0.01226429	1.01243640
0.80645161	0.19354839	-0.01555977	-0.01306524	1.01302464
0.83870968	0.19354839	-0.01226577	-0.01343110	1.01344719
0.87096774	0.19354839	-0.00892527	-0.01314503	1.01369557
0.90322581	0.19354839	-0.00572001	-0.01192023	1.01376607
0.93548387	0.19354839	-0.00291198	-0.00944487	1.01365953
0.96774194	0.19354839	-0.00085658	-0.00548183	1.01338004
1.00000000	0.19354839	0.00000000	0.00000000	1.01319770
0.00000000	0.22580645	0.00000000	0.00000000	0.99404404
0.03225806	0.22580645	-0.00088444	0.00670081	0.99385600
0.06451613	0.22580645	-0.00298909	0.01140330	0.99356443
0.09677419	0.22580645	-0.00584360	0.01427091	0.99343878
0.12903226	0.22580645	-0.00908468	0.01567035	0.99347286
0.16129032	0.22580645	-0.01245615	0.01601455	0.99366077
0.19354839	0.22580645	-0.01578939	0.01565381	0.99399713
0.22580645	0.22580645	-0.01897699	0.01483512	0.99447646
0.25806452	0.22580645	-0.02194937	0.01371109	0.99509264
0.29032258	0.22580645	-0.02465853	0.01236875	0.99583842
0.32258065	0.22580645	-0.02706854	0.01085727	0.99670512
0.35483871	0.22580645	-0.02915062	0.00920688	0.99768245
0.38709677	0.22580645	-0.03088083	0.00743950	0.99875846
0.41935484	0.22580645	-0.03223894	0.00557385	0.99991951
0.45161290	0.22580645	-0.03320791	0.00362770	1.00115026
0.48387097	0.22580645	-0.03377363	0.00161904	1.00243370
0.51612903	0.22580645	-0.03392485	-0.00043329	1.00375123
0.54838710	0.22580645	-0.03365332	-0.00250905	1.00508270
0.58064516	0.22580645	-0.03295414	-0.00458610	1.00640663
0.61290323	0.22580645	-0.03182625	-0.00663984	1.00770036
0.64516129	0.22580645	-0.03027330	-0.00864258	1.00894043
0.67741935	0.22580645	-0.02830466	-0.01056237	1.01010299
0.70967742	0.22580645	-0.02593686	-0.01236059	1.01116436
0.74193548	0.22580645	-0.02319577	-0.01398662	1.01210172
0.77419355	0.22580645	-0.02012010	-0.01536717	1.01289403
0.80645161	0.22580645	-0.01676744	-0.01638803	1.01352293
0.83870968	0.22580645	-0.01322471	-0.01686887	1.01397383
0.87096774	0.22580645	-0.00962413	-0.01653985	1.01423688
0.90322581	0.22580645	-0.00616453	-0.01504041	1.01430771
0.93548387	0.22580645	-0.00313308	-0.01196784	1.01418748
0.96774194	0.22580645	-0.00091789	-0.00699031	1.01388203
1.00000000	0.22580645	0.00000000	0.00000000	1.01368396
0.00000000	0.25806452	0.00000000	0.00000000	0.99337366
0.03225806	0.25806452	-0.00094523	0.00824438	0.99317120
0.06451613	0.25806452	-0.00320053	0.01396615	0.99285611
0.09677419	0.25806452	-0.00626105	0.01742128	0.99271773
0.12903226	0.25806452	-0.00973437	0.01908671	0.99274981
0.16129032	0.25806452	-0.01334378	0.01947669	0.99294589
0.19354839	0.25806452	-0.01690802	0.01901915	0.99329986
0.22580645	0.25806452	-0.02031269	0.01801273	0.99380561
0.25806452	0.25806452	-0.02348468	0.01664099	0.99445651
0.29032258	0.25806452	-0.02637437	0.01500840	0.99524492
0.32258065	0.25806452	-0.02894515	0.01317405	0.99616183
0.35483871	0.25806452	-0.03116806	0.01117431	0.99719664
0.38709677	0.25806452	-0.03301914	0.00903538	0.99833711
0.41935484	0.25806452	-0.03447807	0.00677937	0.99956921
0.45161290	0.25806452	-0.03552749	0.00442700	1.00087716
0.48387097	0.25806452	-0.03615259	0.00199897	1.00224339
0.51612903	0.25806452	-0.03634091	-0.00048314	1.00364854
0.54838710	0.25806452	-0.03608245	-0.00299615	1.00507151
0.58064516	0.25806452	-0.03537003	-0.00551449	1.00648960
0.61290323	0.25806452	-0.03419990	-0.00800939	1.00787863
0.64516129	0.25806452	-0.03257276	-0.01044794	1.00921329
0.67741935	0.25806452	-0.03049512	-0.01279160	1.01046753
0.70967742	0.25806452	-0.02798120	-0.01499313	1.01161519
0.74193548	0.25806452	-0.02505563	-0.01699018	1.01263080
0.77419355	0.25806452	-0.02175767	-0.01869262	1.01349053
0.80645161	0.25806452	-0.01814834	-0.01996062	1.01417343
0.83870968	0.25806452	-0.01432202	-0.02057442	1.01466273
0.87096774	0.25806452	-0.01042411	-0.02020520	1.01494711
0.90322581	0.25806452	-0.00667399	-0.01841127	1.01502170
0.93548387	0.25806452	-0.00338776	-0.01469150	1.01488845
0.96774194	0.25806452	-0.00098980	-0.00861490	1.01455518
1.00000000	0.25806452	0.00000000	0.00000000	1.01433985
0.00000000	0.29032258	0.00000000	0.00000000	0.99251873
0.03225806	0.29032258	-0.00101776	0.00990132	0.99229991
0.06451613	0.29032258	-0.00344873	0.01671911	0.99195870
0.09677419	0.29032258	-0.00674731	0.02080475	0.99180738
0.12903226	0.29032258	-0.01048798	0.02275307	0.99183934
0.16129032	0.29032258	-0.01437074	0.02318818	0.99204741
0.19354839	0.29032258	-0.01819988	0.02262271	0.99242469
0.22580645	0.29032258	-0.02185290	0.02141178	0.99296438
0.25806452	0.29032258	-0.02525265	0.01977276	0.99365930
0.29032258	0.29032258	-0.02834777	0.01782921	0.99450134
0.32258065	0.29032258	-0.03110119	0.01565096	0.99548108
0.35483871	0.29032258	-0.03348414	0.01328087	0.99658757
0.38709677	0.29032258	-0.03547305	0.01074951	0.99780816
0.41935484	0.29032258	-0.03704793	0.00808220	0.99912842
0.45161290	0.29032258	-0.03819140	0.00530221	1.00053205
0.48387097	0.29032258	-0.03888807	0.00243245	1.00200082
0.51612903	0.29032258	-0.03912417	-0.00050342	1.00351456
0.54838710	0.29032258	-0.03888759	-0.00347992	1.00505110
0.58064516	0.29032258	-0.03816818	-0.00646865	1.00658630
0.61290323	0.29032258	-0.03695853	-0.00943712	1.00809422
0.64516129	0.29032258	-0.03525518	-0.01234736	1.00954730
0.67741935	0.29032258	-0.03306045	-0.01515392	1.01091682
0.70967742	0.29032258	-0.03038483	-0.01780008	1.01217351
0.74193548	0.29032258	-0.02725057	-0.02021015	1.01328848
0.77419355	0.29032258	-0.02369693	-0.02227445	1.01423437
0.80645161	0.29032258	-0.01978860	-0.02382367	1.01498688
0.83870968	0.29032258	-0.01562894	-0.02459309	1.01552644
0.87096774	0.29032258	-0.01137949	-0.02418787	1.01583992
0.90322581	0.29032258	-0.00728459	-0.02207675	1.01592197
0.93548387	0.29032258	-0.00369490	-0.01765202	1.01577547
0.96774194	0.29032258	-0.00107771	-0.01037807	1.01541046
1.00000000	0.29032258	0.00000000	0.00000000	1.01517496
0.00000000	0.32258065	0.00000000	0.00000000	0.99146657
0.03225806	0.32258065	-0.00110500	0.01169310	0.99122866
0.06451613	0.32258065	-0.00374414	0.01969569	0.99085745
0.09677419	0.32258065	-0.00732244	0.02446052	0.99069228
0.12903226	0.32258065	-0.01137535	0.02671013	0.99072581
0.16129032	0.32258065	-0.01557576	0.02718857	0.99094984
0.19354839	0.32258065	-0.01971121	0.02650130	0.99135646
0.22580645	0.32258065	-0.02364998	0.02506550	0.99193803
0.25806452	0.32258065	-0.02731043	0.02313584	0.99268669
0.29032258	0.32258065	-0.03063955	0.02085693	0.99359377
0.32258065	0.32258065	-0.03360024	0.01831042	0.99464939
0.35483871	0.32258065	-0.03616450	0.01554616	0.99584215
0.38709677	0.32258065	-0.03830984	0.01259917	0.99715899
0.41935484	0.32258065	-0.04001722	0.00949772	0.99858500
0.45161290	0.32258065	-0.04126974	0.00626713	1.00010336
0.48387097	0.32258065	-0.04205173	0.00293173	1.00169521
0.51612903	0.32258065	-0.04234811	-0.00048362	1.00333949
0.54838710	0.32258065	-0.04214431	-0.00395214	1.00501290
0.58064516	0.32258065	-0.04142646	-0.00744355	1.00668980
0.61290323	0.32258065	-0.04018232	-0.01092238	1.00834221
0.64516129	0.32258065	-0.03840271	-0.01434602	1.00994000
0.67741935	0.32258065	-0.03608388	-0.01766195	1.01145123
0.70967742	0.32258065	-0.03323066	-0.02080300	1.01284282
0.74193548	0.32258065	-0.02986115	-0.02367808	1.01408157
0.77419355	0.32258065	-0.02601340	-0.02615458	1.01513559
0.80645161	0.32258065	-0.02175569	-0.02802861	1.01597622
0.83870968	0.32258065	-0.01720186	-0.02898351	1.01658020
0.87096774	0.32258065	-0.01253308	-0.02854954	1.01693202
0.90322581	0.32258065	-0.00802432	-0.02609585	1.01702560
0.93548387	0.32258065	-0.00406853	-0.02089837	1.01686493
0.96774194	0.32258065	-0.00118542	-0.01230979	1.01646253
1.00000000	0.32258065	0.00000000	0.00000000	1.01620293
0.00000000	0.35483871	0.00000000	0.00000000	0.99020074
0.03225806	0.35483871	-0.00120931	0.01364545	0.98994036
0.06451613	0.35483871	-0.00409511	0.02293654	0.98953425
0.09677419	0.35483871	-0.00800256	0.02843595	0.98935377
0.12903226	0.35483871	-0.01242040	0.03100638	0.98939042
0.16129032	0.35483871	-0.01698955	0.03152404	0.98963457
0.19354839	0.35483871	-0.02147805	0.03069692	0.99007695
0.22580645	0.35483871	-0.02574368	0.02901098	0.99070882
0.25806452	0.35483871	-0.02970009	0.02676232	0.99152145
0.29032258	0.35483871	-0.03329297	0.02411902	0.99250549
0.32258065	0.35483871	-0.03648593	0.02117591	0.99365050
0.35483871	0.35483871	-0.03925268	0.01799046	0.99494459
0.38709677	0.35483871	-0.04157284	0.01460222	0.99637424
0.41935484	0.35483871	-0.04342930	0.01104209	0.99792409
0.45161290	0.35483871	-0.04480646	0.00733672	0.99957684
0.48387097	0.35483871	-0.04568887	0.00351082	1.00131301
0.51612903	0.35483871	-0.04606034	-0.00041083	1.00311077
0.54838710	0.35483871	-0.04590350	-0.00440157	1.00494572
0.58064516	0.35483871	-0.04519998	-0.00843064	1.00679066
0.61290323	0.35483871	-0.04393126	-0.01246087	1.00861547
0.64516129	0.35483871	-0.04208047	-0.01644579	1.01038711
0.67741935	0.35483871	-0.03963526	-0.02032597	1.01206992
0.70967742	0.35483871	-0.03659198	-0.02402280	1.01362619
0.74193548	0.35483871	-0.03296182	-0.02742740	1.01501734
0.77419355	0.35483871	-0.02877952	-0.03037989	1.01620566
0.80645161	0.35483871	-0.02411611	-0.03263521	1.01715674
0.83870968	0.35483871	-0.01909730	-0.03381570	1.01784239
0.87096774	0.35483871	-0.01392806	-0.03336541	1.01824375
0.90322581	0.35483871	-0.00892134	-0.03054129	1.01835365
0.93548387	0.35483871	-0.00452268	-0.02449091	1.01817728
0.96774194	0.35483871	-0.00131668	-0.01444659	1.01773027
1.00000000	0.35483871	0.00000000	0.00000000	1.01744159
0.00000000	0.38709677	0.00000000	0.00000000	0.98870082
0.03225806	0.38709677	-0.00133329	0.01578820	0.98841397
0.06451613	0.38709677	-0.00451056	0.02648893	0.98796703
0.09677419	0.38709677	-0.00880443	0.03278580	0.98776930
0.12903226	0.38709677	-0.01364758	0.03569711	0.98781062
0.16129032	0.38709677	-0.01864288	0.03624621	0.98807937
0.19354839	0.38709677	-0.02353564	0.03525542	0.98856446
0.22580645	0.38709677	-0.02817182	0.03328753	0.98925568
0.25806452	0.38709677	-0.03246028	0.03068512	0.99014316
0.29032258	0.38709677	-0.03634619	0.02764276	0.99121672
0.32258065	0.38709677	-0.03979504	0.02427013	0.99246521
0.35483871	0.38709677	-0.04278372	0.02063307	0.99387620
0.38709677	0.38709677	-0.04529545	0.01677578	0.99543568
0.41935484	0.38709677	-0.04731647	0.01273133	0.99712792
0.45161290	0.38709677	-0.04883366	0.00852669	0.99893520
0.48387097	0.38709677	-0.04983271	0.00418561	1.00083761
0.51612903	0.38709677	-0.05029672	-0.00026898	1.00281269
0.54838710	0.38709677	-0.05020539	-0.00481249	1.00483511
0.58064516	0.38709677	-0.04953496	-0.00941579	1.00687624
0.61290323	0.38709677	-0.04825900	-0.01404188	1.00890380
0.64516129	0.38709677	-0.04635041	-0.01864202	1.01088168
0.67741935	0.38709677	-0.04378486	-0.02315044	1.01276996
0.70967742	0.38709677	-0.04054626	-0.02747643	1.01452545
0.74193548	0.38709677	-0.03663468	-0.03149054	1.01610292
0.77419355	0.38709677	-0.03207793	-0.03500029	1.01745716
0.80645161	0.38709677	-0.02694787	-0.03771081	1.01854613
0.83870968	0.38709677	-0.02138296	-0.03917155	1.01933488
0.87096774	0.38709677	-0.01561694	-0.03872550	1.01979980
0.90322581	0.38709677	-0.01001024	-0.03550122	1.01993192
0.93548387	0.38709677	-0.00507472	-0.02850302	1.01973784
0.96774194	0.38709677	-0.00147623	-0.01683247	1.01923713
1.00000000	0.38709677	0.00000000	0.00000000	1.01891322
0.00000000	0.41935484	0.00000000	0.00000000	0.98694198
0.03225806	0.41935484	-0.00148037	0.01815600	0.98662391
0.06451613	0.41935484	-0.00500162	0.03040767	0.98612909
0.09677419	0.41935484	-0.00974856	0.03757296	0.98591172
0.12903226	0.41935484	-0.01508616	0.04084482	0.98595941
0.16129032	0.41935484	-0.02057187	0.04141208	0.98625781
0.19354839	0.41935484	-0.02592439	0.04022585	0.98679336
0.22580645	0.41935484	-0.03097656	0.03793561	0.98755387
0.25806452	0.41935484	-0.03563275	0.03493668	0.98852800
0.29032258	0.41935484	-0.03983887	0.03145377	0.98970443
0.32258065	0.41935484	-0.04356413	0.02761344	0.99107121
0.35483871	0.41935484	-0.04679068	0.02349087	0.99261524
0.38709677	0.41935484	-0.04950746	0.01913496	0.99432207
0.41935484	0.41935484	-0.05170605	0.01458030	0.99617561
0.45161290	0.41935484	-0.05337759	0.00985296	0.99815793
0.48387097	0.41935484	-0.05451021	0.00497388	1.00024891
0.51612903	0.41935484	-0.05508708	-0.00003815	1.00242580
0.54838710	0.41935484	-0.05508510	-0.00516333	1.00466266
0.58064516	0.41935484	-0.05447435	-0.01037703	1.00692977
0.61290323	0.41935484	-0.05321865	-0.01564542	1.00919291
0.64516129	0.41935484	-0.05127757	-0.02091993	1.01141287
0.67741935	0.41935484	-0.04861047	-0.02613011	1.01354511
0.70967742	0.41935484	-0.04518324	-0.03117298	1.01554010
0.74193548	0.41935484	-0.04097862	-0.03589572	1.01734443
0.77419355	0.41935484	-0.03601161	-0.04006670	1.01890329
0.80645161	0.41935484	-0.03035091	-0.04333016	1.02016443
0.83870968	0.41935484	-0.02414760	-0.04514662	1.02108352
0.87096774	0.41935484	-0.01766980	-0.04473812	1.02163004
0.90322581	0.41935484	-0.01133784	-0.04108350	1.02179208
0.93548387	0.41935484	-0.00574842	-0.03302491	1.02157778
0.96774194	0.41935484	-0.00167067	-0.01952131	1.02101190
1.00000000	0.41935484	0.00000000	0.00000000	1.02064499
0.00000000	0.45161290	0.00000000	0.00000000	0.98489434
0.03225806	0.45161290	-0.00165516	0.02078981	0.98453932
0.06451613	0.45161290	-0.00558317	0.03475711	0.98398815
0.09677419	0.45161290	-0.01086176	0.04287032	0.98374835
0.12903226	0.45161290	-0.01677374	0.04652042	0.98380450
0.16129032	0.45161290	-0.02282200	0.04708443	0.98413853
0.19354839	0.45161290	-0.02869414	0.04566010	0.98473352
0.22580645	0.45161290	-0.03420865	0.04299588	0.98557457
0.25806452	0.45161290	-0.03926628	0.03954743	0.98664839
0.29032258	0.45161290	-0.04381574	0.03557414	0.98794220
0.32258065	0.45161290	-0.04783262	0.03122194	0.98944299
0.35483871	0.45161290	-0.05130727	0.02657640	0.99113692
0.38709677	0.45161290	-0.05423724	0.02169115	0.99300904
0.41935484	0.45161290	-0.05662222	0.01660146	0.99504307
0.45161290	0.45161290	-0.05845994	0.01133083	0.99722105
0.48387097	0.45161290	-0.05974293	0.00589510	0.99952302
0.51612903	0.45161290	-0.06045579	0.00030591	1.00192639
0.54838710	0.45161290	-0.06057313	-0.00542522	1.00440523
0.58064516	0.45161290	-0.06005837	-0.01128224	1.00692930
0.61290323	0.45161290	-0.05886374	-0.01723867	1.00946300
0.64516129	0.45161290	-0.05693198	-0.02325019	1.01196434
0.67741935	0.45161290	-0.05420064	-0.02924477	1.01438408
0.70967742	0.45161290	-0.05061009	-0.03510828	1.01666553
0.74193548	0.45161290	-0.04611677	-0.04066216	1.01874547
0.77419355	0.45161290	-0.04071349	-0.04562799	1.02055684
0.80645161	0.45161290	-0.03445835	-0.04957481	1.02203372
0.83870968	0.45161290	-0.02751262	-0.05185265	1.02311855
0.87096774	0.45161290	-0.02018461	-0.05153525	1.02377060
0.90322581	0.45161290	-0.01297066	-0.04742259	1.02397305
0.93548387	0.45161290	-0.00657791	-0.03817019	1.02373552
0.96774194	0.45161290	-0.00190947	-0.02258088	1.02308966
1.00000000	0.45161290	0.00000000	0.00000000	1.02266973
0.00000000	0.48387097	0.00000000	0.00000000	0.98252196
0.03225806	0.48387097	-0.00186413	0.02373915	0.98212295
0.06451613	0.48387097	-0.00627555	0.03961426	0.98150513
0.09677419	0.48387097	-0.01218023	0.04876353	0.98123975
0.12903226	0.48387097	-0.01876015	0.05280505	0.98130723
0.16129032	0.48387097	-0.02545237	0.05333247	0.98168438
0.19354839	0.48387097	-0.03190823	0.05161249	0.98234960
0.22580645	0.48387097	-0.03793102	0.04850775	0.98328438
0.25806452	0.48387097	-0.04341965	0.04454377	0.98447274
0.29032258	0.48387097	-0.04832877	0.04002010	0.98590001
0.32258065	0.48387097	-0.05264422	0.03510496	0.98755180
0.35483871	0.48387097	-0.05636851	0.02989548	0.98941337
0.38709677	0.48387097	-0.05951175	0.02444990	0.99146925
0.41935484	0.48387097	-0.06208526	0.01880299	0.99370305
0.45161290	0.48387097	-0.06409659	0.01297367	0.99609709
0.48387097	0.48387097	-0.06554532	0.00696973	0.99863201
0.51612903	0.48387097	-0.06641952	0.00079204	1.00128608
0.54838710	0.48387097	-0.06669275	-0.00556074	1.00403417
0.58064516	0.48387097	-0.06632187	-0.01208642	1.00684654
0.61290323	0.48387097	-0.06524600	-0.01877181	1.00968722
0.64516129	0.48387097	-0.06338738	-0.02558303	1.01251225
0.67741935	0.48387097	-0.06065527	-0.03245200	1.01526809
0.70967742	0.48387097	-0.05695487	-0.03925684	1.01789048
0.74193548	0.48387097	-0.05220355	-0.04579232	1.02030476
0.77419355	0.48387097	-0.04635750	-0.05172512	1.02242843
0.80645161	0.48387097	-0.03945101	-0.05653102	1.02417724
0.83870968	0.48387097	-0.03164837	-0.05942035	1.02547490
0.87096774	0.48387097	-0.02330262	-0.05928007	1.02626523
0.90322581	0.48387097	-0.01500667	-0.05469018	1.02652305
0.93548387	0.48387097	-0.00761418	-0.04408610	1.02625884
0.96774194	0.48387097	-0.00220689	-0.02609921	1.02551341
1.00000000	0.48387097	0.00000000	0.00000000	1.02502705
0.00000000	0.51612903	0.00000000	0.00000000	0.97978132
0.03225806	0.51612903	-0.00211643	0.02706535	0.97932948
0.06451613	0.51612903	-0.00710719	0.04507319	0.97863232
0.09677419	0.51612903	-0.01375360	0.05535491	0.97833797
0.12903226	0.51612903	-0.02111249	0.05979255	0.97842104
0.16129032	0.51612903	-0.02854093	0.06023251	0.97885118
0.19354839	0.51612903	-0.03564830	0.05813875	0.97960026
0.22580645	0.51612903	-0.04222268	0.05450729	0.98064477
0.25806452	0.51612903	-0.04816436	0.04994516	0.98196514
0.29032258	0.51612903	-0.05343879	0.04479870	0.98354418
0.32258065	0.51612903	-0.05804742	0.03926168	0.98536575
0.35483871	0.51612903	-0.06201031	0.03344393	0.98741392
0.38709677	0.51612903	-0.06535514	0.02740789	0.98967264
0.41935484	0.51612903	-0.06810944	0.02118629	0.99212548
0.45161290	0.51612903	-0.07029464	0.01479090	0.99475535
0.48387097	0.51612903	-0.07192091	0.00821803	0.99754408
0.51612903	0.51612903	-0.07298274	0.00145334	1.00047159
0.54838710	0.51612903	-0.07345485	-0.00552287	1.00351475
0.58064516	0.51612903	-0.07328869	-0.01272899	1.00664571
0.61290323	0.51612903	-0.07240971	-0.02017315	1.00982974
0.64516129	0.51612903	-0.07071645	-0.02784091	1.01302257
0.67741935	0.51612903	-0.06808300	-0.03567727	1.01616758
0.70967742	0.51612903	-0.06436753	-0.04355999	1.01919331
0.74193548	0.51612903	-0.05943113	-0.05125952	1.02201235
0.77419355	0.51612903	-0.05317164	-0.05838053	1.02452329
0.80645161	0.51612903	-0.04557696	-0.06428394	1.02661750
0.83870968	0.51612903	-0.03679815	-0.06800103	1.02819198
0.87096774	0.51612903	-0.02723274	-0.06817694	1.02916687
0.90322581	0.51612903	-0.01759493	-0.06311102	1.02950250
0.93548387	0.51612903	-0.00893647	-0.05096996	1.02920818
0.96774194	0.51612903	-0.00258536	-0.03019505	1.02833649
1.00000000	0.51612903	0.00000000	0.00000000	1.02776515
0.00000000	0.54838710	0.00000000	0.00000000	0.97661907
0.03225806	0.54838710	-0.00242531	0.03084634	0.97610308
0.06451613	0.54838710	-0.00811853	0.05125142	0.97531066
0.09677419	0.54838710	-0.01565111	0.06276882	0.97498403
0.12903226	0.54838710	-0.02392227	0.06759237	0.97508945
0.16129032	0.54838710	-0.03219141	0.06786827	0.97558622
0.19354839	0.54838710	-0.04002013	0.06529424	0.97643702
0.22580645	0.54838710	-0.04718299	0.06102381	0.97761144
0.25806452	0.54838710	-0.05358728	0.05575986	0.97908510
0.29032258	0.54838710	-0.05921643	0.04990315	0.98083749
0.32258065	0.54838710	-0.06409500	0.04367648	0.98285014
0.35483871	0.54838710	-0.06826761	0.03720320	0.98510564
0.38709677	0.54838710	-0.07178583	0.03054903	0.98758713
0.41935484	0.54838710	-0.07469903	0.02374249	0.99027821
0.45161290	0.54838710	-0.07704743	0.01678514	0.99316266
0.48387097	0.54838710	-0.07885624	0.00965783	0.99622407
0.51612903	0.54838710	-0.08013039	0.00232598	0.99944506
0.54838710	0.54838710	-0.08084934	-0.00525479	1.00280590
0.58064516	0.54838710	-0.08096188	-0.01313155	1.00628256
0.61290323	0.54838710	-0.08038109	-0.02134403	1.00984393
0.64516129	0.54838710	-0.07898031	-0.02990974	1.01344809
0.67741935	0.54838710	-0.07659229	-0.03880092	1.01703795
0.70967742	0.54838710	-0.07301520	-0.04790870	1.02053659
0.74193548	0.54838710	-0.06803184	-0.05698820	1.02384374
0.77419355	0.54838710	-0.06145045	-0.06557928	1.02683577
0.80645161	0.54838710	-0.05317559	-0.07290450	1.02937231
0.83870968	0.54838710	-0.04331207	-0.07776457	1.03131237
0.87096774	0.54838710	-0.03228925	-0.07848328	1.03253938
0.90322581	0.54838710	-0.02096845	-0.07298644	1.03298824
0.93548387	0.54838710	-0.01067254	-0.05909565	1.03266186
0.96774194	0.54838710	-0.00308198	-0.03503567	1.03162685
1.00000000	0.54838710	0.00000000	0.00000000	1.03094399
0.00000000	0.58064516	0.00000000	0.00000000	0.97296862
0.03225806	0.58064516	-0.00281048	0.03518387	0.97237358
0.06451613	0.58064516	-0.00936823	0.05829898	0.97146575
0.09677419	0.58064516	-0.01797064	0.07115864	0.97110436
0.12903226	0.58064516	-0.02731532	0.07633284	0.97124317
0.16129032	0.58064516	-0.03654229	0.07633036	0.97182621
0.19354839	0.58064516	-0.04516045	0.07313033	0.97280303
0.22580645	0.58064516	-0.05293578	0.06807443	0.97413370
0.25806452	0.58064516	-0.05979197	0.06197859	0.97578742
0.29032258	0.58064516	-0.06574106	0.05530642	0.97773939
0.32258065	0.58064516	-0.07084083	0.04831285	0.97996815
0.35483871	0.58064516	-0.07516947	0.04113475	0.98245427
0.38709677	0.58064516	-0.07881014	0.03383931	0.98517984
0.41935484	0.58064516	-0.08184054	0.02644789	0.98812837
0.45161290	0.58064516	-0.08432539	0.01894810	0.99128473
0.48387097	0.58064516	-0.08631016	0.01130099	0.99463489
0.51612903	0.58064516	-0.08781535	0.00344644	0.99816515
0.54838710	0.58064516	-0.08883031	-0.00469138	1.00186087
0.58064516	0.58064516	-0.08930628	-0.01319724	1.00570420
0.61290323	0.58064516	-0.08914825	-0.02215472	1.00967083
0.64516129	0.58064516	-0.08820640	-0.03162971	1.01372522
0.67741935	0.58064516	-0.08626919	-0.04164238	1.01781426
0.70967742	0.58064516	-0.08306295	-0.05212043	1.02185972
0.74193548	0.58064516	-0.07826695	-0.06282426	1.02575081
0.77419355	0.58064516	-0.07155770	-0.07323677	1.02933995
0.80645161	0.58064516	-0.06269894	-0.08242231	1.03244701
0.83870968	0.58064516	-0.05168774	-0.08888736	1.03487779
0.87096774	0.58064516	-0.03894513	-0.09052055	1.03645873
0.90322581	0.58064516	-0.02549584	-0.08472773	1.03707960
0.93548387	0.58064516	-0.01303335	-0.06885642	1.03672484
0.96774194	0.58064516	-0.00376046	-0.04086758	1.03547478
1.00000000	0.58064516	0.00000000	0.00000000	1.03464143
0.00000000	0.61290323	0.00000000	0.00000000	0.96874462
0.03225806	0.61290323	-0.00330202	0.04021455	0.96805059
0.06451613	0.61290323	-0.01094291	0.06641157	0.96700170
0.09677419	0.61290323	-0.02085201	0.08071591	0.96660554
0.12903226	0.61290323	-0.03146507	0.08616401	0.96679621
0.16129032	0.61290323	-0.04177712	0.08571339	0.96749468
0.19354839	0.61290323	-0.05124279	0.08168772	0.96863152
0.22580645	0.61290323	-0.05963036	0.07565532	0.97015376
0.25806452	0.61290323	-0.06689519	0.06856514	0.97202226
0.29032258	0.61290323	-0.07309328	0.06095201	0.97420674
0.32258065	0.61290323	-0.07832917	0.05310489	0.97668197
0.35483871	0.61290323	-0.08272578	0.04517250	0.97942588
0.38709677	0.61290323	-0.08640674	0.03722010	0.98241903
0.41935484	0.61290323	-0.08948524	0.02925774	0.98564463
0.45161290	0.61290323	-0.09205649	0.02125476	0.98908869
0.48387097	0.61290323	-0.09419187	0.01314779	0.99273997
0.51612903	0.61290323	-0.09593338	0.00484613	0.99658946
0.54838710	0.61290323	-0.09728708	-0.00376386	1.00062923
0.58064516	0.61290323	-0.09821457	-0.01281362	1.00485027
0.61290323	0.61290323	-0.09862142	-0.02244391	1.00923895
0.64516129	0.61290323	-0.09834258	-0.03278879	1.01377147
0.67741935	0.61290323	-0.09712617	-0.04394436	1.01840559
0.70967742	0.61290323	-0.09462090	-0.05591094	1.02306954
0.74193548	0.61290323	-0.09037872	-0.06849345	1.02764879
0.77419355	0.61290323	-0.08389351	-0.08114728	1.03197436
0.80645161	0.61290323	-0.07470534	-0.09277445	1.03582004
0.83870968	0.61290323	-0.06259806	-0.10151837	1.03891957
0.87096774	0.61290323	-0.04789057	-0.10467518	1.04101176
0.90322581	0.61290323	-0.03175177	-0.09889820	1.04190657
0.93548387	0.61290323	-0.01636729	-0.08083102	1.04154345
0.96774194	0.61290323	-0.00473191	-0.04806901	1.04000783
1.00000000	0.61290323	0.00000000	0.00000000	1.03896634
0.00000000	0.64516129	0.00000000	0.00000000	0.96383387
0.03225806	0.64516129	-0.00394713	0.04612677	0.96301374
0.06451613	0.64516129	-0.01297232	0.07584895	0.96179153
0.09677419	0.64516129	-0.02449522	0.09168079	0.96136658
0.12903226	0.64516129	-0.03660759	0.09725794	0.96164060
0.16129032	0.64516129	-0.04813221	0.09610808	0.96249879
0.19354839	0.64516129	-0.05847601	0.09098356	0.96384426
0.22580645	0.64516129	-0.06743081	0.08372682	0.96560648
0.25806452	0.64516129	-0.07500791	0.07544152	0.96773579
0.29032258	0.64516129	-0.08132906	0.06674039	0.97019527
0.32258065	0.64516129	-0.08656315	0.05794534	0.97295500
0.35483871	0.64516129	-0.09089115	0.04921232	0.97598957
0.38709677	0.64516129	-0.09448683	0.04059877	0.97927735
0.41935484	0.64516129	-0.09750587	0.03209763	0.98280084
0.45161290	0.64516129	-0.10007953	0.02365473	0.98654702
0.48387097	0.64516129	-0.10231030	0.01517788	0.99050764
0.51612903	0.64516129	-0.10426768	0.00654166	0.99467903
0.54838710	0.64516129	-0.10598237	-0.00241018	0.99906138
0.58064516	0.64516129	-0.10743698	-0.01186289	1.00365697
0.61290323	0.64516129	-0.10855153	-0.02202671	1.00846697
0.64516129	0.64516129	-0.10916202	-0.03312495	1.01348569
0.67741935	0.64516129	-0.10899188	-0.04536405	1.01869117
0.70967742	0.64516129	-0.10762017	-0.05886787	1.02403049
0.74193548	0.64516129	-0.10445928	-0.07355164	1.02939941
0.77419355	0.64516129	-0.09877025	-0.08891014	1.03461887
0.80645161	0.64516129	-0.08976385	-0.10371775	1.03941749
0.83870968	0.64516129	-0.07684711	-0.11570212	1.04343804
0.87096774	0.64516129	-0.06005202	-0.12136684	1.04628835
0.90322581	0.64516129	-0.04058363	-0.11625100	1.04763897
0.93548387	0.64516129	-0.02123042	-0.09587627	1.04732926
0.96774194	0.64516129	-0.00618693	-0.05723485	1.04541973
1.00000000	0.64516129	0.00000000	0.00000000	1.04408672
0.00000000	0.67741935	0.00000000	0.00000000	0.95807927
0.03225806	0.67741935	-0.00482141	0.05318686	0.95709623
0.06451613	0.67741935	-0.01565153	0.08695964	0.95566192
0.09677419	0.67741935	-0.02918208	0.10435116	0.95522789
0.12903226	0.67741935	-0.04305163	0.10980099	0.95563969
0.16129032	0.67741935	-0.05588880	0.10758181	0.95672609
0.19354839	0.67741935	-0.06707704	0.10098632	0.95835070
0.22580645	0.67741935	-0.07647060	0.09218720	0.96042019
0.25806452	0.67741935	-0.08417418	0.08246338	0.96287241
0.29032258	0.67741935	-0.09040556	0.07250725	0.96566279
0.32258065	0.67741935	-0.09542012	0.06266698	0.96875596
0.35483871	0.67741935	-0.09947181	0.05309618	0.97212227
0.38709677	0.67741935	-0.10279396	0.04383481	0.97573721
0.41935484	0.67741935	-0.10559040	0.03485044	0.97958194
0.45161290	0.67741935	-0.10803208	0.02605918	0.98364407
0.48387097	0.67741935	-0.11025586	0.01733594	0.98791820
0.51612903	0.67741935	-0.11236331	0.00851820	0.99240618
0.54838710	0.67741935	-0.11441719	-0.00059456	0.99711702
0.58064516	0.67741935	-0.11643326	-0.01024445	1.00206597
0.61290323	0.67741935	-0.11836437	-0.02071887	1.00727234
0.64516129	0.67741935	-0.12007319	-0.03234844	1.01275495
0.67741935	0.67741935	-0.12129006	-0.04548620	1.01852297
0.70967742	0.67741935	-0.12155566	-0.06044353	1.02455950
0.74193548	0.67741935	-0.12015847	-0.07734336	1.03079429
0.77419355	0.67741935	-0.11609924	-0.09584271	1.03706489
0.80645161	0.67741935	-0.10815144	-0.11469758	1.04307343
0.83870968	0.67741935	-0.09512631	-0.13123018	1.04836347
0.87096774	0.67741935	-0.07645574	-0.14093865	1.05235853
0.90322581	0.67741935	-0.05309680	-0.13771980	1.05449261
0.93548387	0.67741935	-0.02844330	-0.11522771	1.05439591
0.96774194	0.67741935	-0.00843709	-0.06929942	1.05202512
1.00000000	0.67741935	0.00000000	0.00000000	1.05028836
0.00000000	0.70967742	0.00000000	0.00000000	0.95125065
0.03225806	0.70967742	-0.00604771	0.06177829	0.95005591
0.06451613	0.70967742	-0.01927020	0.10020961	0.94836891
0.09677419	0.70967742	-0.03529155	0.11908088	0.94797584
0.12903226	0.70967742	-0.05116102	0.12396466	0.94862085
0.16129032	0.70967742	-0.06531473	0.12013348	0.95004279
0.19354839	0.70967742	-0.07717206	0.11156535	0.95204990
0.22580645	0.70967742	-0.08671768	0.10082395	0.95452114
0.25806452	0.70967742	-0.09420612	0.08937647	0.95738097
0.29032258	0.70967742	-0.09999189	0.07798632	0.96057690
0.32258065	0.70967742	-0.10444319	0.06701158	0.96406746
0.35483871	0.70967742	-0.10790214	0.05658616	0.96781802
0.38709677	0.70967742	-0.11066870	0.04671736	0.97180048
0.41935484	0.70967742	-0.11299685	0.03733576	0.97599416
0.45161290	0.70967742	-0.11509660	0.02832019	0.98038682
0.48387097	0.70967742	-0.11713815	0.01950911	0.98497555
0.51612903	0.70967742	-0.11925563	0.01070298	0.98976737
0.54838710	0.70967742	-0.12154795	0.00165977	0.99477977
0.58064516	0.70967742	-0.12407416	-0.00791571	1.00004106
0.61290323	0.70967742	-0.12683931	-0.01838677	1.00559012
0.64516129	0.70967742	-0.12976490	-0.03019925	1.01147441
0.67741935	0.70967742	-0.13263592	-0.04388157	1.01774410
0.70967742	0.70967742	-0.13501647	-0.05999946	1.02443778
0.74193548	0.70967742	-0.13613456	-0.07900805	1.03155268
0.77419355	0.70967742	-0.13476288	-0.10091716	1.03899117
0.80645161	0.70967742	-0.12917862	-0.12469067	1.04648143
0.83870968	0.70967742	-0.11736950	-0.14739782	1.05349436
0.87096774	0.70967742	-0.09772453	-0.16339634	1.05922382
0.90322581	0.70967742	-0.07038903	-0.16426342	1.06272365
0.93548387	0.70967742	-0.03905122	-0.14053597	1.06321128
0.96774194	0.70967742	-0.01195323	-0.08567815	1.06035839
1.00000000	0.70967742	0.00000000	0.00000000	1.05809083
0.00000000	0.74193548	0.00000000	0.00000000	0.94298905
0.03225806	0.74193548	-0.00782662	0.07245705	0.94152299
0.06451613	0.74193548	-0.02424268	0.11620348	0.93955935
0.09677419	0.74193548	-0.04327867	0.13624198	0.93932378
0.12903226	0.74193548	-0.06125199	0.13982416	0.94037173
0.16129032	0.74193548	-0.07647323	0.13359284	0.94229941
0.19354839	0.74193548	-0.08852438	0.12238926	0.94484175
0.22580645	0.74193548	-0.09763476	0.10922126	0.94784827
0.25806452	0.74193548	-0.10429101	0.09573759	0.95123187
0.29032258	0.74193548	-0.10903603	0.08274431	0.95493318
0.32258065	0.74193548	-0.11237891	0.07057722	0.95890469
0.35483871	0.74193548	-0.11476114	0.05932169	0.96310650
0.38709677	0.74193548	-0.11654979	0.04892952	0.96750670
0.41935484	0.74193548	-0.11804319	0.03927834	0.97208273
0.45161290	0.74193548	-0.11948189	0.03020048	0.97682257
0.48387097	0.74193548	-0.12106059	0.02149497	0.98172553
0.51612903	0.74193548	-0.12293874	0.01292801	0.98680305
0.54838710	0.74193548	-0.12524775	0.00422398	0.99207980
0.58064516	0.74193548	-0.12809250	-0.00495309	0.99759527
0.61290323	0.74193548	-0.13154317	-0.01502812	1.00340594
0.64516129	0.74193548	-0.13560986	-0.02655182	1.00958757
0.67741935	0.74193548	-0.14018747	-0.04023463	1.01623581
0.70967742	0.74193548	-0.14495298	-0.05694488	1.02346053
0.74193548	0.74193548	-0.14919828	-0.07759694	1.03136364
0.77419355	0.74193548	-0.15160406	-0.10279864	1.03998201
0.80645161	0.74193548	-0.15002859	-0.13209094	1.04917225
0.83870968	0.74193548	-0.14152142	-0.16268426	1.05843385
0.87096774	0.74193548	-0.12295588	-0.18791912	1.06674475
0.90322581	0.74193548	-0.09277744	-0.19639309	1.07260540
0.93548387	0.74193548	-0.05403087	-0.17366349	1.07446963
0.96774194	0.74193548	-0.01737385	-0.10835063	1.07134579
1.00000000	0.74193548	0.00000000	0.00000000	1.06846487
0.00000000	0.77419355	0.00000000	0.00000000	0.93269666
0.03225806	0.77419355	-0.01048633	0.08602096	0.93090349
0.06451613	0.77419355	-0.03111608	0.13566165	0.92871228
0.09677419	0.77419355	-0.05353980	0.15609019	0.92889652
0.12903226	0.77419355	-0.07327398	0.15715922	0.93065330
0.16129032	0.77419355	-0.08872703	0.14740586	0.93335935
0.19354839	0.77419355	-0.09989283	0.13272687	0.93666368
0.22580645	0.77419355	-0.10742910	0.11659058	0.94039405
0.25806452	0.77419355	-0.11216624	0.10077774	0.94445923
0.29032258	0.77419355	-0.11489225	0.08607421	0.94879672
0.32258065	0.77419355	-0.11627681	0.07273669	0.95335463
0.35483871	0.77419355	-0.11685783	0.06075704	0.95808902
0.38709677	0.77419355	-0.11705416	0.04999941	0.96296563
0.41935484	0.77419355	-0.11718778	0.04026785	0.96796159
0.45161290	0.77419355	-0.11750771	0.03133759	0.97306638
0.48387097	0.77419355	-0.11821206	0.02296596	0.97828222
0.51612903	0.77419355	-0.11946656	0.01489014	0.98362462
0.54838710	0.77419355	-0.12141905	0.00681353	0.98912362
0.58064516	0.77419355	-0.12420879	-0.00162028	0.99482640
0.61290323	0.77419355	-0.12796783	-0.01086940	1.00080179
0.64516129	0.77419355	-0.13280744	-0.02155495	1.00714747
0.67741935	0.77419355	-0.13877513	-0.03453845	1.01399977
0.70967742	0.77419355	-0.14575584	-0.05098864	1.02154362
0.74193548	0.77419355	-0.15327923	-0.07235696	1.03001299
0.77419355	0.77419355	-0.16019916	-0.10008684	1.03965517
0.80645161	0.77419355	-0.16426830	-0.13477330	1.05060622
0.83870968	0.77419355	-0.16179797	-0.17447052	1.06261115
0.87096774	0.77419355	-0.14791140	-0.21214031	1.07460163
0.90322581	0.77419355	-0.11830333	-0.23318842	1.08441425
0.93548387	0.77419355	-0.07352777	-0.21593956	1.08920958
0.96774194	0.77419355	-0.02543465	-0.13970901	1.08660591
1.00000000	0.77419355	0.00000000	0.00000000	1.08322701
0.00000000	0.80645161	0.00000000	0.00000000	0.91931030
0.03225806	0.80645161	-0.01456728	0.10357312	0.91719774
0.06451613	0.80645161	-0.04049090	0.15925695	0.91506098
0.09677419	0.80645161	-0.06598167	0.17839987	0.91624574
0.12903226	0.80645161	-0.08600137	0.17501139	0.91926647
0.16129032	0.80645161	-0.09962365	0.16021169	0.92318825
0.19354839	0.80645161	-0.10770961	0.14109131	0.92758879
0.22580645	0.80645161	-0.11161312	0.12149466	0.93230299
0.25806452	0.80645161	-0.11263117	0.10320074	0.93725397
0.29032258	0.80645161	-0.11182910	0.08685487	0.94238585
0.32258065	0.80645161	-0.11001975	0.07254279	0.94764868
0.35483871	0.80645161	-0.10779700	0.06009904	0.95299997
0.38709677	0.80645161	-0.10558368	0.04925947	0.95840838
0.41935484	0.80645161	-0.10367858	0.03973188	0.96385552
0.45161290	0.80645161	-0.10229683	0.03122476	0.96933622
0.48387097	0.80645161	-0.10160250	0.02345382	0.97485813
0.51612903	0.80645161	-0.10173434	0.01613500	0.98044175
0.54838710	0.80645161	-0.10282613	0.00896622	0.98612146
0.58064516	0.80645161	-0.10502276	0.00159570	0.99194860
0.61290323	0.80645161	-0.10849203	-0.00642947	0.99799779
0.64516129	0.80645161	-0.11342817	-0.01574452	1.00437840
0.67741935	0.80645161	-0.12003577	-0.02728622	1.01125404
0.70967742	0.80645161	-0.12846682	-0.04244077	1.01887248
0.74193548	0.80645161	-0.13865895	-0.06315362	1.02760246
0.77419355	0.80645161	-0.14999489	-0.09180956	1.03795286
0.80645161	0.80645161	-0.16070970	-0.13049213	1.05049851
0.83870968	0.80645161	-0.16709945	-0.17904115	1.06555694
0.87096774	0.80645161	-0.16297751	-0.23141375	1.08244930
0.90322581	0.80645161	-0.14061123	-0.27077672	1.09852903
0.93548387	0.80645161	-0.09542009	-0.26653216	1.10905783
0.96774194	0.80645161	-0.03669946	-0.18187838	1.10898955
1.00000000	0.80645161	0.00000000	0.00000000	1.10574531
0.00000000	0.83870968	0.00000000	0.00000000	0.90080538
0.03225806	0.83870968	-0.02096337	0.12651185	0.89865353
0.06451613	0.83870968	-0.05264503	0.18707603	0.89752878
0.09677419	0.83870968	-0.07884944	0.20160065	0.90097732
0.12903226	0.83870968	-0.09519911	0.19080120	0.90625591
0.16129032	0.83870968	-0.10267662	0.16911410	0.91207883
0.19354839	0.83870968	-0.10373051	0.14471633	0.91804537
0.22580645	0.83870968	-0.10069637	0.12151212	0.92407021
0.25806452	0.83870968	-0.09537446	0.10099371	0.93013241
0.29032258	0.83870968	-0.08902921	0.08346279	0.93620816
0.32258065	0.83870968	-0.08249976	0.06870458	0.94226787
0.35483871	0.83870968	-0.07631835	0.05632096	0.94828537
0.38709677	0.83870968	-0.07080922	0.04588099	0.95424423
0.41935484	0.83870968	-0.06616432	0.03698101	0.96013988
0.45161290	0.83870968	-0.06249842	0.02926151	0.96597932
0.48387097	0.83870968	-0.05988842	0.02240348	0.97178021
0.51612903	0.83870968	-0.05840169	0.01611377	0.97757052
0.54838710	0.83870968	-0.05811766	0.01010195	0.98338963
0.58064516	0.83870968	-0.05914648	0.00404562	0.98929168
0.61290323	0.83870968	-0.06164764	-0.00246398	0.99535310
0.64516129	0.83870968	-0.06584968	-0.01001120	1.00168724
0.67741935	0.83870968	-0.07206780	-0.01949980	1.00847199
0.70967742	0.83870968	-0.08070355	-0.03236545	1.01599883
0.74193548	0.83870968	-0.09218113	-0.05082888	1.02475082
0.77419355	0.83870968	-0.10671897	-0.07803608	1.03550034
0.80645161	0.83870968	-0.12375856	-0.11766873	1.04935514
0.83870968	0.83870968	-0.14084892	-0.17220269	1.06753406
0.87096774	0.83870968	-0.15203983	-0.23862852	1.09044865
0.90322581	0.83870968	-0.14683688	-0.30074583	1.11578123
0.93548387	0.83870968	-0.11311664	-0.31985132	1.13669390
0.96774194	0.83870968	-0.05074524	-0.23512909	1.14351701
1.00000000	0.83870968	0.00000000	0.00000000	1.14216151
0.00000000	0.87096774	0.00000000	0.00000000	0.87301501
0.03225806	0.87096774	-0.03100844	0.15621814	0.87209083
0.06451613	0.87096774	-0.06602659	0.21714300	0.87482383
0.09677419	0.87096774	-0.08560289	0.22095395	0.88317362
0.12903226	0.87096774	-0.08971821	0.19883856	0.89239575
0.16129032	0.87096774	-0.08346513	0.16874307	0.90110961
0.19354839	0.87096774	-0.07159067	0.13911105	0.90920608
0.22580645	0.87096774	-0.05736352	0.11313861	0.91684167
0.25806452	0.87096774	-0.04277281	0.09153357	0.92414865
0.29032258	0.87096774	-0.02893301	0.07398017	0.93119806
0.32258065	0.87096774	-0.01641112	0.05983193	0.93802279
0.35483871	0.87096774	-0.00544933	0.04840849	0.94464113
0.38709677	0.87096774	0.00389139	0.03910544	0.95107002
0.41935484	0.87096774	0.01164094	0.03142108	0.95733028
0.45161290	0.87096774	0.01786441	0.02494886	0.96344808
0.48387097	0.87096774	0.02262807	0.01935710	0.96945511
0.51612903	0.87096774	0.02597792	0.01436424	0.97538921
0.54838710	0.87096774	0.02792430	0.00971101	0.98129630
0.58064516	0.87096774	0.02842729	0.00512569	0.98723481
0.61290323	0.87096774	0.02737790	0.00027372	0.99328467
0.64516129	0.87096774	0.02456940	-0.00532435	0.99956502
0.67741935	0.87096774	0.01965251	-0.01243233	1.00626849
0.70967742	0.87096774	0.01207111	-0.02232743	1.01372588
0.74193548	0.87096774	0.00099285	-0.03713819	1.02251955
0.77419355	0.87096774	-0.01469502	-0.06023212	1.03365773
0.80645161	0.87096774	-0.03612144	-0.09636217	1.04877191
0.83870968	0.87096774	-0.06346338	-0.15075987	1.07013965
0.87096774	0.87096774	-0.09363545	-0.22542577	1.09997067
0.90322581	0.87096774	-0.11650657	-0.30969990	1.13789731
0.93548387	0.87096774	-0.11263122	-0.36262379	1.17631679
0.96774194	0.87096774	-0.06401028	-0.29499501	1.19871345
1.00000000	0.87096774	0.00000000	0.00000000	1.20335409
0.00000000	0.90322581	0.00000000	0.00000000	0.82662980
0.03225806	0.90322581	-0.04499261	0.19253842	0.83156195
0.06451613	0.90322581	-0.07090953	0.24167047	0.84611121
0.09677419	0.90322581	-0.06636208	0.22529227	0.86442031
0.12903226	0.90322581	-0.04365748	0.18866343	0.88012996
0.16129032	0.90322581	-0.01381038	0.15098655	0.89286034
0.19354839	0.90322581	0.01686722	0.11861472	0.90343641
0.22580645	0.90322581	0.04538612	0.09269426	0.91263103
0.25806452	0.90322581	0.07059326	0.07256319	0.92094584
0.29032258	0.90322581	0.09224977	0.05710110	0.92866563
0.32258065	0.90322581	0.11053342	0.04522090	0.93594718
0.35483871	0.90322581	0.12578327	0.03601845	0.94288229
0.38709677	0.90322581	0.13837267	0.02879073	0.94953274
0.41935484	0.90322581	0.14864909	0.02300798	0.95594740
0.45161290	0.90322581	0.15690832	0.01827437	0.96217015
0.48387097	0.90322581	0.16338540	0.01428997	0.96824407
0.51612903	0.90322581	0.16825255	0.01081755	0.97421460
0.54838710	0.90322581	0.17161791	0.00765257	0.98013352
0.58064516	0.90322581	0.17352076	0.00459203	0.98606545
0.61290323	0.90322581	0.17391824	0.00139392	0.99209964
0.64516129	0.90322581	0.17265643	-0.00228581	0.99837213
0.67741935	0.90322581	0.16941341	-0.00700150	1.00510785
0.70967742	0.90322581	0.16359542	-0.01370578	1.01269945
0.74193548	0.90322581	0.15416432	-0.02406275	1.02184876
0.77419355	0.90322581	0.13939526	-0.04092178	1.03379927
0.80645161	0.90322581	0.11666271	-0.06890035	1.05066174
0.83870968	0.90322581	0.08264841	-0.11468867	1.07572274
0.87096774	0.90322581	0.03505035	-0.18558532	1.11331581
0.90322581	0.90322581	-0.02212735	-0.28175006	1.16699063
0.93548387	0.90322581	-0.06866365	-0.37234760	1.23282646
0.96774194	0.90322581	-0.06477368	-0.34776029	1.28772067
1.00000000	0.90322581	0.00000000	0.00000000	1.30793313
0.00000000	0.93548387	0.00000000	0.00000000	0.74033073
0.03225806	0.93548387	-0.04692381	0.22712766	0.76586571
0.06451613	0.93548387	-0.02371873	0.23851246	0.81331961
0.09677419	0.93548387	0.03358825	0.19370189	0.85024670
0.12903226	0.93548387	0.09671387	0.14628686	0.87518382
0.16129032	0.93548387	0.15410126	0.10821837	0.89202884
0.19354839	0.93548387	0.20253681	0.07991454	0.90422050
0.22580645	0.93548387	0.24211165	0.05941256	0.91389624
0.25806452	0.93548387	0.27400029	0.04466991	0.92221303
0.29032258	0.93548387	0.29957385	0.03404001	0.92975582
0.32258065	0.93548387	0.32007851	0.02629843	0.93681284
0.35483871	0.93548387	0.33654421	0.02056924	0.94352920
0.38709677	0.93548387	0.34978307	0.01623961	0.94998480
0.41935484	0.93548387	0.36041844	0.01288543	0.95623152
0.45161290	0.93548387	0.36891981	0.01021256	0.96231051
0.48387097	0.93548387	0.37563397	0.00801287	0.96826074
0.51612903	0.93548387	0.38080876	0.00613173	0.97412445
0.54838710	0.93548387	0.38460835	0.00444280	0.97995282
0.58064516	0.93548387	0.38711904	0.00282536	0.98581457
0.61290323	0.93548387	0.38834291	0.00113806	0.99181104
0.64516129	0.93548387	0.38817334	-0.00081950	0.99810408
0.67741935	0.93548387	0.38633981	-0.00337132	1.00496752
0.70967742	0.93548387	0.38229849	-0.00707834	1.01288104
0.74193548	0.93548387	0.37502944	-0.01293802	1.02269643
0.77419355	0.93548387	0.36268566	-0.02273051	1.03591632
0.80645161	0.93548387	0.34204695	-0.03961531	1.05512254
0.83870968	0.93548387	0.30784514	-0.06914750	1.08454532
0.87096774	0.93548387	0.25253208	-0.12065000	1.13063869
0.90322581	0.93548387	0.16892434	-0.20598589	1.20218353
0.93548387	0.93548387	0.06275978	-0.31997746	1.30665809
0.96774194	0.93548387	-0.02023411	-0.36365865	1.42715987
1.00000000	0.93548387	0.00000000	0.00000000	1.48655552
0.00000000	0.96774194	0.00000000	0.00000000	0.55911964
0.03225806	0.96774194	0.09832889	0.21625714	0.65504938
0.06451613	0.96774194	0.22712766	0.16115840	0.79402727
0.09677419	0.96774194	0.33684134	0.10485967	0.85726732
0.12903226	0.96774194	0.42082953	0.06815041	0.88776819
0.16129032	0.96774194	0.48312819	0.04516360	0.90407075
0.19354839	0.96774194	0.52904790	0.03060431	0.91421683
0.22580645	0.96774194	0.56304273	0.02123077	0.92177228
0.25806452	0.96774194	0.58846045	0.01510098	0.92829092
0.29032258	0.96774194	0.60771264	0.01102287	0.93441542
0.32258065	0.96774194	0.62250045	0.00825054	0.94038689
0.35483871	0.96774194	0.63401106	0.00631389	0.94628034
0.38709677	0.96774194	0.64306969	0.00491649	0.95211037
0.41935484	0.96774194	0.65025067	0.00387125	0.95787624
0.45161290	0.96774194	0.65595512	0.00305884	0.96357954
0.48387097	0.96774194	0.66046323	0.00240103	0.96923078
0.51612903	0.96774194	0.66396799	0.00184317	0.97485268
0.54838710	0.96774194	0.66659496	0.00134229	0.98048443
0.58064516	0.96774194	0.66841079	0.00085747	0.98619000
0.61290323	0.96774194	0.66942032	0.00033962	0.99207460
0.64516129	0.96774194	0.66954886	-0.00028270	0.99831574
0.67741935	0.96774194	0.66860082	-0.00112664	1.00522047
0.70967742	0.96774194	0.66617755	-0.00239540	1.01332835
0.74193548	0.96774194	0.66152250	-0.00444991	1.02359218
0.77419355	0.96774194	0.65323954	-0.00793928	1.03768639
0.80645161	0.96774194	0.63879200	-0.01405982	1.05851966
0.83870968	0.96774194	0.61362424	-0.02517379	1.09107910
0.87096774	0.96774194	0.56964451	-0.04666450	1.14390580
0.90322581	0.96774194	0.49297425	-0.09197775	1.23202657
0.93548387	0.96774194	0.36365864	-0.18318914	1.38084733
0.96774194	0.96774194	0.17299681	-0.28500050	1.62038236
1.00000000	0.96774194	0.00000000	0.00000000	1.76638813
0.00000000	1.00000000	1.00000000	0.00000000	0.43474606
0.03225806	1.00000000	1.00000000	0.00000000	0.58520110
0.06451613	1.00000000	1.00000000	0.00000000	0.79162727
0.09677419	1.00000000	1.00000000	0.00000000	0.86918409
0.12903226	1.00000000	1.00000000	0.00000000	0.90001208
0.16129032	1.00000000	1.00000000	0.00000000	0.91394173
0.19354839	1.00000000	1.00000000	0.00000000	0.92169492
0.22580645	1.00000000	1.00000000	0.00000000	0.92734111
0.25806452	1.00000000	1.00000000	0.00000000	0.93243419
0.29032258	1.00000000	1.00000000	0.00000000	0.93751852
0.32258065	1.00000000	1.00000000	0.00000000	0.94273507
0.35483871	1.00000000	1.00000000	0.00000000	0.94807781
0.38709677	1.00000000	1.00000000	0.00000000	0.95350098
0.41935484	1.00000000	1.00000000	0.00000000	0.95896066
0.45161290	1.00000000	1.00000000	0.00000000	0.96442835
0.48387097	1.00000000	1.00000000	0.00000000	0.96989387
0.51612903	1.00000000	1.00000000	0.00000000	0.97536595
0.54838710	1.00000000	1.00000000	0.00000000	0.98087455
0.58064516	1.00000000	1.00000000	0.00000000	0.98647824
0.61290323	1.00000000	1.00000000	0.00000000	0.99228026
0.64516129	1.00000000	1.00000000	0.00000000	0.99846000
0.67741935	1.00000000	1.00000000	0.00000000	1.00533117
0.70967742	1.00000000	1.00000000	0.00000000	1.01344609
0.74193548	1.00000000	1.00000000	0.00000000	1.02377881
0.77419355	1.00000000	1.00000000	0.00000000	1.03804118
0.80645161	1.00000000	1.00000000	0.00000000	1.05922989
0.83870968	1.00000000	1.00000000	0.00000000	1.09261803
0.87096774	1.00000000	1.00000000	0.00000000	1.14778611
0.90322581	1.00000000	1.00000000	0.00000000	1.24321249
0.93548387	1.00000000	1.00000000	0.00000000	1.41427600
0.96774194	1.00000000	1.00000000	0.00000000	1.72907608
1.00000000	1.00000000	1.00000000	0.00000000	1.93365661
