VARIABLES="X","Y","U","V","P"
ZONE  F=POINT
I=32, J=32
0.00000000	0.00000000	0.00000000	0.00000000	1.01045860
0.03225806	0.00000000	0.00000000	0.00000000	1.01036894
0.06451613	0.00000000	0.00000000	0.00000000	1.01012631
0.09677419	0.00000000	0.00000000	0.00000000	1.00981105
0.12903226	0.00000000	0.00000000	0.00000000	1.00951383
0.16129032	0.00000000	0.00000000	0.00000000	1.00929319
0.19354839	0.00000000	0.00000000	0.00000000	1.00918254
0.22580645	0.00000000	0.00000000	0.00000000	1.00919872
0.25806452	0.00000000	0.00000000	0.00000000	1.00934867
0.29032258	0.00000000	0.00000000	0.00000000	1.00963358
0.32258065	0.00000000	0.00000000	0.00000000	1.01005113
0.35483871	0.00000000	0.00000000	0.00000000	1.01059632
0.38709677	0.00000000	0.00000000	0.00000000	1.01126121
0.41935484	0.00000000	0.00000000	0.00000000	1.01203408
0.45161290	0.00000000	0.00000000	0.00000000	1.01289842
0.48387097	0.00000000	0.00000000	0.00000000	1.01383194
0.51612903	0.00000000	0.00000000	0.00000000	1.01480613
0.54838710	0.00000000	0.00000000	0.00000000	1.01578645
0.58064516	0.00000000	0.00000000	0.00000000	1.01673346
0.61290323	0.00000000	0.00000000	0.00000000	1.01760499
0.64516129	0.00000000	0.00000000	0.00000000	1.01835924
0.67741935	0.00000000	0.00000000	0.00000000	1.01895866
0.70967742	0.00000000	0.00000000	0.00000000	1.01937422
0.74193548	0.00000000	0.00000000	0.00000000	1.01958940
0.77419355	0.00000000	0.00000000	0.00000000	1.01960353
0.80645161	0.00000000	0.00000000	0.00000000	1.01943394
0.83870968	0.00000000	0.00000000	0.00000000	1.01911665
0.87096774	0.00000000	0.00000000	0.00000000	1.01870579
0.90322581	0.00000000	0.00000000	0.00000000	1.01827189
0.93548387	0.00000000	0.00000000	0.00000000	1.01789836
0.96774194	0.00000000	0.00000000	0.00000000	1.01767225
1.00000000	0.00000000	0.00000000	0.00000000	1.01760674
0.00000000	0.03225806	0.00000000	0.00000000	1.01054827
0.03225806	0.03225806	0.00001268	-0.00001196	1.01045785
0.06451613	0.03225806	-0.00030976	0.00021457	1.01022897
0.09677419	0.03225806	-0.00105161	0.00046968	1.00994710
0.12903226	0.03225806	-0.00217555	0.00068262	1.00968614
0.16129032	0.03225806	-0.00359952	0.00083688	1.00949611
0.19354839	0.03225806	-0.00523231	0.00093499	1.00940700
0.22580645	0.03225806	-0.00698812	0.00098463	1.00943480
0.25806452	0.03225806	-0.00879072	0.00099338	1.00958670
0.29032258	0.03225806	-0.01057282	0.00096684	1.00986448
0.32258065	0.03225806	-0.01227365	0.00090836	1.01026647
0.35483871	0.03225806	-0.01383634	0.00081945	1.01078821
0.38709677	0.03225806	-0.01520609	0.00070058	1.01142227
0.41935484	0.03225806	-0.01632952	0.00055208	1.01215753
0.45161290	0.03225806	-0.01715552	0.00037515	1.01297827
0.48387097	0.03225806	-0.01763761	0.00017274	1.01386332
0.51612903	0.03225806	-0.01773740	-0.00004972	1.01478573
0.54838710	0.03225806	-0.01742908	-0.00028389	1.01571297
0.58064516	0.03225806	-0.01670414	-0.00051848	1.01660803
0.61290323	0.03225806	-0.01557573	-0.00073965	1.01743152
0.64516129	0.03225806	-0.01408192	-0.00093195	1.01814457
0.67741935	0.03225806	-0.01228698	-0.00107968	1.01871248
0.70967742	0.03225806	-0.01028016	-0.00116869	1.01910866
0.74193548	0.03225806	-0.00817154	-0.00118809	1.01931837
0.77419355	0.03225806	-0.00608493	-0.00113199	1.01934172
0.80645161	0.03225806	-0.00414832	-0.00100077	1.01919546
0.83870968	0.03225806	-0.00248226	-0.00080199	1.01891346
0.87096774	0.03225806	-0.00118690	-0.00055151	1.01854565
0.90322581	0.03225806	-0.00032709	-0.00027642	1.01815577
0.93548387	0.03225806	0.00008674	-0.00002332	1.01781736
0.96774194	0.03225806	0.00012740	0.00012163	1.01760595
1.00000000	0.03225806	0.00000000	0.00000000	1.01754121
0.00000000	0.06451613	0.00000000	0.00000000	1.01079425
0.03225806	0.06451613	-0.00022091	0.00030974	1.01068520
0.06451613	0.06451613	-0.00109164	0.00106428	1.01045020
0.09677419	0.06451613	-0.00264858	0.00186577	1.01020558
0.12903226	0.06451613	-0.00481928	0.00254789	1.00999506
0.16129032	0.06451613	-0.00747784	0.00305674	1.00985151
0.19354839	0.06451613	-0.01048136	0.00338859	1.00979655
0.22580645	0.06451613	-0.01368932	0.00355839	1.00984283
0.25806452	0.06451613	-0.01697139	0.00358468	1.00999675
0.29032258	0.06451613	-0.02020848	0.00348291	1.01026048
0.32258065	0.06451613	-0.02329070	0.00326351	1.01063324
0.35483871	0.06451613	-0.02611448	0.00293243	1.01111166
0.38709677	0.06451613	-0.02858059	0.00249316	1.01168954
0.41935484	0.06451613	-0.03059380	0.00194942	1.01235724
0.45161290	0.06451613	-0.03206472	0.00130808	1.01310085
0.48387097	0.06451613	-0.03291379	0.00058187	1.01390155
0.51612903	0.06451613	-0.03307710	-0.00020854	1.01473528
0.54838710	0.06451613	-0.03251350	-0.00103327	1.01557299
0.58064516	0.06451613	-0.03121206	-0.00185336	1.01638170
0.61290323	0.06451613	-0.02919879	-0.00262223	1.01712629
0.64516129	0.06451613	-0.02654154	-0.00328876	1.01777227
0.67741935	0.06451613	-0.02335171	-0.00380177	1.01828900
0.70967742	0.06451613	-0.01978196	-0.00411545	1.01865327
0.74193548	0.06451613	-0.01601917	-0.00419523	1.01885262
0.77419355	0.06451613	-0.01227260	-0.00402322	1.01888785
0.80645161	0.06451613	-0.00875777	-0.00360268	1.01877440
0.83870968	0.06451613	-0.00567689	-0.00296142	1.01854217
0.87096774	0.06451613	-0.00319693	-0.00215517	1.01823378
0.90322581	0.06451613	-0.00142585	-0.00127365	1.01790135
0.93548387	0.06451613	-0.00038692	-0.00045449	1.01760186
0.96774194	0.06451613	0.00000985	0.00008674	1.01739113
1.00000000	0.06451613	0.00000000	0.00000000	1.01731463
0.00000000	0.09677419	0.00000000	0.00000000	1.01112096
0.03225806	0.09677419	-0.00050713	0.00107967	1.01096906
0.06451613	0.09677419	-0.00200260	0.00264223	1.01067822
0.09677419	0.09677419	-0.00440885	0.00419729	1.01042403
0.12903226	0.09677419	-0.00759211	0.00551186	1.01022695
0.16129032	0.09677419	-0.01138390	0.00649896	1.01010382
0.19354839	0.09677419	-0.01560342	0.00714645	1.01006633
0.22580645	0.09677419	-0.02007254	0.00747464	1.01012154
0.25806452	0.09677419	-0.02462298	0.00751253	1.01027315
0.29032258	0.09677419	-0.02909779	0.00728614	1.01052253
0.32258065	0.09677419	-0.03334975	0.00681435	1.01086919
0.35483871	0.09677419	-0.03723896	0.00610933	1.01131083
0.38709677	0.09677419	-0.04063127	0.00517988	1.01184279
0.41935484	0.09677419	-0.04339859	0.00403619	1.01245733
0.45161290	0.09677419	-0.04542162	0.00269513	1.01314278
0.48387097	0.09677419	-0.04659509	0.00118511	1.01388272
0.51612903	0.09677419	-0.04683517	-0.00045001	1.01465562
0.54838710	0.09677419	-0.04608830	-0.00214894	1.01543496
0.58064516	0.09677419	-0.04434047	-0.00383321	1.01619009
0.61290323	0.09677419	-0.04162559	-0.00541018	1.01688798
0.64516129	0.09677419	-0.03803168	-0.00677903	1.01749577
0.67741935	0.09677419	-0.03370316	-0.00783926	1.01798397
0.70967742	0.09677419	-0.02883816	-0.00850123	1.01832994
0.74193548	0.09677419	-0.02367989	-0.00869745	1.01852118
0.77419355	0.09677419	-0.01850171	-0.00839339	1.01855771
0.80645161	0.09677419	-0.01358643	-0.00759648	1.01845322
0.83870968	0.09677419	-0.00920106	-0.00636282	1.01823444
0.87096774	0.09677419	-0.00556886	-0.00480255	1.01793883
0.90322581	0.09677419	-0.00284094	-0.00308643	1.01761077
0.93548387	0.09677419	-0.00106980	-0.00145903	1.01729655
0.96774194	0.09677419	-0.00018841	-0.00026529	1.01703877
1.00000000	0.09677419	0.00000000	0.00000000	1.01692889
0.00000000	0.12903226	0.00000000	0.00000000	1.01143584
0.03225806	0.12903226	-0.00078497	0.00231232	1.01123211
0.06451613	0.12903226	-0.00290699	0.00496598	1.01086323
0.09677419	0.12903226	-0.00615694	0.00745527	1.01057309
0.12903226	0.12903226	-0.01032159	0.00952291	1.01036528
0.16129032	0.12903226	-0.01518237	0.01106803	1.01024326
0.19354839	0.12903226	-0.02052256	0.01207721	1.01020921
0.22580645	0.12903226	-0.02613413	0.01257794	1.01026416
0.25806452	0.12903226	-0.03182095	0.01260992	1.01040842
0.29032258	0.12903226	-0.03739871	0.01220966	1.01064196
0.32258065	0.12903226	-0.04269287	0.01140466	1.01096434
0.35483871	0.12903226	-0.04753619	0.01021394	1.01137433
0.38709677	0.12903226	-0.05176749	0.00865278	1.01186903
0.41935484	0.12903226	-0.05523231	0.00673976	1.01244294
0.45161290	0.12903226	-0.05778638	0.00450457	1.01308679
0.48387097	0.12903226	-0.05930167	0.00199541	1.01378663
0.51612903	0.12903226	-0.05967493	-0.00071533	1.01452312
0.54838710	0.12903226	-0.05883789	-0.00352798	1.01527145
0.58064516	0.12903226	-0.05676817	-0.00631608	1.01600204
0.61290323	0.12903226	-0.05349939	-0.00893101	1.01668209
0.64516129	0.12903226	-0.04912908	-0.01121120	1.01727819
0.67741935	0.12903226	-0.04382246	-0.01299529	1.01775954
0.70967742	0.12903226	-0.03781056	-0.01413872	1.01810172
0.74193548	0.12903226	-0.03138124	-0.01453168	1.01829015
0.77419355	0.12903226	-0.02486253	-0.01411669	1.01832273
0.80645161	0.12903226	-0.01859861	-0.01290334	1.01821096
0.83870968	0.12903226	-0.01291982	-0.01097899	1.01797916
0.87096774	0.12903226	-0.00810983	-0.00851530	1.01766178
0.90322581	0.12903226	-0.00437343	-0.00577272	1.01729907
0.93548387	0.12903226	-0.00180997	-0.00310702	1.01693188
0.96774194	0.12903226	-0.00039812	-0.00098306	1.01659601
1.00000000	0.12903226	0.00000000	0.00000000	1.01643989
0.00000000	0.16129032	0.00000000	0.00000000	1.01166892
0.03225806	0.16129032	-0.00104032	0.00398663	1.01141190
0.06451613	0.16129032	-0.00376030	0.00801417	1.01095769
0.09677419	0.16129032	-0.00782433	0.01161188	1.01061837
0.12903226	0.16129032	-0.01293362	0.01453728	1.01038523
0.16129032	0.16129032	-0.01881392	0.01669990	1.01025092
0.19354839	0.16129032	-0.02521155	0.01809820	1.01020935
0.22580645	0.16129032	-0.03189177	0.01877301	1.01025588
0.25806452	0.16129032	-0.03863674	0.01877710	1.01038750
0.29032258	0.16129032	-0.04524233	0.01815805	1.01060276
0.32258065	0.16129032	-0.05151446	0.01695182	1.01090131
0.35483871	0.16129032	-0.05726583	0.01518394	1.01128309
0.38709677	0.16129032	-0.06231428	0.01287599	1.01174723
0.41935484	0.16129032	-0.06648344	0.01005508	1.01229071
0.45161290	0.16129032	-0.06960637	0.00676448	1.01290695
0.48387097	0.16129032	-0.07153205	0.00307365	1.01358449
0.51612903	0.16129032	-0.07213481	-0.00091380	1.01430602
0.54838710	0.16129032	-0.07132573	-0.00505572	1.01504791
0.58064516	0.16129032	-0.06906538	-0.00917172	1.01578065
0.61290323	0.16129032	-0.06537631	-0.01304928	1.01647026
0.64516129	0.16129032	-0.06035368	-0.01645597	1.01708089
0.67741935	0.16129032	-0.05417186	-0.01915779	1.01757831
0.70967742	0.16129032	-0.04708495	-0.02094246	1.01793410
0.74193548	0.16129032	-0.03941910	-0.02164548	1.01812958
0.77419355	0.16129032	-0.03155532	-0.02117603	1.01815904
0.80645161	0.16129032	-0.02390277	-0.01953919	1.01803119
0.83870968	0.16129032	-0.01686420	-0.01685160	1.01776845
0.87096774	0.16129032	-0.01079722	-0.01334894	1.01740412
0.90322581	0.16129032	-0.00597690	-0.00938630	1.01697775
0.93548387	0.16129032	-0.00256617	-0.00543434	1.01652951
0.96774194	0.16129032	-0.00060131	-0.00207526	1.01609467
1.00000000	0.16129032	0.00000000	0.00000000	1.01588452
0.00000000	0.19354839	0.00000000	0.00000000	1.01176663
0.03225806	0.19354839	-0.00127341	0.00607260	1.01145801
0.06451613	0.19354839	-0.00455417	0.01174998	1.01091832
0.09677419	0.19354839	-0.00939221	0.01662857	1.01052428
0.12903226	0.19354839	-0.01540497	0.02051249	1.01025762
0.16129032	0.19354839	-0.02226128	0.02334595	1.01010210
0.19354839	0.19354839	-0.02967016	0.02515505	1.01004459
0.22580645	0.19354839	-0.03737219	0.02600312	1.01007553
0.25806452	0.19354839	-0.04513198	0.02596046	1.01018903
0.29032258	0.19354839	-0.05273123	0.02508737	1.01038251
0.32258065	0.19354839	-0.05996241	0.02342815	1.01065594
0.35483871	0.19354839	-0.06662393	0.02101374	1.01101076
0.38709677	0.19354839	-0.07251732	0.01787037	1.01144841
0.41935484	0.19354839	-0.07744724	0.01403183	1.01196873
0.45161290	0.19354839	-0.08122464	0.00955318	1.01256816
0.48387097	0.19354839	-0.08367331	0.00452385	1.01323803
0.51612903	0.19354839	-0.08463981	-0.00092167	1.01396312
0.54838710	0.19354839	-0.08400615	-0.00659742	1.01472080
0.58064516	0.19354839	-0.08170471	-0.01226550	1.01548101
0.61290323	0.19354839	-0.07773385	-0.01764272	1.01620751
0.64516129	0.19354839	-0.07217260	-0.02241565	1.01686042
0.67741935	0.19354839	-0.06519190	-0.02626402	1.01740007
0.70967742	0.19354839	-0.05705945	-0.02889148	1.01779169
0.74193548	0.19354839	-0.04813535	-0.03006132	1.01801026
0.77419355	0.19354839	-0.03885591	-0.02963303	1.01804456
0.80645161	0.19354839	-0.02970488	-0.02759446	1.01789942
0.83870968	0.19354839	-0.02117355	-0.02408453	1.01759548
0.87096774	0.19354839	-0.01371407	-0.01940260	1.01716641
0.90322581	0.19354839	-0.00769329	-0.01400377	1.01665396
0.93548387	0.19354839	-0.00335563	-0.00848261	1.01610204
0.96774194	0.19354839	-0.00080324	-0.00354924	1.01555066
1.00000000	0.19354839	0.00000000	0.00000000	1.01527970
0.00000000	0.22580645	0.00000000	0.00000000	1.01168555
0.03225806	0.22580645	-0.00148759	0.00854079	1.01132806
0.06451613	0.22580645	-0.00529194	0.01613296	1.01070586
0.09677419	0.22580645	-0.01086088	0.02246266	1.01025570
0.12903226	0.22580645	-0.01773374	0.02740633	1.00995117
0.16129032	0.22580645	-0.02552462	0.03096509	1.00976842
0.19354839	0.22580645	-0.03390671	0.03320910	1.00968824
0.22580645	0.22580645	-0.04259823	0.03423482	1.00969691
0.25806452	0.22580645	-0.05134990	0.03413612	1.00978620
0.29032258	0.22580645	-0.05993388	0.03298846	1.00995284
0.32258065	0.22580645	-0.06813438	0.03084450	1.01019754
0.35483871	0.22580645	-0.07574038	0.02773884	1.01052359
0.38709677	0.22580645	-0.08254101	0.02369929	1.01093523
0.41935484	0.22580645	-0.08832409	0.01876239	1.01143564
0.45161290	0.22580645	-0.09287827	0.01299054	1.01202487
0.48387097	0.22580645	-0.09599903	0.00648881	1.01269760
0.51612903	0.22580645	-0.09749870	-0.00058097	1.01344121
0.54838710	0.22580645	-0.09722042	-0.00799082	1.01423433
0.58064516	0.22580645	-0.09505540	-0.01544403	1.01504626
0.61290323	0.22580645	-0.09096256	-0.02258139	1.01583781
0.64516129	0.22580645	-0.08498865	-0.02899792	1.01656375
0.67741935	0.22580645	-0.07728604	-0.03427094	1.01717691
0.70967742	0.22580645	-0.06812449	-0.03799901	1.01763359
0.74193548	0.22580645	-0.05789261	-0.03984903	1.01789959
0.77419355	0.22580645	-0.04708498	-0.03960650	1.01795557
0.80645161	0.22580645	-0.03627230	-0.03722155	1.01780064
0.83870968	0.22580645	-0.02605534	-0.03284242	1.01745303
0.87096774	0.22580645	-0.01700745	-0.02682920	1.01694770
0.90322581	0.22580645	-0.00961478	-0.01974474	1.01633117
0.93548387	0.22580645	-0.00422558	-0.01232439	1.01565477
0.96774194	0.22580645	-0.00101906	-0.00543089	1.01496785
1.00000000	0.22580645	0.00000000	0.00000000	1.01462760
0.00000000	0.25806452	0.00000000	0.00000000	1.01138818
0.03225806	0.25806452	-0.00168571	0.01136452	1.01098488
0.06451613	0.25806452	-0.00597839	0.02112326	1.01028432
0.09677419	0.25806452	-0.01223456	0.02907036	1.00977866
0.12903226	0.25806452	-0.01992247	0.03517621	1.00943397
0.16129032	0.25806452	-0.02860567	0.03951891	1.00921946
0.19354839	0.25806452	-0.03792455	0.04222865	1.00911056
0.22580645	0.25806452	-0.04757808	0.04344629	1.00908996
0.25806452	0.25806452	-0.05730680	0.04329610	1.00914763
0.29032258	0.25806452	-0.06687778	0.04187184	1.00928006
0.32258065	0.25806452	-0.07607176	0.03923464	1.00948912
0.35483871	0.25806452	-0.08467292	0.03542036	1.00978044
0.38709677	0.25806452	-0.09246176	0.03045408	1.01016157
0.41935484	0.25806452	-0.09921153	0.02436909	1.01063979
0.45161290	0.25806452	-0.10468858	0.01722810	1.01121959
0.48387097	0.25806452	-0.10865718	0.00914427	1.01190002
0.51612903	0.25806452	-0.11088919	0.00029972	1.01267214
0.54838710	0.25806452	-0.11117878	-0.00904073	1.01351671
0.58064516	0.25806452	-0.10936223	-0.01852336	1.01440298
0.61290323	0.25806452	-0.10534202	-0.02770947	1.01528872
0.64516129	0.25806452	-0.09911364	-0.03609218	1.01612237
0.67741935	0.25806452	-0.09079197	-0.04312819	1.01684720
0.70967742	0.25806452	-0.08063282	-0.04828491	1.01740761
0.74193548	0.25806452	-0.06904367	-0.05110083	1.01775653
0.77419355	0.25806452	-0.05657736	-0.05125334	1.01786275
0.80645161	0.25806452	-0.04390342	-0.04862411	1.01771655
0.83870968	0.25806452	-0.03175587	-0.04334939	1.01733206
0.87096774	0.25806452	-0.02086176	-0.03584315	1.01674560
0.90322581	0.25806452	-0.01186182	-0.02678563	1.01601038
0.93548387	0.25806452	-0.00523875	-0.01707833	1.01518857
0.96774194	0.25806452	-0.00126816	-0.00777482	1.01434278
1.00000000	0.25806452	0.00000000	0.00000000	1.01392147
0.00000000	0.29032258	0.00000000	0.00000000	1.01084079
0.03225806	0.29032258	-0.00186919	0.01451916	1.01039476
0.06451613	0.29032258	-0.00661589	0.02668180	1.00962045
0.09677419	0.29032258	-0.01351454	0.03640672	1.00906075
0.12903226	0.29032258	-0.02196940	0.04377742	1.00867438
0.16129032	0.29032258	-0.03149856	0.04896716	1.00842400
0.19354839	0.29032258	-0.04171354	0.05218150	1.00828004
0.22580645	0.29032258	-0.05229770	0.05361706	1.00822203
0.25806452	0.29032258	-0.06298545	0.05343581	1.00823852
0.29032258	0.29032258	-0.07354329	0.05175341	1.00832612
0.32258065	0.29032258	-0.08375334	0.04863963	1.00848823
0.35483871	0.29032258	-0.09339986	0.04412883	1.00873330
0.38709677	0.29032258	-0.10225904	0.03823790	1.00907285
0.41935484	0.29032258	-0.11009269	0.03098920	1.00951911
0.45161290	0.29032258	-0.11664612	0.02243618	1.01008224
0.48387097	0.29032258	-0.12165104	0.01268942	1.01076720
0.51612903	0.29032258	-0.12483404	0.00194063	1.01157042
0.54838710	0.29032258	-0.12593157	-0.00951779	1.01247667
0.58064516	0.29032258	-0.12471168	-0.02128079	1.01345657
0.61290323	0.29032258	-0.12100267	-0.03282998	1.01446570
0.64516129	0.29032258	-0.11472723	-0.04354797	1.01544578
0.67741935	0.29032258	-0.10593922	-0.05275177	1.01632871
0.70967742	0.29032258	-0.09485801	-0.05974731	1.01704351
0.74193548	0.29032258	-0.08189279	-0.06390449	1.01752548
0.77419355	0.29032258	-0.06764771	-0.06474675	1.01772622
0.80645161	0.29032258	-0.05289870	-0.06204304	1.01762226
0.83870968	0.29032258	-0.03853684	-0.05588407	1.01722011
0.87096774	0.29032258	-0.02548066	-0.04672326	1.01655628
0.90322581	0.29032258	-0.01457045	-0.03536776	1.01569183
0.93548387	0.29032258	-0.00646620	-0.02291804	1.01470285
0.96774194	0.29032258	-0.00157197	-0.01066964	1.01366917
1.00000000	0.29032258	0.00000000	0.00000000	1.01315100
0.00000000	0.32258065	0.00000000	0.00000000	1.01001237
0.03225806	0.32258065	-0.00203800	0.01798040	1.00952679
0.06451613	0.32258065	-0.00720336	0.03276859	1.00868354
0.09677419	0.32258065	-0.01469674	0.04442386	1.00807144
0.12903226	0.32258065	-0.02386500	0.05316022	1.00764192
0.16129032	0.32258065	-0.03418581	0.05926304	1.00735115
0.19354839	0.32258065	-0.04524593	0.06302777	1.00716479
0.22580645	0.32258065	-0.05671699	0.06471819	1.00705939
0.25806452	0.32258065	-0.06833142	0.06454168	1.00702224
0.29032258	0.32258065	-0.07985977	0.06263973	1.00705028
0.32258065	0.32258065	-0.09109074	0.05909120	1.00714868
0.35483871	0.32258065	-0.10181405	0.05392606	1.00732908
0.38709677	0.32258065	-0.11180693	0.04714691	1.00760763
0.41935484	0.32258065	-0.12082445	0.03875616	1.00800254
0.45161290	0.32258065	-0.12859437	0.02878644	1.00853115
0.48387097	0.32258065	-0.13481719	0.01733218	1.00920639
0.51612903	0.32258065	-0.13917265	0.00458024	1.01003267
0.54838710	0.32258065	-0.14133372	-0.00916310	1.01100158
0.58064516	0.32258065	-0.14098941	-0.02345226	1.01208797
0.61290323	0.32258065	-0.13787703	-0.03769391	1.01324730
0.64516129	0.32258065	-0.13182355	-0.05115563	1.01441535
0.67741935	0.32258065	-0.12279383	-0.06299742	1.01551139
0.70967742	0.32258065	-0.11094046	-0.07233134	1.01644540
0.74193548	0.32258065	-0.09664659	-0.07831113	1.01712916
0.77419355	0.32258065	-0.08054920	-0.08024744	1.01748961
0.80645161	0.32258065	-0.06352864	-0.07773498	1.01748196
0.83870968	0.32258065	-0.04665272	-0.07076742	1.01709907
0.87096774	0.32258065	-0.03107270	-0.05980954	1.01637430
0.90322581	0.32258065	-0.01788446	-0.04580009	1.01537657
0.93548387	0.32258065	-0.00798404	-0.03007681	1.01419875
0.96774194	0.32258065	-0.00195326	-0.01424102	1.01294221
1.00000000	0.32258065	0.00000000	0.00000000	1.01230694
0.00000000	0.35483871	0.00000000	0.00000000	1.00887458
0.03225806	0.35483871	-0.00219095	0.02172251	1.00835279
0.06451613	0.35483871	-0.00773680	0.03934053	1.00744557
0.09677419	0.35483871	-0.01577206	0.05306835	1.00678266
0.12903226	0.35483871	-0.02559200	0.06326648	1.00630814
0.16129032	0.35483871	-0.03663822	0.07034808	1.00597171
0.19354839	0.35483871	-0.04847635	0.07471267	1.00573423
0.22580645	0.35483871	-0.06076989	0.07670254	1.00556923
0.25806452	0.35483871	-0.07325319	0.07657859	1.00546270
0.29032258	0.35483871	-0.08570555	0.07451273	1.00541183
0.32258065	0.35483871	-0.09792758	0.07059389	1.00542357
0.35483871	0.35483871	-0.10972058	0.06484501	1.00551298
0.38709677	0.35483871	-0.12086943	0.05724830	1.00570132
0.41935484	0.35483871	-0.13112928	0.04777664	1.00601383
0.45161290	0.35483871	-0.14021675	0.03642892	1.00647679
0.48387097	0.35483871	-0.14780646	0.02326770	1.00711363
0.51612903	0.35483871	-0.15353439	0.00845715	1.00794017
0.54838710	0.35483871	-0.15700948	-0.00770103	1.00895899
0.58064516	0.35483871	-0.15783574	-0.02473749	1.01015354
0.61290323	0.35483871	-0.15564627	-0.04199584	1.01148315
0.64516129	0.35483871	-0.15015045	-0.05863117	1.01288023
0.67741935	0.35483871	-0.14119317	-0.07363487	1.01425151
0.70967742	0.35483871	-0.12882201	-0.08589455	1.01548467
0.74193548	0.35483871	-0.11335333	-0.09429575	1.01646105
0.77419355	0.35483871	-0.09542209	-0.09786469	1.01707314
0.80645161	0.35483871	-0.07599492	-0.09593951	1.01724377
0.83870968	0.35483871	-0.05632509	-0.08834002	1.01694217
0.87096774	0.35483871	-0.03783701	-0.07549152	1.01619195
0.90322581	0.35483871	-0.02194903	-0.05845641	1.01506796
0.93548387	0.35483871	-0.00987162	-0.03884924	1.01368225
0.96774194	0.35483871	-0.00243617	-0.01865367	1.01216274
1.00000000	0.35483871	0.00000000	0.00000000	1.01138578
0.00000000	0.38709677	0.00000000	0.00000000	1.00740221
0.03225806	0.38709677	-0.00232629	0.02571719	1.00684773
0.06451613	0.38709677	-0.00821063	0.04634969	1.00588172
0.09677419	0.38709677	-0.01672853	0.06227904	1.00516947
0.12903226	0.38709677	-0.02712818	0.07402637	1.00464771
0.16129032	0.38709677	-0.03881819	0.08214738	1.00425962
0.19354839	0.38709677	-0.05134564	0.08715944	1.00396106
0.22580645	0.38709677	-0.06436863	0.08949503	1.00372227
0.25806452	0.38709677	-0.07762689	0.08947733	1.00352755
0.29032258	0.38709677	-0.09091278	0.08731410	1.00337398
0.32258065	0.38709677	-0.10404429	0.08310622	1.00326999
0.35483871	0.38709677	-0.11684100	0.07686791	1.00323388
0.38709677	0.38709677	-0.12910333	0.06855561	1.00329232
0.41935484	0.38709677	-0.14059556	0.05810347	1.00347845
0.45161290	0.38709677	-0.15103308	0.04546362	1.00382922
0.48387097	0.38709677	-0.16007478	0.03064982	1.00438149
0.51612903	0.38709677	-0.16732208	0.01378326	1.00516663
0.54838710	0.38709677	-0.17232657	-0.00486175	1.00620358
0.58064516	0.38709677	-0.17460891	-0.02481547	1.00749067
0.61290323	0.38709677	-0.17369184	-0.04537920	1.00899746
0.64516129	0.38709677	-0.16914996	-0.06560873	1.01065823
0.67741935	0.38709677	-0.16067763	-0.08432586	1.01236966
0.70967742	0.38709677	-0.14817316	-0.10017118	1.01399538
0.74193548	0.38709677	-0.13183179	-0.11171104	1.01537923
0.77419355	0.38709677	-0.11223092	-0.11760585	1.01636710
0.80645161	0.38709677	-0.09038126	-0.11683198	1.01683408
0.83870968	0.38709677	-0.06770979	-0.10892533	1.01671043
0.87096774	0.38709677	-0.04594549	-0.09418559	1.01599839
0.90322581	0.38709677	-0.02690367	-0.07376547	1.01477336
0.93548387	0.38709677	-0.01221005	-0.04958967	1.01316782
0.96774194	0.38709677	-0.00304639	-0.02411264	1.01134211
1.00000000	0.38709677	0.00000000	0.00000000	1.01039493
0.00000000	0.41935484	0.00000000	0.00000000	1.00557394
0.03225806	0.41935484	-0.00244244	0.02993314	1.00499045
0.06451613	0.41935484	-0.00861990	0.05374276	1.00397097
0.09677419	0.41935484	-0.01755500	0.07198589	1.00321082
0.12903226	0.41935484	-0.02845147	0.08535612	1.00263955
0.16129032	0.41935484	-0.04068605	0.09456553	1.00219370
0.19354839	0.41935484	-0.05378823	0.10026310	1.00182371
0.22580645	0.41935484	-0.06741232	0.10298378	1.00149595
0.25806452	0.41935484	-0.08130596	0.10312273	1.00119233
0.29032258	0.41935484	-0.09527837	0.10093012	1.00090904
0.32258065	0.41935484	-0.10917024	0.09652211	1.00065523
0.35483871	0.41935484	-0.12282640	0.08990404	1.00045192
0.38709677	0.41935484	-0.13607181	0.08100286	1.00033100
0.41935484	0.41935484	-0.14869106	0.06970638	1.00033401
0.45161290	0.41935484	-0.16041167	0.05590814	1.00051007
0.48387097	0.41935484	-0.17089206	0.03955669	1.00091233
0.51612903	0.41935484	-0.17971533	0.02070894	1.00159230
0.54838710	0.41935484	-0.18639119	-0.00041420	1.00259168
0.58064516	0.41935484	-0.19036895	-0.02337221	1.00393175
0.61290323	0.41935484	-0.19106551	-0.04745479	1.00560138
0.64516129	0.41935484	-0.18791305	-0.07164539	1.00754535
0.67741935	0.41935484	-0.18043056	-0.09461166	1.00965658
0.70967742	0.41935484	-0.16832162	-0.11474039	1.01177607
0.74193548	0.41935484	-0.15159465	-0.13023799	1.01370452
0.77419355	0.41935484	-0.13069132	-0.13931522	1.01522769
0.80645161	0.41935484	-0.10659246	-0.14046063	1.01615298
0.83870968	0.41935484	-0.08085393	-0.13277579	1.01634945
0.87096774	0.41935484	-0.05551836	-0.11629765	1.01577890
0.90322581	0.41935484	-0.03287207	-0.09219184	1.01450618
0.93548387	0.41935484	-0.01507992	-0.06270652	1.01268291
0.96774194	0.41935484	-0.00381131	-0.03086372	1.01050812
1.00000000	0.41935484	0.00000000	0.00000000	1.00935917
0.00000000	0.45161290	0.00000000	0.00000000	1.00337317
0.03225806	0.45161290	-0.00253895	0.03433708	1.00276424
0.06451613	0.45161290	-0.00896318	0.06146225	1.00169655
0.09677419	0.45161290	-0.01824631	0.08211061	1.00089022
0.12903226	0.45161290	-0.02954719	0.09715741	1.00026797
0.16129032	0.45161290	-0.04220916	0.10748413	0.99975943
0.19354839	0.45161290	-0.05574308	0.11388569	0.99930897
0.22580645	0.45161290	-0.06979961	0.11701274	0.99887812
0.25806452	0.45161290	-0.08413592	0.11734338	0.99844528
0.29032258	0.45161290	-0.09858125	0.11517839	0.99800453
0.32258065	0.45161290	-0.11300387	0.11065425	0.99756454
0.35483871	0.45161290	-0.12728090	0.10376947	0.99714795
0.38709677	0.45161290	-0.14127147	0.09442026	0.99679113
0.41935484	0.45161290	-0.15479322	0.08244333	0.99654392
0.45161290	0.45161290	-0.16760212	0.06766462	0.99646857
0.48387097	0.45161290	-0.17937606	0.04995348	0.99663695
0.51612903	0.45161290	-0.18970298	0.02928240	0.99712516
0.54838710	0.45161290	-0.19807564	0.00579187	0.99800449
0.58064516	0.45161290	-0.20389599	-0.02014115	0.99932859
0.61290323	0.45161290	-0.20649377	-0.04783510	1.00111713
0.64516129	0.45161290	-0.20516577	-0.07624368	1.00333798
0.67741935	0.45161290	-0.19924353	-0.10391729	1.00589154
0.70967742	0.45161290	-0.18819698	-0.12900709	1.00860279
0.74193548	0.45161290	-0.17177754	-0.14934134	1.01122773
0.77419355	0.45161290	-0.15019265	-0.16260803	1.01347932
0.80645161	0.45161290	-0.12428259	-0.16666937	1.01507371
0.83870968	0.45161290	-0.09564041	-0.15999943	1.01578844
0.87096774	0.45161290	-0.06659022	-0.14216745	1.01551560
0.90322581	0.45161290	-0.03994693	-0.11420391	1.01428938
0.93548387	0.45161290	-0.01855728	-0.07865042	1.01227409
0.96774194	0.45161290	-0.00475998	-0.03919255	1.00971312
1.00000000	0.45161290	0.00000000	0.00000000	1.00832945
0.00000000	0.48387097	0.00000000	0.00000000	1.00078848
0.03225806	0.48387097	-0.00261777	0.03889631	1.00015722
0.06451613	0.48387097	-0.00924640	0.06945011	0.99904610
0.09677419	0.48387097	-0.01880987	0.09256989	0.99819608
0.12903226	0.48387097	-0.03041728	0.10931897	0.99752351
0.16129032	0.48387097	-0.04337348	0.12076142	0.99695065
0.19354839	0.48387097	-0.05716741	0.12785355	0.99641472
0.22580645	0.48387097	-0.07144490	0.13137661	0.99587095
0.25806452	0.48387097	-0.08597353	0.13190437	0.99529260
0.29032258	0.48387097	-0.10060524	0.12979807	0.99466994
0.32258065	0.48387097	-0.11524043	0.12522176	0.99400947
0.35483871	0.48387097	-0.12979532	0.11817164	0.99333382
0.38709677	0.48387097	-0.14417294	0.10851517	0.99268252
0.41935484	0.48387097	-0.15823747	0.09603703	0.99211288
0.45161290	0.48387097	-0.17179142	0.08049098	0.99170038
0.48387097	0.48387097	-0.18455544	0.06165755	0.99153718
0.51612903	0.48387097	-0.19615107	0.03940852	0.99172759
0.54838710	0.48387097	-0.20608757	0.01377882	0.99237889
0.58064516	0.48387097	-0.21375561	-0.01495409	0.99358676
0.61290323	0.48387097	-0.21843236	-0.04618501	0.99541484
0.64516129	0.48387097	-0.21930547	-0.07889563	0.99787002
0.67741935	0.48387097	-0.21552722	-0.11158045	1.00087694
0.70967742	0.48387097	-0.20631214	-0.14220638	1.00425849
0.74193548	0.48387097	-0.19109161	-0.16824231	1.00773163
0.77419355	0.48387097	-0.16972945	-0.18681016	1.01092870
0.80645161	0.48387097	-0.14277926	-0.19501287	1.01345024
0.83870968	0.48387097	-0.11172148	-0.19046816	1.01494437
0.87096774	0.48387097	-0.07906466	-0.17199112	1.01519145
0.90322581	0.48387097	-0.04816756	-0.14022477	1.01416156
0.93548387	0.48387097	-0.02270682	-0.09789346	1.01201603
0.96774194	0.48387097	-0.00592246	-0.04942100	1.00904520
1.00000000	0.48387097	0.00000000	0.00000000	1.00739492
0.00000000	0.51612903	0.00000000	0.00000000	0.99781357
0.03225806	0.51612903	-0.00268483	0.04358347	0.99716191
0.06451613	0.51612903	-0.00948752	0.07765434	0.99601106
0.09677419	0.51612903	-0.01927387	0.10328148	0.99512136
0.12903226	0.51612903	-0.03109145	0.12172101	0.99440332
0.16129032	0.51612903	-0.04419719	0.13423426	0.99377093
0.19354839	0.51612903	-0.05805255	0.14195711	0.99315245
0.22580645	0.51612903	-0.07229673	0.14581886	0.99249466
0.25806452	0.51612903	-0.08670856	0.14650372	0.99176347
0.29032258	0.51612903	-0.10116555	0.14444528	0.99094315
0.32258065	0.51612903	-0.11560483	0.13984433	0.99003588
0.35483871	0.51612903	-0.12998831	0.13270199	0.98906228
0.38709677	0.51612903	-0.14427227	0.12286241	0.98806314
0.41935484	0.51612903	-0.15838060	0.11006181	0.98710175
0.45161290	0.51612903	-0.17218057	0.09398259	0.98626598
0.48387097	0.51612903	-0.18546005	0.07431312	0.98566865
0.51612903	0.51612903	-0.19790580	0.05081452	0.98544444
0.54838710	0.51612903	-0.20908281	0.02339642	0.98574150
0.58064516	0.51612903	-0.21841637	-0.00779636	0.98670605
0.61290323	0.51612903	-0.22518074	-0.04228523	0.98845871
0.64516129	0.51612903	-0.22850197	-0.07914881	0.99106316
0.67741935	0.51612903	-0.22738786	-0.11691062	0.99448982
0.70967742	0.51612903	-0.22080449	-0.15344269	0.99858146
0.74193548	0.51612903	-0.20782354	-0.18592402	1.00303229
0.77419355	0.51612903	-0.18786231	-0.21092038	1.00739615
0.80645161	0.51612903	-0.16101799	-0.22467734	1.01113856
0.83870968	0.51612903	-0.12844749	-0.22371402	1.01373584
0.87096774	0.51612903	-0.09265837	-0.20572136	1.01480078
0.90322581	0.51612903	-0.05748907	-0.17056174	1.01418778
0.93548387	0.51612903	-0.02757148	-0.12089551	1.01202459
0.96774194	0.51612903	-0.00732853	-0.06189937	1.00864385
1.00000000	0.51612903	0.00000000	0.00000000	1.00669974
0.00000000	0.54838710	0.00000000	0.00000000	0.99444600
0.03225806	0.54838710	-0.00275211	0.04838383	0.99377376
0.06451613	0.54838710	-0.00972258	0.08603915	0.99258486
0.09677419	0.54838710	-0.01969710	0.11417381	0.99166220
0.12903226	0.54838710	-0.03164000	0.13424228	0.99091074
0.16129032	0.54838710	-0.04474545	0.14772252	0.99023431
0.19354839	0.54838710	-0.05844035	0.15595308	0.98954925
0.22580645	0.54838710	-0.07235606	0.16003262	0.98879072
0.25806452	0.54838710	-0.08628512	0.16077319	0.98791430
0.29032258	0.54838710	-0.10013493	0.15869434	0.98689560
0.32258065	0.54838710	-0.11388480	0.15404451	0.98573011
0.35483871	0.54838710	-0.12754904	0.14683907	0.98443419
0.38709677	0.54838710	-0.14114588	0.13690746	0.98304777
0.41935484	0.54838710	-0.15467076	0.12394533	0.98163818
0.45161290	0.54838710	-0.16807218	0.10757043	0.98030410
0.48387097	0.54838710	-0.18122802	0.08738279	0.97917806
0.51612903	0.54838710	-0.19392105	0.06303129	0.97842547
0.54838710	0.54838710	-0.20581229	0.03428939	0.97823785
0.58064516	0.54838710	-0.21641246	0.00114385	0.97881775
0.61290323	0.54838710	-0.22505358	-0.03609941	0.98035342
0.64516129	0.54838710	-0.23086688	-0.07668851	0.98298217
0.67741935	0.54838710	-0.23277985	-0.11927793	0.98674385
0.70967742	0.54838710	-0.22955531	-0.16177068	0.99152992
0.74193548	0.54838710	-0.21990695	-0.20118449	0.99704024
0.77419355	0.54838710	-0.20273394	-0.23361571	1.00276770
0.80645161	0.54838710	-0.17750876	-0.25442768	1.00803626
0.83870968	0.54838710	-0.14480480	-0.25882778	1.01211104
0.87096774	0.54838710	-0.10683970	-0.24294954	1.01436981
0.90322581	0.54838710	-0.06774373	-0.20531166	1.01447768
0.93548387	0.54838710	-0.03315821	-0.14805399	1.01247603
0.96774194	0.54838710	-0.00900570	-0.07699247	1.00872155
1.00000000	0.54838710	0.00000000	0.00000000	1.00646589
0.00000000	0.58064516	0.00000000	0.00000000	0.99068428
0.03225806	0.58064516	-0.00284048	0.05330604	0.98998773
0.06451613	0.58064516	-0.01001351	0.09459933	0.98875936
0.09677419	0.58064516	-0.02018101	0.12519890	0.98781508
0.12903226	0.58064516	-0.03218809	0.14676936	0.98705375
0.16129032	0.58064516	-0.04514524	0.16103461	0.98636525
0.19354839	0.58064516	-0.05843772	0.16956772	0.98564907
0.22580645	0.58064516	-0.07169101	0.17366362	0.98482400
0.25806452	0.58064516	-0.08471783	0.17428258	0.98383140
0.29032258	0.58064516	-0.09746328	0.17204496	0.98263521
0.32258065	0.58064516	-0.10995659	0.16725844	0.98122177
0.35483871	0.58064516	-0.12227195	0.15996306	0.97960115
0.38709677	0.58064516	-0.13449752	0.14998413	0.97781053
0.41935484	0.58064516	-0.14670998	0.13698811	0.97591936
0.45161290	0.58064516	-0.15895200	0.12053985	0.97403522
0.48387097	0.58064516	-0.17120968	0.10016200	0.97230856
0.51612903	0.58064516	-0.18338742	0.07539879	0.97093415
0.54838710	0.58064516	-0.19527809	0.04588783	0.97014658
0.58064516	0.58064516	-0.20652654	0.01144494	0.97020677
0.61290323	0.58064516	-0.21658652	-0.02783081	0.97137670
0.64516129	0.58064516	-0.22467380	-0.07142254	0.97387995
0.67741935	0.58064516	-0.22972576	-0.11822218	0.97784736
0.70967742	0.58064516	-0.23038945	-0.16631558	0.98325064
0.74193548	0.58064516	-0.22507875	-0.21274539	0.98983399
0.77419355	0.58064516	-0.21216271	-0.25331856	0.99706525
0.80645161	0.58064516	-0.19035945	-0.28260647	1.00414206
0.83870968	0.58064516	-0.15938265	-0.29438307	1.01009339
0.87096774	0.58064516	-0.12077240	-0.28278242	1.01399084
0.90322581	0.58064516	-0.07859743	-0.24424322	1.01521373
0.93548387	0.58064516	-0.03942076	-0.17963354	1.01363446
0.96774194	0.58064516	-0.01097695	-0.09505757	1.00959303
1.00000000	0.58064516	0.00000000	0.00000000	1.00702362
0.00000000	0.61290323	0.00000000	0.00000000	0.98652214
0.03225806	0.61290323	-0.00298397	0.05839733	0.98579219
0.06451613	0.61290323	-0.01045886	0.10337968	0.98451862
0.09677419	0.61290323	-0.02088461	0.13634839	0.98357202
0.12903226	0.61290323	-0.03293096	0.15920650	0.98284226
0.16129032	0.61290323	-0.04559803	0.17397215	0.98219788
0.19354839	0.61290323	-0.05822559	0.18249885	0.98151324
0.22580645	0.61290323	-0.07044253	0.18631273	0.98068381
0.25806452	0.61290323	-0.08209582	0.18654546	0.97963173
0.29032258	0.61290323	-0.09318226	0.18393310	0.97830601
0.32258065	0.61290323	-0.10379274	0.17885318	0.97668187
0.35483871	0.61290323	-0.11407056	0.17138001	0.97476171
0.38709677	0.61290323	-0.12418123	0.16134549	0.97257888
0.41935484	0.61290323	-0.13428959	0.14839982	0.97020381
0.45161290	0.61290323	-0.14454057	0.13207014	0.96775148
0.48387097	0.61290323	-0.15503952	0.11181822	0.96538827
0.51612903	0.61290323	-0.16582925	0.08709970	0.96333589
0.54838710	0.61290323	-0.17686006	0.05742851	0.96186937
0.58064516	0.61290323	-0.18794991	0.02245229	0.96130613
0.61290323	0.61290323	-0.19873160	-0.01795214	0.96198237
0.64516129	0.61290323	-0.20858618	-0.06354926	0.96421361
0.67741935	0.61290323	-0.21656685	-0.11356227	0.96823640
0.70967742	0.61290323	-0.22132970	-0.16641770	0.97413066
0.74193548	0.61290323	-0.22111014	-0.21941123	0.98172777
0.77419355	0.61290323	-0.21381925	-0.26833500	0.99052257
0.80645161	0.61290323	-0.19737417	-0.30720772	0.99962919
0.83870968	0.61290323	-0.17039032	-0.32841482	1.00784393
0.87096774	0.61290323	-0.13327923	-0.32373476	1.01387188
0.90322581	0.61290323	-0.08950697	-0.28666329	1.01669223
0.93548387	0.61290323	-0.04624132	-0.21567446	1.01588988
0.96774194	0.61290323	-0.01325926	-0.11641322	1.01171408
1.00000000	0.61290323	0.00000000	0.00000000	1.00885130
0.00000000	0.64516129	0.00000000	0.00000000	0.98193856
0.03225806	0.64516129	-0.00323656	0.06376490	0.98115841
0.06451613	0.64516129	-0.01120933	0.11249998	0.97982886
0.09677419	0.64516129	-0.02204304	0.14767101	0.97891324
0.12903226	0.64516129	-0.03414884	0.17148277	0.97828413
0.16129032	0.64516129	-0.04638631	0.18632924	0.97777465
0.19354839	0.64516129	-0.05805562	0.19441222	0.97722042
0.22580645	0.64516129	-0.06881202	0.19753385	0.97648365
0.25806452	0.64516129	-0.07856345	0.19702231	0.97546118
0.29032258	0.64516129	-0.08738176	0.19374187	0.97408415
0.32258065	0.64516129	-0.09543701	0.18814675	0.97231562
0.35483871	0.64516129	-0.10295329	0.18035156	0.97015043
0.38709677	0.64516129	-0.11018040	0.17020317	0.96761852
0.41935484	0.64516129	-0.11737516	0.15734745	0.96479164
0.45161290	0.64516129	-0.12478692	0.14128979	0.96179191
0.48387097	0.64516129	-0.13264286	0.12145069	0.95880049
0.51612903	0.64516129	-0.14112935	0.09721933	0.95606355
0.54838710	0.64516129	-0.15036553	0.06800850	0.95389290
0.58064516	0.64516129	-0.16036501	0.03331648	0.95265767
0.61290323	0.64516129	-0.17098059	-0.00719453	0.95276365
0.64516129	0.64516129	-0.18182708	-0.05358728	0.95461611
0.67741935	0.64516129	-0.19217887	-0.10547866	0.95856197
0.70967742	0.64516129	-0.20084778	-0.16177229	0.96480702
0.74193548	0.64516129	-0.20606839	-0.22025583	0.97330732
0.77419355	0.64516129	-0.20546238	-0.27705452	0.98364407
0.80645161	0.64516129	-0.19622317	-0.32603540	0.99491668
0.83870968	0.64516129	-0.17573554	-0.35847801	1.00573191
0.87096774	0.64516129	-0.14283901	-0.36366576	1.01439876
0.90322581	0.64516129	-0.09968526	-0.33128112	1.01937761
0.93548387	0.64516129	-0.05341374	-0.25588125	1.01980905
0.96774194	0.64516129	-0.01586523	-0.14129889	1.01573271
1.00000000	0.64516129	0.00000000	0.00000000	1.01262722
0.00000000	0.67741935	0.00000000	0.00000000	0.97688034
0.03225806	0.67741935	-0.00368382	0.06960666	0.97602260
0.06451613	0.67741935	-0.01249095	0.12218616	0.97462240
0.09677419	0.67741935	-0.02399024	0.15928791	0.97379654
0.12903226	0.67741935	-0.03621701	0.18354978	0.97338027
0.16129032	0.67741935	-0.04786464	0.19787893	0.97314515
0.19354839	0.67741935	-0.05822108	0.20492456	0.97286661
0.22580645	0.67741935	-0.06701444	0.20682056	0.97236006
0.25806452	0.67741935	-0.07425917	0.20511520	0.97149069
0.29032258	0.67741935	-0.08013802	0.20080667	0.97017003
0.32258065	0.67741935	-0.08492454	0.19442472	0.96835003
0.35483871	0.67741935	-0.08893774	0.18612340	0.96602028
0.38709677	0.67741935	-0.09251779	0.17576736	0.96321008
0.41935484	0.67741935	-0.09601350	0.16300634	0.95999497
0.45161290	0.67741935	-0.09977453	0.14733783	0.95650600
0.48387097	0.67741935	-0.10414330	0.12816065	0.95293957
0.51612903	0.67741935	-0.10944273	0.10482238	0.94956515
0.54838710	0.67741935	-0.11595629	0.07666418	0.94672795
0.58064516	0.67741935	-0.12389595	0.04306735	0.94484319
0.61290323	0.67741935	-0.13335205	0.00350994	0.94437856
0.64516129	0.67741935	-0.14421699	-0.04235098	0.94582084
0.67741935	0.67741935	-0.15607216	-0.09454157	0.94962162
0.70967742	0.67741935	-0.16802960	-0.15252816	0.95611607
0.74193548	0.67741935	-0.17853417	-0.21479662	0.96540777
0.77419355	0.67741935	-0.18517524	-0.27818021	0.97721712
0.80645161	0.67741935	-0.18464877	-0.33693456	0.99071218
0.83870968	0.67741935	-0.17315256	-0.38179896	1.00439513
0.87096774	0.67741935	-0.14761980	-0.39978503	1.01619995
0.90322581	0.67741935	-0.10807729	-0.37608856	1.02396697
0.93548387	0.67741935	-0.06062953	-0.29949449	1.02620108
0.96774194	0.67741935	-0.01881155	-0.16982696	1.02255680
1.00000000	0.67741935	0.00000000	0.00000000	1.01929842
0.00000000	0.70967742	0.00000000	0.00000000	0.97123084
0.03225806	0.70967742	-0.00446360	0.07625585	0.97025503
0.06451613	0.70967742	-0.01463988	0.13280639	0.96877207
0.09677419	0.70967742	-0.02718260	0.17139707	0.96814268
0.12903226	0.70967742	-0.03959843	0.19535718	0.96811964
0.16129032	0.70967742	-0.05041361	0.20833331	0.96836632
0.19354839	0.70967742	-0.05897383	0.21356202	0.96856591
0.22580645	0.70967742	-0.06516442	0.21357195	0.96847099
0.25806452	0.70967742	-0.06917754	0.21014589	0.96791025
0.29032258	0.70967742	-0.07135713	0.20440725	0.96677719
0.32258065	0.70967742	-0.07211087	0.19694648	0.96501722
0.35483871	0.70967742	-0.07186765	0.18794480	0.96262035
0.38709677	0.70967742	-0.07106150	0.17727892	0.95962095
0.41935484	0.70967742	-0.07012832	0.16460420	0.95610350
0.45161290	0.70967742	-0.06950705	0.14941959	0.95221216
0.48387097	0.70967742	-0.06963983	0.13111889	0.94816131
0.51612903	0.70967742	-0.07096776	0.10903234	0.94424457
0.54838710	0.70967742	-0.07391946	0.08246173	0.94083895
0.58064516	0.70967742	-0.07888859	0.05071225	0.93840131
0.61290323	0.70967742	-0.08619515	0.01312652	0.93745357
0.64516129	0.70967742	-0.09602095	-0.03086716	0.93855321
0.67741935	0.70967742	-0.10830428	-0.08166604	0.94224419
0.70967742	0.70967742	-0.12257176	-0.13931028	0.94898165
0.74193548	0.70967742	-0.13768662	-0.20311017	0.95902026
0.77419355	0.70967742	-0.15151949	-0.27093991	0.97225293
0.80645161	0.70967742	-0.16064120	-0.33805807	0.98799545
0.83870968	0.70967742	-0.16033684	-0.39550698	1.00476131
0.87096774	0.70967742	-0.14552729	-0.42874103	1.02019352
0.90322581	0.70967742	-0.11333739	-0.41827139	1.03145555
0.93548387	0.70967742	-0.06746105	-0.34514698	1.03619890
0.96774194	0.70967742	-0.02213905	-0.20192841	1.03344681
1.00000000	0.70967742	0.00000000	0.00000000	1.03017745
0.00000000	0.74193548	0.00000000	0.00000000	0.96475130
0.03225806	0.74193548	-0.00580376	0.08424654	0.96360427
0.06451613	0.74193548	-0.01815152	0.14490517	0.96204997
0.09677419	0.74193548	-0.03220864	0.18424646	0.96181615
0.12903226	0.74193548	-0.04478363	0.20678079	0.96247628
0.16129032	0.74193548	-0.05430514	0.21725433	0.96350612
0.19354839	0.74193548	-0.06032563	0.21967538	0.96445372
0.22580645	0.74193548	-0.06302852	0.21702427	0.96499437
0.25806452	0.74193548	-0.06288636	0.21130791	0.96492160
0.29032258	0.74193548	-0.06046771	0.20373999	0.96411901
0.32258065	0.74193548	-0.05634712	0.19493525	0.96253565
0.35483871	0.74193548	-0.05107481	0.18507403	0.96017205
0.38709677	0.74193548	-0.04517574	0.17402804	0.95707684
0.41935484	0.74193548	-0.03916046	0.16145190	0.95335148
0.45161290	0.74193548	-0.03353794	0.14684935	0.94915973
0.48387097	0.74193548	-0.02882585	0.12962137	0.94473891
0.51612903	0.74193548	-0.02555539	0.10910203	0.94040976
0.54838710	0.74193548	-0.02426933	0.08458501	0.93658189
0.58064516	0.74193548	-0.02551088	0.05534304	0.93375182
0.61290323	0.74193548	-0.02979966	0.02064230	0.93249056
0.64516129	0.74193548	-0.03758667	-0.02024184	0.93341722
0.67741935	0.74193548	-0.04917235	-0.06799075	0.93715498
0.70967742	0.74193548	-0.06455842	-0.12314581	0.94426323
0.74193548	0.74193548	-0.08318840	-0.18584887	0.95513578
0.77419355	0.74193548	-0.10352899	-0.25522563	0.96984662
0.80645161	0.74193548	-0.12250520	-0.32811721	0.98791657
0.83870968	0.74193548	-0.13501717	-0.39691287	1.00799599
0.87096774	0.74193548	-0.13421623	-0.44678447	1.02758413
0.90322581	0.74193548	-0.11377110	-0.45415478	1.04318270
0.93548387	0.74193548	-0.07331786	-0.39069282	1.05135562
0.96774194	0.74193548	-0.02594621	-0.23728800	1.05015106
1.00000000	0.74193548	0.00000000	0.00000000	1.04709190
0.00000000	0.77419355	0.00000000	0.00000000	0.95696405
0.03225806	0.77419355	-0.00809113	0.09440738	0.95559262
0.06451613	0.77419355	-0.02373640	0.15921128	0.95406101
0.09677419	0.77419355	-0.03973246	0.19802918	0.95460341
0.12903226	0.77419355	-0.05208367	0.21745369	0.95641353
0.16129032	0.77419355	-0.05935807	0.22387531	0.95865502
0.19354839	0.77419355	-0.06160046	0.22228540	0.96069482
0.22580645	0.77419355	-0.05950987	0.21613268	0.96212914
0.25806452	0.77419355	-0.05397212	0.20758509	0.96273183
0.29032258	0.77419355	-0.04584713	0.19786802	0.96239606
0.32258065	0.77419355	-0.03590004	0.18755358	0.96109276
0.35483871	0.77419355	-0.02480034	0.17677343	0.95884855
0.38709677	0.77419355	-0.01314723	0.16536458	0.95573917
0.41935484	0.77419355	-0.00150072	0.15296641	0.95189341
0.45161290	0.77419355	0.00959034	0.13908499	0.94750297
0.48387097	0.77419355	0.01956653	0.12313634	0.94283445
0.51612903	0.77419355	0.02784318	0.10447582	0.93824020
0.54838710	0.77419355	0.03380295	0.08241723	0.93416500
0.58064516	0.77419355	0.03679578	0.05624259	0.93114563
0.61290323	0.77419355	0.03614796	0.02520232	0.92980032
0.64516129	0.77419355	0.03118528	-0.01149447	0.93080522
0.67741935	0.77419355	0.02128275	-0.05469428	0.93485423
0.70967742	0.77419355	0.00596916	-0.10529422	0.94259794
0.74193548	0.77419355	-0.01485676	-0.16413960	0.95455343
0.77419355	0.77419355	-0.04050414	-0.23162310	0.97096752
0.80645161	0.77419355	-0.06875907	-0.30656989	0.99159593
0.83870968	0.77419355	-0.09489220	-0.38379595	1.01534147
0.87096774	0.77419355	-0.11098277	-0.44998709	1.03976236
0.90322581	0.77419355	-0.10716072	-0.47916974	1.06081792
0.93548387	0.77419355	-0.07730947	-0.43297186	1.07374661
0.96774194	0.77419355	-0.03041853	-0.27524626	1.07511486
1.00000000	0.77419355	0.00000000	0.00000000	1.07263670
0.00000000	0.80645161	0.00000000	0.00000000	0.94690546
0.03225806	0.80645161	-0.01199282	0.10798294	0.94531207
0.06451613	0.80645161	-0.03232775	0.17654650	0.94414027
0.09677419	0.80645161	-0.05020681	0.21259373	0.94619957
0.12903226	0.80645161	-0.06103266	0.22640640	0.94990916
0.16129032	0.80645161	-0.06410674	0.22677112	0.95395528
0.19354839	0.80645161	-0.06046432	0.21982719	0.95750385
0.22580645	0.80645161	-0.05161775	0.20939593	0.96010469
0.25806452	0.80645161	-0.03900347	0.19764518	0.96155375
0.29032258	0.80645161	-0.02381229	0.18566793	0.96179030
0.32258065	0.80645161	-0.00698815	0.17388846	0.96083573
0.35483871	0.80645161	0.01071534	0.16232122	0.95876419
0.38709677	0.80645161	0.02866890	0.15072842	0.95569449
0.41935484	0.80645161	0.04630948	0.13871434	0.95179456
0.45161290	0.80645161	0.06309461	0.12578211	0.94729278
0.48387097	0.80645161	0.07846858	0.11136854	0.94249135
0.51612903	0.80645161	0.09183865	0.09486561	0.93777868
0.54838710	0.80645161	0.10255929	0.07563242	0.93363753
0.58064516	0.80645161	0.10992286	0.05299804	0.93064636
0.61290323	0.80645161	0.11315615	0.02625281	0.92947108
0.64516129	0.80645161	0.11142424	-0.00537662	0.93084431
0.67741935	0.80645161	0.10384803	-0.04277463	0.93552920
0.70967742	0.80645161	0.08955526	-0.08700629	0.94426429
0.74193548	0.80645161	0.06781453	-0.13937556	0.95768397
0.77419355	0.80645161	0.03836441	-0.20132331	0.97620253
0.80645161	0.80645161	0.00213981	-0.27372914	0.99982739
0.83870968	0.80645161	-0.03738694	-0.35468916	1.02781531
0.87096774	0.80645161	-0.07244155	-0.43451595	1.05804082
0.90322581	0.80645161	-0.09032896	-0.48782808	1.08620583
0.93548387	0.80645161	-0.07785826	-0.46743499	1.10603724
0.96774194	0.80645161	-0.03577245	-0.31459746	1.11180889
1.00000000	0.80645161	0.00000000	0.00000000	1.11061936
0.00000000	0.83870968	0.00000000	0.00000000	0.93256969
0.03225806	0.83870968	-0.01863666	0.12673513	0.93101556
0.06451613	0.83870968	-0.04479350	0.19742527	0.93121923
0.09677419	0.83870968	-0.06285472	0.22673409	0.93624538
0.12903226	0.83870968	-0.06878563	0.23135362	0.94303670
0.16129032	0.83870968	-0.06388775	0.22330698	0.94967420
0.19354839	0.83870968	-0.05093290	0.20979641	0.95519896
0.22580645	0.83870968	-0.03254527	0.19467183	0.95921660
0.25806452	0.83870968	-0.01075768	0.17977963	0.96162823
0.29032258	0.83870968	0.01297345	0.16585270	0.96247877
0.32258065	0.83870968	0.03762573	0.15302596	0.96188054
0.35483871	0.83870968	0.06246325	0.14111638	0.95998204
0.38709677	0.83870968	0.08691795	0.12977044	0.95696249
0.41935484	0.83870968	0.11050243	0.11854070	0.95304025
0.45161290	0.83870968	0.13274816	0.10692590	0.94848737
0.48387097	0.83870968	0.15316256	0.09439230	0.94364588
0.51612903	0.83870968	0.17119902	0.08038512	0.93894233
0.54838710	0.83870968	0.18623602	0.06433304	0.93489808
0.58064516	0.83870968	0.19756213	0.04564573	0.93213298
0.61290323	0.83870968	0.20436439	0.02370094	0.93136012
0.64516129	0.83870968	0.20571869	-0.00218633	0.93336908
0.67741935	0.83870968	0.20058265	-0.03282529	0.93899527
0.70967742	0.83870968	0.18779810	-0.06926070	0.94907248
0.74193548	0.83870968	0.16613127	-0.11294873	0.96436533
0.77419355	0.83870968	0.13443774	-0.16594837	0.98547474
0.80645161	0.83870968	0.09218062	-0.23081854	1.01269519
0.83870968	0.83870968	0.04075614	-0.30921457	1.04574557
0.87096774	0.83870968	-0.01390519	-0.39704506	1.08314464
0.90322581	0.83870968	-0.05820562	-0.47375303	1.12091780
0.93548387	0.83870968	-0.07172171	-0.48752836	1.15138454
0.96774194	0.83870968	-0.04185691	-0.35310451	1.16520786
1.00000000	0.83870968	0.00000000	0.00000000	1.16683873
0.00000000	0.87096774	0.00000000	0.00000000	0.90957963
0.03225806	0.87096774	-0.02965502	0.15277644	0.90929454
0.06451613	0.87096774	-0.06033286	0.22076457	0.91375601
0.09677419	0.87096774	-0.07242491	0.23658587	0.92453883
0.12903226	0.87096774	-0.06607530	0.22743942	0.93619584
0.16129032	0.87096774	-0.04676214	0.20891840	0.94639307
0.19354839	0.87096774	-0.01969055	0.18848472	0.95434307
0.22580645	0.87096774	0.01145013	0.16922071	0.95992617
0.25806452	0.87096774	0.04432197	0.15212646	0.96329254
0.29032258	0.87096774	0.07751665	0.13728453	0.96468158
0.32258065	0.87096774	0.11019698	0.12439867	0.96434831
0.35483871	0.87096774	0.14184763	0.11302900	0.96254405
0.38709677	0.87096774	0.17211313	0.10268925	0.95952315
0.41935484	0.87096774	0.20069462	0.09288414	0.95556099
0.45161290	0.87096774	0.22728373	0.08312198	0.95097528
0.48387097	0.87096774	0.25151964	0.07291769	0.94614690
0.51612903	0.87096774	0.27296037	0.06179216	0.94153758
0.54838710	0.87096774	0.29106274	0.04926931	0.93770296
0.58064516	0.87096774	0.30516704	0.03486968	0.93529913
0.61290323	0.87096774	0.31448318	0.01809626	0.93508120
0.64516129	0.87096774	0.31807505	-0.00159486	0.93789221
0.67741935	0.87096774	0.31483934	-0.02485402	0.94464098
0.70967742	0.87096774	0.30347521	-0.05255490	0.95626733
0.74193548	0.87096774	0.28244684	-0.08601518	0.97369357
0.77419355	0.87096774	0.24997157	-0.12737264	0.99775953
0.80645161	0.87096774	0.20418466	-0.18004753	1.02913234
0.83870968	0.87096774	0.14397103	-0.24860335	1.06814924
0.87096774	0.87096774	0.07156191	-0.33555418	1.11439110
0.90322581	0.87096774	-0.00204674	-0.43001155	1.16527099
0.93548387	0.87096774	-0.05169680	-0.48378369	1.21281959
0.96774194	0.87096774	-0.04671318	-0.38631916	1.24236224
1.00000000	0.87096774	0.00000000	0.00000000	1.25042881
0.00000000	0.90322581	0.00000000	0.00000000	0.86792463
0.03225806	0.90322581	-0.04538726	0.18706800	0.87349124
0.06451613	0.90322581	-0.06945674	0.24019517	0.89014897
0.09677419	0.90322581	-0.05964347	0.23247653	0.91176372
0.12903226	0.90322581	-0.02808565	0.20569085	0.93075853
0.16129032	0.90322581	0.01385507	0.17692224	0.94549441
0.19354839	0.90322581	0.05931892	0.15158415	0.95606676
0.22580645	0.90322581	0.10474893	0.13065932	0.96305618
0.25806452	0.90322581	0.14847837	0.11371312	0.96709523
0.29032258	0.90322581	0.18982149	0.09997770	0.96873192
0.32258065	0.90322581	0.22856399	0.08869499	0.96841257
0.35483871	0.90322581	0.26468871	0.07920024	0.96650727
0.38709677	0.90322581	0.29822854	0.07092346	0.96334639
0.41935484	0.90322581	0.32918624	0.06337011	0.95925657
0.45161290	0.90322581	0.35748941	0.05610088	0.95459259
0.48387097	0.90322581	0.38296416	0.04871567	0.94976420
0.51612903	0.90322581	0.40531888	0.04084203	0.94525757
0.54838710	0.90322581	0.42413326	0.03212638	0.94165107
0.58064516	0.90322581	0.43884934	0.02222531	0.93962479
0.61290323	0.90322581	0.44876193	0.01079294	0.93996325
0.64516129	0.90322581	0.45300443	-0.00254249	0.94355113
0.67741935	0.90322581	0.45052443	-0.01822545	0.95136224
0.70967742	0.90322581	0.44003879	-0.03686819	0.96444348
0.74193548	0.90322581	0.41995119	-0.05944508	0.98389684
0.77419355	0.90322581	0.38821106	-0.08768618	1.01086393
0.80645161	0.90322581	0.34212757	-0.12481799	1.04651689
0.83870968	0.90322581	0.27838308	-0.17659182	1.09205121
0.87096774	0.90322581	0.19435263	-0.25102727	1.14861744
0.90322581	0.90322581	0.09365664	-0.35049432	1.21660083
0.93548387	0.90322581	-0.00140651	-0.44286191	1.29132437
0.96774194	0.90322581	-0.04215094	-0.40480129	1.35279174
1.00000000	0.90322581	0.00000000	0.00000000	1.37634084
0.00000000	0.93548387	0.00000000	0.00000000	0.78499177
0.03225806	0.93548387	-0.04902020	0.22223319	0.81115397
0.06451613	0.93548387	-0.02698990	0.23502078	0.86103663
0.09677419	0.93548387	0.03225542	0.19521479	0.90198749
0.12903226	0.93548387	0.10112459	0.15394089	0.93088034
0.16129032	0.93548387	0.16790130	0.12151383	0.95014594
0.19354839	0.93548387	0.22878899	0.09759086	0.96248898
0.22580645	0.93548387	0.28315959	0.08006127	0.96992409
0.25806452	0.93548387	0.33149413	0.06705390	0.97381147
0.29032258	0.93548387	0.37456624	0.05719891	0.97505574
0.32258065	0.93548387	0.41313380	0.04953147	0.97427618
0.35483871	0.93548387	0.44783040	0.04336446	0.97192722
0.38709677	0.93548387	0.47913292	0.03819172	0.96838118
0.41935484	0.93548387	0.50735690	0.03362327	0.96398643
0.45161290	0.93548387	0.53266045	0.02934407	0.95910964
0.48387097	0.93548387	0.55505015	0.02508823	0.95416756
0.51612903	0.93548387	0.57438635	0.02062307	0.94965096
0.54838710	0.93548387	0.59038720	0.01573886	0.94614206
0.58064516	0.93548387	0.60263084	0.01024101	0.94432603
0.61290323	0.93548387	0.61055457	0.00394118	0.94499716
0.64516129	0.93548387	0.61344794	-0.00335735	0.94906072
0.67741935	0.93548387	0.61043394	-0.01188837	0.95753324
0.70967742	0.93548387	0.60042580	-0.02198165	0.97154695
0.74193548	0.93548387	0.58203471	-0.03418744	0.99236924
0.77419355	0.93548387	0.55337872	-0.04954902	1.02145660
0.80645161	0.93548387	0.51170185	-0.07021955	1.06057555
0.83870968	0.93548387	0.45270084	-0.10082840	1.11204222
0.87096774	0.93548387	0.36982553	-0.15082773	1.17917262
0.90322581	0.93548387	0.25601857	-0.23425240	1.26704048
0.93548387	0.93548387	0.11655850	-0.34797610	1.38120399
0.96774194	0.93548387	0.00022504	-0.38772566	1.50774756
1.00000000	0.93548387	0.00000000	0.00000000	1.57001906
0.00000000	0.96774194	0.00000000	0.00000000	0.60487963
0.03225806	0.96774194	0.09615657	0.21405791	0.70144600
0.06451613	0.96774194	0.22223319	0.15891956	0.84308656
0.09677419	0.96774194	0.33117736	0.10436204	0.91091208
0.12903226	0.96774194	0.41744799	0.07004497	0.94603065
0.16129032	0.96774194	0.48511826	0.04925785	0.96534182
0.19354839	0.96774194	0.53896182	0.03632587	0.97609039
0.22580645	0.96774194	0.58270913	0.02795419	0.98170730
0.25806452	0.96774194	0.61902310	0.02230647	0.98396227
0.29032258	0.96774194	0.64976304	0.01833803	0.98384474
0.32258065	0.96774194	0.67622202	0.01543084	0.98195994
0.35483871	0.96774194	0.69929451	0.01320113	0.97872406
0.38709677	0.96774194	0.71958649	0.01139696	0.97447042
0.41935484	0.96774194	0.73748624	0.00984260	0.96951354
0.45161290	0.96774194	0.75320977	0.00840764	0.96419184
0.48387097	0.96774194	0.76683032	0.00698978	0.95889814
0.51612903	0.96774194	0.77829801	0.00550500	0.95410247
0.54838710	0.96774194	0.78745340	0.00388190	0.95036870
0.58064516	0.96774194	0.79403688	0.00205794	0.94836627
0.61290323	0.96774194	0.79769442	-0.00002415	0.94887765
0.64516129	0.96774194	0.79797808	-0.00242186	0.95280360
0.67741935	0.96774194	0.79433708	-0.00520330	0.96117023
0.70967742	0.96774194	0.78608971	-0.00846895	0.97514681
0.74193548	0.96774194	0.77235544	-0.01239799	0.99609193
0.77419355	0.96774194	0.75190228	-0.01735332	1.02566472
0.80645161	0.96774194	0.72280643	-0.02414010	1.06607830
0.83870968	0.96774194	0.68168274	-0.03471549	1.12067144
0.87096774	0.96774194	0.62197804	-0.05434500	1.19524084
0.90322581	0.96774194	0.53085502	-0.09722727	1.30128572
0.93548387	0.96774194	0.38772566	-0.18706838	1.46145443
0.96774194	0.96774194	0.18287893	-0.28824278	1.70700741
1.00000000	0.96774194	0.00000000	0.00000000	1.85522107
0.00000000	1.00000000	1.00000000	0.00000000	0.48045814
0.03225806	1.00000000	1.00000000	0.00000000	0.63155285
0.06451613	1.00000000	1.00000000	0.00000000	0.84073111
0.09677419	1.00000000	1.00000000	0.00000000	0.92313378
0.12903226	1.00000000	1.00000000	0.00000000	0.95895344
0.16129032	1.00000000	1.00000000	0.00000000	0.97627725
0.19354839	1.00000000	1.00000000	0.00000000	0.98496691
0.22580645	1.00000000	1.00000000	0.00000000	0.98892587
0.25806452	1.00000000	1.00000000	0.00000000	0.98991865
0.29032258	1.00000000	1.00000000	0.00000000	0.98884792
0.32258065	1.00000000	1.00000000	0.00000000	0.98623766
0.35483871	1.00000000	1.00000000	0.00000000	0.98244191
0.38709677	1.00000000	1.00000000	0.00000000	0.97774848
0.41935484	1.00000000	1.00000000	0.00000000	0.97243838
0.45161290	1.00000000	1.00000000	0.00000000	0.96682448
0.48387097	1.00000000	1.00000000	0.00000000	0.96127927
0.51612903	1.00000000	1.00000000	0.00000000	0.95625578
0.54838710	1.00000000	1.00000000	0.00000000	0.95230323
0.58064516	1.00000000	1.00000000	0.00000000	0.95007815
0.61290323	1.00000000	1.00000000	0.00000000	0.95035196
0.64516129	1.00000000	1.00000000	0.00000000	0.95401689
0.67741935	1.00000000	1.00000000	0.00000000	0.96209471
0.70967742	1.00000000	1.00000000	0.00000000	0.97575798
0.74193548	1.00000000	1.00000000	0.00000000	0.99638402
0.77419355	1.00000000	1.00000000	0.00000000	1.02568504
0.80645161	1.00000000	1.00000000	0.00000000	1.06601575
0.83870968	1.00000000	1.00000000	0.00000000	1.12111791
0.87096774	1.00000000	1.00000000	0.00000000	1.19802550
0.90322581	1.00000000	1.00000000	0.00000000	1.31191416
0.93548387	1.00000000	1.00000000	0.00000000	1.49525092
0.96774194	1.00000000	1.00000000	0.00000000	1.81619554
1.00000000	1.00000000	1.00000000	0.00000000	2.02261584
