VARIABLES="X","Y","U","V","P"
ZONE  F=POINT
I=32, J=32
0.00000000	0.00000000	0.00000000	0.00000000	1.01440295
0.03225806	0.00000000	0.00000000	0.00000000	1.01429370
0.06451613	0.00000000	0.00000000	0.00000000	1.01398478
0.09677419	0.00000000	0.00000000	0.00000000	1.01356050
0.12903226	0.00000000	0.00000000	0.00000000	1.01313244
0.16129032	0.00000000	0.00000000	0.00000000	1.01277462
0.19354839	0.00000000	0.00000000	0.00000000	1.01253022
0.22580645	0.00000000	0.00000000	0.00000000	1.01242214
0.25806452	0.00000000	0.00000000	0.00000000	1.01246143
0.29032258	0.00000000	0.00000000	0.00000000	1.01265273
0.32258065	0.00000000	0.00000000	0.00000000	1.01299701
0.35483871	0.00000000	0.00000000	0.00000000	1.01349226
0.38709677	0.00000000	0.00000000	0.00000000	1.01413264
0.41935484	0.00000000	0.00000000	0.00000000	1.01490702
0.45161290	0.00000000	0.00000000	0.00000000	1.01579717
0.48387097	0.00000000	0.00000000	0.00000000	1.01677630
0.51612903	0.00000000	0.00000000	0.00000000	1.01780846
0.54838710	0.00000000	0.00000000	0.00000000	1.01884899
0.58064516	0.00000000	0.00000000	0.00000000	1.01984651
0.61290323	0.00000000	0.00000000	0.00000000	1.02074633
0.64516129	0.00000000	0.00000000	0.00000000	1.02149519
0.67741935	0.00000000	0.00000000	0.00000000	1.02204697
0.70967742	0.00000000	0.00000000	0.00000000	1.02236850
0.74193548	0.00000000	0.00000000	0.00000000	1.02244484
0.77419355	0.00000000	0.00000000	0.00000000	1.02228304
0.80645161	0.00000000	0.00000000	0.00000000	1.02191396
0.83870968	0.00000000	0.00000000	0.00000000	1.02139183
0.87096774	0.00000000	0.00000000	0.00000000	1.02079183
0.90322581	0.00000000	0.00000000	0.00000000	1.02020586
0.93548387	0.00000000	0.00000000	0.00000000	1.01973548
0.96774194	0.00000000	0.00000000	0.00000000	1.01947615
1.00000000	0.00000000	0.00000000	0.00000000	1.01941011
0.00000000	0.03225806	0.00000000	0.00000000	1.01451219
0.03225806	0.03225806	0.00004879	-0.00004809	1.01440180
0.06451613	0.03225806	-0.00028803	0.00021681	1.01410944
0.09677419	0.03225806	-0.00114032	0.00053232	1.01372669
0.12903226	0.03225806	-0.00247554	0.00080306	1.01334484
0.16129032	0.03225806	-0.00419790	0.00100390	1.01302687
0.19354839	0.03225806	-0.00619628	0.00113594	1.01281126
0.22580645	0.03225806	-0.00836435	0.00120797	1.01271947
0.25806452	0.03225806	-0.01060646	0.00122880	1.01276259
0.29032258	0.03225806	-0.01283675	0.00120457	1.01294578
0.32258065	0.03225806	-0.01497577	0.00113834	1.01327062
0.35483871	0.03225806	-0.01694701	0.00103079	1.01373561
0.38709677	0.03225806	-0.01867491	0.00088148	1.01433552
0.41935484	0.03225806	-0.02008481	0.00069037	1.01506002
0.45161290	0.03225806	-0.02110512	0.00045920	1.01589204
0.48387097	0.03225806	-0.02167154	0.00019274	1.01680657
0.51612903	0.03225806	-0.02173280	-0.00010031	1.01777003
0.54838710	0.03225806	-0.02125730	-0.00040701	1.01874081
0.58064516	0.03225806	-0.02023959	-0.00071036	1.01967111
0.61290323	0.03225806	-0.01870590	-0.00099031	1.02051016
0.64516129	0.03225806	-0.01671743	-0.00122535	1.02120870
0.67741935	0.03225806	-0.01437055	-0.00139475	1.02172426
0.70967742	0.03225806	-0.01179326	-0.00148104	1.02202660
0.74193548	0.03225806	-0.00913754	-0.00147256	1.02210255
0.77419355	0.03225806	-0.00656798	-0.00136546	1.02195941
0.80645161	0.03225806	-0.00424747	-0.00116514	1.02162643
0.83870968	0.03225806	-0.00232099	-0.00088702	1.02115408
0.87096774	0.03225806	-0.00089830	-0.00055750	1.02061121
0.90322581	0.03225806	-0.00003523	-0.00021715	1.02008052
0.93548387	0.03225806	0.00028904	0.00007012	1.01965165
0.96774194	0.03225806	0.00020431	0.00019779	1.01940904
1.00000000	0.03225806	0.00000000	0.00000000	1.01934403
0.00000000	0.06451613	0.00000000	0.00000000	1.01482602
0.03225806	0.06451613	-0.00022825	0.00028801	1.01469177
0.06451613	0.06451613	-0.00123339	0.00118909	1.01439047
0.09677419	0.06451613	-0.00309224	0.00218749	1.01405383
0.12903226	0.06451613	-0.00573100	0.00305756	1.01373638
0.16129032	0.06451613	-0.00900056	0.00372072	1.01347899
0.19354839	0.06451613	-0.01272560	0.00416643	1.01330878
0.22580645	0.06451613	-0.01673078	0.00441016	1.01324228
0.25806452	0.06451613	-0.02085109	0.00447239	1.01328903
0.29032258	0.06451613	-0.02493296	0.00436929	1.01345431
0.32258065	0.06451613	-0.02883135	0.00411024	1.01374053
0.35483871	0.06451613	-0.03240628	0.00369913	1.01414744
0.38709677	0.06451613	-0.03552111	0.00313779	1.01467143
0.41935484	0.06451613	-0.03804351	0.00243020	1.01530427
0.45161290	0.06451613	-0.03984975	0.00158672	1.01603168
0.48387097	0.06451613	-0.04083177	0.00062768	1.01683226
0.51612903	0.06451613	-0.04090644	-0.00041425	1.01767690
0.54838710	0.06451613	-0.04002583	-0.00149322	1.01852923
0.58064516	0.06451613	-0.03818713	-0.00255141	1.01934728
0.61290323	0.06451613	-0.03544068	-0.00352217	1.02008631
0.64516129	0.06451613	-0.03189460	-0.00433536	1.02070290
0.67741935	0.06451613	-0.02771450	-0.00492417	1.02115968
0.70967742	0.06451613	-0.02311738	-0.00523301	1.02143030
0.74193548	0.06451613	-0.01835923	-0.00522528	1.02150367
0.77419355	0.06451613	-0.01371652	-0.00489008	1.02138688
0.80645161	0.06451613	-0.00946273	-0.00424700	1.02110607
0.83870968	0.06451613	-0.00584153	-0.00334918	1.02070515
0.87096774	0.06451613	-0.00303807	-0.00228576	1.02024232
0.90322581	0.06451613	-0.00114979	-0.00118735	1.01978496
0.93548387	0.06451613	-0.00015667	-0.00023955	1.01940311
0.96774194	0.06451613	0.00010956	0.00028903	1.01916226
1.00000000	0.06451613	0.00000000	0.00000000	1.01908475
0.00000000	0.09677419	0.00000000	0.00000000	1.01526631
0.03225806	0.09677419	-0.00059278	0.00118528	1.01507672
0.06451613	0.09677419	-0.00239960	0.00308078	1.01470288
0.09677419	0.09677419	-0.00535225	0.00502991	1.01435322
0.12903226	0.09677419	-0.00929703	0.00671137	1.01405294
0.16129032	0.09677419	-0.01402923	0.00799848	1.01382200
0.19354839	0.09677419	-0.01932439	0.00886615	1.01367414
0.22580645	0.09677419	-0.02495836	0.00933345	1.01361808
0.25806452	0.09677419	-0.03071624	0.00943097	1.01365951
0.29032258	0.09677419	-0.03639387	0.00918481	1.01380239
0.32258065	0.09677419	-0.04179561	0.00861165	1.01404952
0.35483871	0.09677419	-0.04673182	0.00772053	1.01440218
0.38709677	0.09677419	-0.05101818	0.00651869	1.01485910
0.41935484	0.09677419	-0.05447811	0.00501900	1.01541502
0.45161290	0.09677419	-0.05694875	0.00324744	1.01605914
0.48387097	0.09677419	-0.05829004	0.00124942	1.01677381
0.51612903	0.09677419	-0.05839602	-0.00090626	1.01753382
0.54838710	0.09677419	-0.05720723	-0.00312633	1.01830659
0.58064516	0.09677419	-0.05472245	-0.00529551	1.01905350
0.61290323	0.09677419	-0.05100826	-0.00728284	1.01973264
0.64516129	0.09677419	-0.04620455	-0.00895154	1.02030260
0.67741935	0.09677419	-0.04052441	-0.01017198	1.02072719
0.70967742	0.09677419	-0.03424697	-0.01083632	1.02098032
0.74193548	0.09677419	-0.02770255	-0.01087343	1.02105027
0.77419355	0.09677419	-0.02124998	-0.01026196	1.02094242
0.80645161	0.09677419	-0.01524726	-0.00904013	1.02067994
0.83870968	0.09677419	-0.01001752	-0.00731169	1.02030198
0.87096774	0.09677419	-0.00581292	-0.00524925	1.01985969
0.90322581	0.09677419	-0.00277983	-0.00309856	1.01941067
0.93548387	0.09677419	-0.00092821	-0.00118924	1.01901273
0.96774194	0.09677419	-0.00010868	0.00004112	1.01871802
1.00000000	0.09677419	0.00000000	0.00000000	1.01860249
0.00000000	0.12903226	0.00000000	0.00000000	1.01571650
0.03225806	0.12903226	-0.00096186	0.00268759	1.01545847
0.06451613	0.12903226	-0.00359893	0.00594854	1.01498172
0.09677419	0.12903226	-0.00766741	0.00908490	1.01458485
0.12903226	0.12903226	-0.01290690	0.01173452	1.01427029
0.16129032	0.12903226	-0.01904533	0.01374807	1.01403987
0.19354839	0.12903226	-0.02581038	0.01509555	1.01389425
0.22580645	0.12903226	-0.03293808	0.01580200	1.01383379
0.25806452	0.12903226	-0.04017625	0.01590788	1.01385949
0.29032258	0.12903226	-0.04728363	0.01544864	1.01397348
0.32258065	0.12903226	-0.05402721	0.01444818	1.01417886
0.35483871	0.12903226	-0.06018011	0.01292169	1.01447874
0.38709677	0.12903226	-0.06552172	0.01088407	1.01487476
0.41935484	0.12903226	-0.06984127	0.00836076	1.01536527
0.45161290	0.12903226	-0.07294490	0.00539864	1.01594341
0.48387097	0.12903226	-0.07466597	0.00207493	1.01659545
0.51612903	0.12903226	-0.07487759	-0.00149706	1.01729962
0.54838710	0.12903226	-0.07350631	-0.00516680	1.01802600
0.58064516	0.12903226	-0.07054530	-0.00875038	1.01873755
0.61290323	0.12903226	-0.06606549	-0.01204008	1.01939263
0.64516129	0.12903226	-0.06022279	-0.01481922	1.01994883
0.67741935	0.12903226	-0.05325941	-0.01688176	1.02036789
0.70967742	0.12903226	-0.04549771	-0.01805488	1.02062090
0.74193548	0.12903226	-0.03732491	-0.01822228	1.02069293
0.77419355	0.12903226	-0.02916852	-0.01734537	1.02058613
0.80645161	0.12903226	-0.02146298	-0.01547946	1.02032039
0.83870968	0.12903226	-0.01460992	-0.01278353	1.01993141
0.87096774	0.12903226	-0.00893600	-0.00952346	1.01946627
0.90322581	0.12903226	-0.00465323	-0.00607206	1.01897741
0.93548387	0.12903226	-0.00182764	-0.00291070	1.01851629
0.96774194	0.12903226	-0.00036206	-0.00063919	1.01812755
1.00000000	0.12903226	0.00000000	0.00000000	1.01795627
0.00000000	0.16129032	0.00000000	0.00000000	1.01608249
0.03225806	0.16129032	-0.00131055	0.00478419	1.01575303
0.06451613	0.16129032	-0.00475557	0.00978632	1.01516259
0.09677419	0.16129032	-0.00991612	0.01433787	1.01470098
0.12903226	0.16129032	-0.01641462	0.01808927	1.01435266
0.16129032	0.16129032	-0.02390356	0.02090194	1.01410398
0.19354839	0.16129032	-0.03206094	0.02275888	1.01394389
0.22580645	0.16129032	-0.04058711	0.02369931	1.01386488
0.25806452	0.16129032	-0.04920063	0.02377650	1.01386348
0.29032258	0.16129032	-0.05763327	0.02303576	1.01394019
0.32258065	0.16129032	-0.06562545	0.02150812	1.01409868
0.35483871	0.16129032	-0.07292337	0.01921503	1.01434431
0.38709677	0.16129032	-0.07927936	0.01617984	1.01468221
0.41935484	0.16129032	-0.08445564	0.01244217	1.01511494
0.45161290	0.16129032	-0.08823191	0.00807213	1.01564009
0.48387097	0.16129032	-0.09041602	0.00318210	1.01624805
0.51612903	0.16129032	-0.09085725	-0.00206593	1.01692041
0.54838710	0.16129032	-0.08946089	-0.00745862	1.01762925
0.58064516	0.16129032	-0.08620312	-0.01273633	1.01833784
0.61290323	0.16129032	-0.08114445	-0.01760536	1.01900291
0.64516129	0.16129032	-0.07443997	-0.02175763	1.01957862
0.67741935	0.16129032	-0.06634414	-0.02489706	1.02002177
0.70967742	0.16129032	-0.05720775	-0.02677083	1.02029766
0.74193548	0.16129032	-0.04746466	-0.02720262	1.02038548
0.77419355	0.16129032	-0.03760705	-0.02612389	1.02028214
0.80645161	0.16129032	-0.02814921	-0.02359874	1.02000344
0.83870968	0.16129032	-0.01958230	-0.01983868	1.01958225
0.87096774	0.16129032	-0.01232502	-0.01520594	1.01906393
0.90322581	0.16129032	-0.00667718	-0.01020693	1.01849981
0.93548387	0.16129032	-0.00278424	-0.00548041	1.01794045
0.96774194	0.16129032	-0.00062069	-0.00178653	1.01742950
1.00000000	0.16129032	0.00000000	0.00000000	1.01719099
0.00000000	0.19354839	0.00000000	0.00000000	1.01628787
0.03225806	0.19354839	-0.00163263	0.00744314	1.01588901
0.06451613	0.19354839	-0.00583939	0.01455409	1.01518465
0.09677419	0.19354839	-0.01203895	0.02074394	1.01465111
0.12903226	0.19354839	-0.01973788	0.02572195	1.01425773
0.16129032	0.19354839	-0.02851150	0.02939437	1.01397745
0.19354839	0.19354839	-0.03798805	0.03177909	1.01378899
0.22580645	0.19354839	-0.04783517	0.03294167	1.01367799
0.25806452	0.19354839	-0.05774810	0.03295403	1.01363725
0.29032258	0.19354839	-0.06743952	0.03187345	1.01366621
0.32258065	0.19354839	-0.07663197	0.02973826	1.01376968
0.35483871	0.19354839	-0.08505334	0.02657559	1.01395592
0.38709677	0.19354839	-0.09243617	0.02241633	1.01423420
0.41935484	0.19354839	-0.09852091	0.01731330	1.01461196
0.45161290	0.19354839	-0.10306299	0.01135900	1.01509192
0.48387097	0.19354839	-0.10584329	0.00470027	1.01566920
0.51612903	0.19354839	-0.10668148	-0.00245220	1.01632901
0.54838710	0.19354839	-0.10545152	-0.00982093	1.01704538
0.58064516	0.19354839	-0.10209851	-0.01706683	1.01778121
0.61290323	0.19354839	-0.09665542	-0.02380324	1.01849035
0.64516129	0.19354839	-0.08925812	-0.02961953	1.01912144
0.67741935	0.19354839	-0.08015576	-0.03411398	1.01962369
0.70967742	0.19354839	-0.06971353	-0.03693437	1.01995346
0.74193548	0.19354839	-0.05840410	-0.03782299	1.02008091
0.77419355	0.19354839	-0.04678484	-0.03666082	1.01999497
0.80645161	0.19354839	-0.03545973	-0.03350422	1.01970569
0.83870968	0.19354839	-0.02502802	-0.02860772	1.01924300
0.87096774	0.19354839	-0.01602525	-0.02242859	1.01865214
0.90322581	0.19354839	-0.00886598	-0.01561285	1.01798690
0.93548387	0.19354839	-0.00379887	-0.00896719	1.01730198
0.96774194	0.19354839	-0.00088406	-0.00342343	1.01664626
1.00000000	0.19354839	0.00000000	0.00000000	1.01633126
0.00000000	0.22580645	0.00000000	0.00000000	1.01626803
0.03225806	0.22580645	-0.00192638	0.01062357	1.01580430
0.06451613	0.22580645	-0.00683598	0.02019262	1.01499139
0.09677419	0.22580645	-0.01400177	0.02823633	1.01438476
0.12903226	0.22580645	-0.02282274	0.03456181	1.01394015
0.16129032	0.22580645	-0.03280081	0.03915209	1.01361853
0.19354839	0.22580645	-0.04351717	0.04208254	1.01338966
0.22580645	0.22580645	-0.05461047	0.04345935	1.01323342
0.25806452	0.22580645	-0.06575786	0.04338084	1.01313979
0.29032258	0.22580645	-0.07665967	0.04191963	1.01310797
0.32258065	0.22580645	-0.08702796	0.03912193	1.01314465
0.35483871	0.22580645	-0.09657958	0.03501921	1.01326169
0.38709677	0.22580645	-0.10503354	0.02964740	1.01347329
0.41935484	0.22580645	-0.11211268	0.02306898	1.01379274
0.45161290	0.22580645	-0.11754943	0.01539451	1.01422884
0.48387097	0.22580645	-0.12109522	0.00680059	1.01478244
0.51612903	0.22580645	-0.12253339	-0.00245770	1.01544334
0.54838710	0.22580645	-0.12169537	-0.01204160	1.01618809
0.58064516	0.22580645	-0.11847971	-0.02153244	1.01697942
0.61290323	0.22580645	-0.11287309	-0.03044575	1.01776756
0.64516129	0.22580645	-0.10497153	-0.03825730	1.01849407
0.67741935	0.22580645	-0.09499885	-0.04444165	1.01909788
0.70967742	0.22580645	-0.08331817	-0.04852249	1.01952293
0.74193548	0.22580645	-0.07043138	-0.05013132	1.01972635
0.77419355	0.22580645	-0.05696126	-0.04906827	1.01968535
0.80645161	0.22580645	-0.04361337	-0.04535556	1.01940134
0.83870968	0.22580645	-0.03111786	-0.03927315	1.01890005
0.87096774	0.22580645	-0.02015782	-0.03136798	1.01822752
0.90322581	0.22580645	-0.01129541	-0.02243331	1.01744281
0.93548387	0.22580645	-0.00491053	-0.01346234	1.01660940
0.96774194	0.22580645	-0.00116507	-0.00558540	1.01578692
1.00000000	0.22580645	0.00000000	0.00000000	1.01538537
0.00000000	0.25806452	0.00000000	0.00000000	1.01596641
0.03225806	0.25806452	-0.00218994	0.01427910	1.01544375
0.06451613	0.25806452	-0.00773401	0.02662947	1.01453086
0.09677419	0.25806452	-0.01577755	0.03673068	1.01385339
0.12903226	0.25806452	-0.02562398	0.04452097	1.01335428
0.16129032	0.25806452	-0.03670927	0.05008880	1.01298352
0.19354839	0.25806452	-0.04857277	0.05358874	1.01270294
0.22580645	0.25806452	-0.06082887	0.05518235	1.01248763
0.25806452	0.25806452	-0.07314201	0.05500322	1.01232567
0.29032258	0.25806452	-0.08520628	0.05314354	1.01221678
0.32258065	0.25806452	-0.09673010	0.04965818	1.01217029
0.35483871	0.25806452	-0.10742596	0.04458116	1.01220247
0.38709677	0.25806452	-0.11700525	0.03794942	1.01233341
0.41935484	0.25806452	-0.12517745	0.02982919	1.01258332
0.45161290	0.25806452	-0.13165360	0.02034155	1.01296852
0.48387097	0.25806452	-0.13615390	0.00968422	1.01349718
0.51612903	0.25806452	-0.13841947	-0.00185206	1.01416534
0.54838710	0.25806452	-0.13822867	-0.01387461	1.01495367
0.58064516	0.25806452	-0.13541829	-0.02588911	1.01582573
0.61290323	0.25806452	-0.12990907	-0.03731142	1.01672841
0.64516129	0.25806452	-0.12173435	-0.04749378	1.01759511
0.67741935	0.25806452	-0.11106873	-0.05576734	1.01835194
0.70967742	0.25806452	-0.09825158	-0.06150184	1.01892644
0.74193548	0.25806452	-0.08379863	-0.06417990	1.01925766
0.77419355	0.25806452	-0.06839346	-0.06347883	1.01930580
0.80645161	0.25806452	-0.05285246	-0.05934762	1.01905911
0.83870968	0.25806452	-0.03806077	-0.05206327	1.01853635
0.87096774	0.25806452	-0.02488464	-0.04225104	1.01778393
0.90322581	0.25806452	-0.01407433	-0.03086014	1.01686837
0.93548387	0.25806452	-0.00617758	-0.01909754	1.01586605
0.96774194	0.25806452	-0.00148249	-0.00833396	1.01485231
1.00000000	0.25806452	0.00000000	0.00000000	1.01435162
0.00000000	0.29032258	0.00000000	0.00000000	1.01533303
0.03225806	0.29032258	-0.00242020	0.01835757	1.01475843
0.06451613	0.29032258	-0.00852083	0.03378023	1.01375618
0.09677419	0.29032258	-0.01733874	0.04612629	1.01301196
0.12903226	0.29032258	-0.02809581	0.05549351	1.01245645
0.16129032	0.29032258	-0.04017167	0.06210088	1.01202946
0.19354839	0.29032258	-0.05307053	0.06620213	1.01168567
0.22580645	0.29032258	-0.06638805	0.06802857	1.01139619
0.25806452	0.29032258	-0.07978145	0.06775824	1.01114788
0.29032258	0.29032258	-0.09294460	0.06550771	1.01094168
0.32258065	0.29032258	-0.10558872	0.06134160	1.01079020
0.35483871	0.29032258	-0.11742874	0.05529437	1.01071490
0.38709677	0.29032258	-0.12817469	0.04739888	1.01074272
0.41935484	0.29032258	-0.13752788	0.03771733	1.01090218
0.45161290	0.29032258	-0.14518128	0.02637096	1.01121886
0.48387097	0.29032258	-0.15082430	0.01356645	1.01171048
0.51612903	0.29032258	-0.15415259	-0.00038294	1.01238191
0.54838710	0.29032258	-0.15488364	-0.01504278	1.01322059
0.58064516	0.29032258	-0.15277925	-0.02985204	1.01419326
0.61290323	0.29032258	-0.14767530	-0.04412969	1.01524482
0.64516129	0.29032258	-0.13951810	-0.05709764	1.01630043
0.67741935	0.29032258	-0.12840478	-0.06792442	1.01727125
0.70967742	0.29032258	-0.11462202	-0.07579258	1.01806407
0.74193548	0.29032258	-0.09867457	-0.07998944	1.01859365
0.77419355	0.29032258	-0.08129236	-0.08001444	1.01879592
0.80645161	0.29032258	-0.06340433	-0.07568825	1.01863908
0.83870968	0.29032258	-0.04607182	-0.06724098	1.01812985
0.87096774	0.29032258	-0.03038336	-0.05535442	1.01731285
0.90322581	0.29032258	-0.01732703	-0.04114036	1.01626313
0.93548387	0.29032258	-0.00766758	-0.02605418	1.01507362
0.96774194	0.29032258	-0.00185762	-0.01176299	1.01384036
1.00000000	0.29032258	0.00000000	0.00000000	1.01322453
0.00000000	0.32258065	0.00000000	0.00000000	1.01432447
0.03225806	0.32258065	-0.00261288	0.02279992	1.01370585
0.06451613	0.32258065	-0.00918174	0.04154800	1.01262641
0.09677419	0.32258065	-0.01865540	0.05630566	1.01182054
0.12903226	0.32258065	-0.03018936	0.06735389	1.01120727
0.16129032	0.32258065	-0.04311730	0.07506350	1.01071688
0.19354839	0.32258065	-0.05691560	0.07980510	1.01029761
0.22580645	0.32258065	-0.07116697	0.08189327	1.00991713
0.25806452	0.32258065	-0.08552680	0.08155977	1.00956159
0.29032258	0.32258065	-0.09969451	0.07895081	1.00923351
0.32258065	0.32258065	-0.11339060	0.07414231	1.00894926
0.35483871	0.32258065	-0.12633939	0.06716712	1.00873608
0.38709677	0.32258065	-0.13825683	0.05804856	1.00862873
0.41935484	0.32258065	-0.14884299	0.04683578	1.00866545
0.45161290	0.32258065	-0.15777868	0.03363796	1.00888319
0.48387097	0.32258065	-0.16472665	0.01865553	1.00931205
0.51612903	0.32258065	-0.16933826	0.00220729	1.00996922
0.54838710	0.32258065	-0.17126704	-0.01524795	1.01085281
0.58064516	0.32258065	-0.17019099	-0.03309745	1.01193659
0.61290323	0.32258065	-0.16584511	-0.05057257	1.01316659
0.64516129	0.32258065	-0.15806469	-0.06676429	1.01446111
0.67741935	0.32258065	-0.14683758	-0.08066342	1.01571524
0.70967742	0.32258065	-0.13236067	-0.09123205	1.01681075
0.74193548	0.32258065	-0.11509066	-0.09750956	1.01763080
0.77419355	0.32258065	-0.09577451	-0.09874907	1.01807752
0.80645161	0.32258065	-0.07544175	-0.09456816	1.01808911
0.83870968	0.32258065	-0.05534263	-0.08508425	1.01765185
0.87096774	0.32258065	-0.03682740	-0.07099583	1.01680367
0.90322581	0.32258065	-0.02118130	-0.05357592	1.01562754
0.93548387	0.32258065	-0.00945170	-0.03456694	1.01423609
0.96774194	0.32258065	-0.00231287	-0.01600154	1.01275129
1.00000000	0.32258065	0.00000000	0.00000000	1.01200070
0.00000000	0.35483871	0.00000000	0.00000000	1.01290488
0.03225806	0.35483871	-0.00276320	0.02753930	1.01225102
0.06451613	0.35483871	-0.00970128	0.04982274	1.01110785
0.09677419	0.35483871	-0.01969692	0.06713390	1.01024603
0.12903226	0.35483871	-0.03185467	0.07995540	1.00957378
0.16129032	0.35483871	-0.04547263	0.08882712	1.00901260
0.19354839	0.35483871	-0.06000637	0.09425180	1.00850480
0.22580645	0.35483871	-0.07503095	0.09663976	1.00801496
0.25806452	0.35483871	-0.09020491	0.09628577	1.00752867
0.29032258	0.35483871	-0.10523866	0.09337151	1.00705014
0.32258065	0.35483871	-0.11986830	0.08798648	1.00659960
0.35483871	0.35483871	-0.13383493	0.08016059	1.00621041
0.38709677	0.35483871	-0.14686881	0.06990248	1.00592587
0.41935484	0.35483871	-0.15867781	0.05723918	1.00579532
0.45161290	0.35483871	-0.16893988	0.04225463	1.00586931
0.48387097	0.35483871	-0.17729987	0.02512604	1.00619358
0.51612903	0.35483871	-0.18337190	0.00615745	1.00680191
0.54838710	0.35483871	-0.18674925	-0.01419006	1.00770829
0.58064516	0.35483871	-0.18702425	-0.03527397	1.00889911
0.61290323	0.35483871	-0.18382100	-0.05625598	1.01032674
0.64516129	0.35483871	-0.17684303	-0.07610517	1.01190630
0.67741935	0.35483871	-0.16593613	-0.09362843	1.01351761
0.70967742	0.35483871	-0.15116328	-0.10753950	1.01501417
0.74193548	0.35483871	-0.13288224	-0.11657559	1.01623966
0.77419355	0.35483871	-0.11180857	-0.11966334	1.01705066
0.80645161	0.35483871	-0.08903945	-0.11612013	1.01734152
0.83870968	0.35483871	-0.06601042	-0.10585533	1.01706523
0.87096774	0.35483871	-0.04436700	-0.08951575	1.01624399
0.90322581	0.35483871	-0.02575898	-0.06851606	1.01496530
0.93548387	0.35483871	-0.01160132	-0.04492261	1.01336378
0.96774194	0.35483871	-0.00287125	-0.02121469	1.01159300
1.00000000	0.35483871	0.00000000	0.00000000	1.01068469
0.00000000	0.38709677	0.00000000	0.00000000	1.01104748
0.03225806	0.38709677	-0.00286676	0.03250119	1.01036784
0.06451613	0.38709677	-0.01006563	0.05848171	1.00917543
0.09677419	0.38709677	-0.02043586	0.07845903	1.00826388
0.12903226	0.38709677	-0.03304603	0.09312959	1.00753175
0.16129032	0.38709677	-0.04716807	0.10321520	1.00689257
0.19354839	0.38709677	-0.06224273	0.10936343	1.00628314
0.22580645	0.38709677	-0.07784185	0.11209180	1.00566504
0.25806452	0.38709677	-0.09363127	0.11176747	1.00502309
0.29032258	0.38709677	-0.10933723	0.10861419	1.00436287
0.32258065	0.38709677	-0.12471753	0.10273858	1.00370816
0.35483871	0.38709677	-0.13953774	0.09416763	1.00309837
0.38709677	0.38709677	-0.15355180	0.08289144	1.00258568
0.41935484	0.38709677	-0.16648659	0.06890685	1.00223164
0.45161290	0.38709677	-0.17802998	0.05226003	1.00210249
0.48387097	0.38709677	-0.18782276	0.03308756	1.00226292
0.51612903	0.38709677	-0.19545568	0.01165667	1.00276816
0.54838710	0.38709677	-0.20047380	-0.01159560	1.00365427
0.58064516	0.38709677	-0.20239129	-0.03602569	1.00492761
0.61290323	0.38709677	-0.20072067	-0.06075379	1.00655455
0.64516129	0.38709677	-0.19502053	-0.08464916	1.00845370
0.67741935	0.38709677	-0.18496522	-0.10634316	1.01049350
0.70967742	0.38709677	-0.17043623	-0.12428593	1.01249832
0.74193548	0.38709677	-0.15162897	-0.13686427	1.01426530
0.77419355	0.38709677	-0.12915731	-0.14259185	1.01559203
0.80645161	0.38709677	-0.10412509	-0.14036631	1.01631103
0.83870968	0.38709677	-0.07812253	-0.12975669	1.01632328
0.87096774	0.38709677	-0.05310819	-0.11124727	1.01562024
0.90322581	0.38709677	-0.03116630	-0.08634160	1.01428619
0.93548387	0.38709677	-0.01418508	-0.05745467	1.01247799
0.96774194	0.38709677	-0.00355618	-0.02760286	1.01038696
1.00000000	0.38709677	0.00000000	0.00000000	1.00929540
0.00000000	0.41935484	0.00000000	0.00000000	1.00873604
0.03225806	0.41935484	-0.00292070	0.03760493	1.00804049
0.06451613	0.41935484	-0.01026580	0.06739183	1.00681398
0.09677419	0.41935484	-0.02085346	0.09011429	1.00585958
0.12903226	0.41935484	-0.03372970	0.10668760	1.00506765
0.16129032	0.41935484	-0.04814787	0.11802381	1.00434464
0.19354839	0.41935484	-0.06353835	0.12492558	1.00362208
0.22580645	0.41935484	-0.07947288	0.12802830	1.00285825
0.25806452	0.41935484	-0.09562782	0.12778115	1.00203664
0.29032258	0.41935484	-0.11174935	0.12445777	1.00116342
0.32258065	0.41935484	-0.12762267	0.11818699	1.00026514
0.35483871	0.41935484	-0.14304549	0.10899485	0.99938663
0.38709677	0.41935484	-0.15780558	0.09685134	0.99858883
0.41935484	0.41935484	-0.17166172	0.08171736	0.99794603
0.45161290	0.41935484	-0.18432747	0.06359080	0.99754177
0.48387097	0.41935484	-0.19545815	0.04255174	0.99746276
0.51612903	0.41935484	-0.20464175	0.01880850	0.99779041
0.54838710	0.41935484	-0.21139618	-0.00725444	0.99858965
0.58064516	0.41935484	-0.21517604	-0.03502709	0.99989546
0.61290323	0.41935484	-0.21539401	-0.06362674	1.00169823
0.64516129	0.41935484	-0.21146303	-0.09186061	1.00393020
0.67741935	0.41935484	-0.20286608	-0.11821272	1.00645660
0.70967742	0.41935484	-0.18925870	-0.14087574	1.00907606
0.74193548	0.41935484	-0.17060303	-0.15785451	1.01153499
0.77419355	0.41935484	-0.14731996	-0.16716722	1.01355855
0.80645161	0.41935484	-0.12042551	-0.16715490	1.01489591
0.83870968	0.41935484	-0.09159507	-0.15687223	1.01537037
0.87096774	0.41935484	-0.06308723	-0.13647198	1.01491952
0.90322581	0.41935484	-0.03748218	-0.10743917	1.01360974
0.93548387	0.41935484	-0.01726560	-0.07253273	1.01161673
0.96774194	0.41935484	-0.00439132	-0.03539976	1.00917539
1.00000000	0.41935484	0.00000000	0.00000000	1.00787373
0.00000000	0.45161290	0.00000000	0.00000000	1.00596610
0.03225806	0.45161290	-0.00292490	0.04276699	1.00526442
0.06451613	0.45161290	-0.01030139	0.07641447	1.00401908
0.09677419	0.45161290	-0.02094632	0.10192293	1.00302967
0.12903226	0.45161290	-0.03389343	0.12042400	1.00218020
0.16129032	0.45161290	-0.04838242	0.13302384	1.00137083
0.19354839	0.45161290	-0.06383575	0.14068843	1.00052778
0.22580645	0.45161290	-0.07982692	0.14418128	0.99960536
0.25806452	0.45161290	-0.09604508	0.14404394	0.99858461
0.29032258	0.45161290	-0.11225989	0.14060904	0.99747101
0.32258065	0.45161290	-0.12828916	0.13403472	0.99629261
0.35483871	0.45161290	-0.14397026	0.12435055	0.99509850
0.38709677	0.45161290	-0.15913515	0.11150767	0.99395761
0.41935484	0.45161290	-0.17358820	0.09542875	0.99295683
0.45161290	0.45161290	-0.18708643	0.07605646	0.99219785
0.48387097	0.45161290	-0.19932168	0.05340184	0.99179162
0.51612903	0.45161290	-0.20990542	0.02759470	0.99184985
0.54838710	0.45161290	-0.21835770	-0.00106131	0.99247277
0.58064516	0.45161290	-0.22410355	-0.03202785	0.99373311
0.61290323	0.45161290	-0.22648211	-0.06446679	0.99565700
0.64516129	0.45161290	-0.22477659	-0.09717709	0.99820377
0.67741935	0.45161290	-0.21827539	-0.12854749	1.00124857
0.70967742	0.45161290	-0.20637584	-0.15654898	1.00457379
0.74193548	0.45161290	-0.18873798	-0.17880300	1.00787663
0.77419355	0.45161290	-0.16548388	-0.19276936	1.01079957
0.80645161	0.45161290	-0.13741280	-0.19609119	1.01298511
0.83870968	0.45161290	-0.10616599	-0.18709496	1.01414645
0.87096774	0.45161290	-0.07423919	-0.16536016	1.01413384
0.90322581	0.45161290	-0.04474280	-0.13216323	1.01297093
0.93548387	0.45161290	-0.02089480	-0.09054552	1.01084228
0.96774194	0.45161290	-0.00540014	-0.04486846	1.00803034
1.00000000	0.45161290	0.00000000	0.00000000	1.00649229
0.00000000	0.48387097	0.00000000	0.00000000	1.00274538
0.03225806	0.48387097	-0.00288346	0.04790632	1.00204652
0.06451613	0.48387097	-0.01018491	0.08541324	1.00079694
0.09677419	0.48387097	-0.02073401	0.11370632	0.99978188
0.12903226	0.48387097	-0.03355733	0.13412370	0.99888104
0.16129032	0.48387097	-0.04788213	0.14796613	0.99798888
0.19354839	0.48387097	-0.06312325	0.15637008	0.99702575
0.22580645	0.48387097	-0.07885677	0.16023764	0.99594067
0.25806452	0.48387097	-0.09478658	0.16021412	0.99471055
0.29032258	0.48387097	-0.11070913	0.15670184	0.99333837
0.32258065	0.48387097	-0.12647994	0.14989736	0.99185188
0.35483871	0.48387097	-0.14198327	0.13984085	0.99030282
0.38709677	0.48387097	-0.15710520	0.12646928	0.98876674
0.41935484	0.48387097	-0.17170932	0.10966865	0.98734228
0.45161290	0.48387097	-0.18561409	0.08932429	0.98614914
0.48387097	0.48387097	-0.19857133	0.06537074	0.98532357
0.51612903	0.48387097	-0.21024527	0.03784453	0.98501035
0.54838710	0.48387097	-0.22019331	0.00694370	0.98535016
0.58064516	0.48387097	-0.22785055	-0.02690268	0.98646181
0.61290323	0.48387097	-0.23252333	-0.06295369	0.98841916
0.64516129	0.48387097	-0.23340048	-0.10006732	0.99122425
0.67741935	0.48387097	-0.22959567	-0.13661347	0.99478006
0.70967742	0.48387097	-0.22023874	-0.17041314	0.99886952
0.74193548	0.48387097	-0.20463453	-0.19874646	1.00315086
0.77419355	0.48387097	-0.18249930	-0.21849239	1.00718093
0.80645161	0.48387097	-0.15425930	-0.22647278	1.01047482
0.83870968	0.48387097	-0.12134664	-0.22004584	1.01259815
0.87096774	0.48387097	-0.08636078	-0.19789516	1.01326877
0.90322581	0.48387097	-0.05292181	-0.16078356	1.01242902
0.93548387	0.48387097	-0.02510729	-0.11187539	1.01025157
0.96774194	0.48387097	-0.00660515	-0.05629456	1.00706578
1.00000000	0.48387097	0.00000000	0.00000000	1.00526824
0.00000000	0.51612903	0.00000000	0.00000000	0.99909299
0.03225806	0.51612903	-0.00280621	0.05295190	0.99840412
0.06451613	0.51612903	-0.00994661	0.09426502	0.99716314
0.09677419	0.51612903	-0.02026760	0.12529534	0.99613400
0.12903226	0.51612903	-0.03278565	0.14757211	0.99519424
0.16129032	0.51612903	-0.04671201	0.16258976	0.99423266
0.19354839	0.51612903	-0.06145213	0.17166308	0.99316218
0.22580645	0.51612903	-0.07658526	0.17584461	0.99192433
0.25806452	0.51612903	-0.09183264	0.17589629	0.99048944
0.29032258	0.51612903	-0.10702170	0.17230241	0.98885565
0.32258065	0.51612903	-0.12205119	0.16530887	0.98704818
0.35483871	0.51612903	-0.13685935	0.15497582	0.98511949
0.38709677	0.51612903	-0.15139565	0.14123373	0.98315000
0.41935484	0.51612903	-0.16559515	0.12393765	0.98124863
0.45161290	0.51612903	-0.17935433	0.10291849	0.97955207
0.48387097	0.51612903	-0.19250701	0.07803303	0.97822160
0.51612903	0.51612903	-0.20479924	0.04921669	0.97743600
0.54838710	0.51612903	-0.21586279	0.01654398	0.97737945
0.58064516	0.51612903	-0.22518825	-0.01969782	0.97822290
0.61290323	0.51612903	-0.23210137	-0.05891684	0.98009837
0.64516129	0.51612903	-0.23575089	-0.10010474	0.98306628
0.67741935	0.51612903	-0.23512256	-0.14170922	0.98707827
0.70967742	0.51612903	-0.22910225	-0.18151011	0.99194156
0.74193548	0.51612903	-0.21661842	-0.21654244	0.99729633
0.77419355	0.51612903	-0.19689357	-0.24314458	1.00262300
0.80645161	0.51612903	-0.16981499	-0.25724385	1.00729714
0.83870968	0.51612903	-0.13637975	-0.25499348	1.01069916
0.87096774	0.51612903	-0.09907029	-0.23378499	1.01235877
0.90322581	0.51612903	-0.06190599	-0.19341671	1.01208119
0.93548387	0.51612903	-0.02991178	-0.13686218	1.00999061
0.96774194	0.51612903	-0.00802675	-0.06997574	1.00645351
1.00000000	0.51612903	0.00000000	0.00000000	1.00437992
0.00000000	0.54838710	0.00000000	0.00000000	0.99503716
0.03225806	0.54838710	-0.00271063	0.05785293	0.99436230
0.06451613	0.54838710	-0.00964015	0.10287464	0.99313964
0.09677419	0.54838710	-0.01963916	0.13654537	0.99211129
0.12903226	0.54838710	-0.03169932	0.16056811	0.99115453
0.16129032	0.54838710	-0.04500615	0.17663261	0.99015125
0.19354839	0.54838710	-0.05895247	0.18624334	0.98900396
0.22580645	0.54838710	-0.07312259	0.19061815	0.98764300
0.25806452	0.54838710	-0.08726012	0.19065056	0.98602870
0.29032258	0.54838710	-0.10122999	0.18692040	0.98415137
0.32258065	0.54838710	-0.11498123	0.17973502	0.98203136
0.35483871	0.54838710	-0.12851358	0.16918532	0.97971979
0.38709677	0.54838710	-0.14184822	0.15520509	0.97730017
0.41935484	0.54838710	-0.15500184	0.13762734	0.97489003
0.45161290	0.54838710	-0.16796214	0.11623616	0.97264146
0.48387097	0.54838710	-0.18066294	0.09081566	0.97073931
0.51612903	0.54838710	-0.19295691	0.06120032	0.96939556
0.54838710	0.54838710	-0.20458417	0.02733272	0.96883820
0.58064516	0.54838710	-0.21513604	-0.01066409	0.96929315
0.61290323	0.54838710	-0.22401543	-0.05239104	0.97095747
0.64516129	0.54838710	-0.23039977	-0.09704612	0.97396290
0.67741935	0.54838710	-0.23321991	-0.14326210	0.97833032
0.70967742	0.54838710	-0.23118004	-0.18891727	0.98391922
0.74193548	0.54838710	-0.22285819	-0.23095514	0.99038306
0.77419355	0.54838710	-0.20693865	-0.26529581	0.99715059
0.80645161	0.54838710	-0.18262258	-0.28698660	1.00346170
0.83870968	0.54838710	-0.15021563	-0.29079053	1.00848210
0.87096774	0.54838710	-0.11177040	-0.27236892	1.01149131
0.90322581	0.54838710	-0.07146824	-0.22994207	1.01208293
0.93548387	0.54838710	-0.03528078	-0.16575462	1.01027429
0.96774194	0.54838710	-0.00968189	-0.08620633	1.00644418
1.00000000	0.54838710	0.00000000	0.00000000	1.00408868
0.00000000	0.58064516	0.00000000	0.00000000	0.99061077
0.03225806	0.58064516	-0.00262445	0.06259205	0.98994913
0.06451613	0.58064516	-0.00934990	0.11119356	0.98874972
0.09677419	0.58064516	-0.01899304	0.14735451	0.98774198
0.12903226	0.58064516	-0.03048917	0.17293910	0.98680387
0.16129032	0.58064516	-0.04298110	0.18984291	0.98580685
0.19354839	0.58064516	-0.05584564	0.19977952	0.98463732
0.22580645	0.58064516	-0.06867783	0.20415227	0.98320869
0.25806452	0.58064516	-0.08125365	0.20400370	0.98146651
0.29032258	0.58064516	-0.09348643	0.20002352	0.97938984
0.32258065	0.58064516	-0.10538556	0.19259246	0.97699173
0.35483871	0.58064516	-0.11702090	0.18184282	0.97432033
0.38709677	0.58064516	-0.12849293	0.16772201	0.97146092
0.41935484	0.58064516	-0.13990732	0.15005158	0.96853831
0.45161290	0.58064516	-0.15135155	0.12857959	0.96571838
0.48387097	0.58064516	-0.16287107	0.10302782	0.96320763
0.51612903	0.58064516	-0.17444227	0.07313794	0.96124893
0.54838710	0.58064516	-0.18593943	0.03872311	0.96011210
0.58064516	0.58064516	-0.19709303	-0.00026655	0.96007720
0.61290323	0.58064516	-0.20743832	-0.04365310	0.96140840
0.64516129	0.58064516	-0.21625611	-0.09090024	0.96431641
0.67741935	0.58064516	-0.22251504	-0.14092894	0.96890763
0.70967742	0.58064516	-0.22483782	-0.19187183	0.97512130
0.74193548	0.58064516	-0.22153487	-0.24078382	0.98266195
0.77419355	0.58064516	-0.21077499	-0.28338018	0.99094712
0.80645161	0.58064516	-0.19098130	-0.31396686	0.99910686
0.83870968	0.58064516	-0.16151884	-0.32584566	1.00608138
0.87096774	0.58064516	-0.12362185	-0.31253237	1.01084106
0.90322581	0.58064516	-0.08124069	-0.26990633	1.01267648
0.93548387	0.58064516	-0.04113982	-0.19864852	1.01141309
0.96774194	0.58064516	-0.01158307	-0.10525652	1.00739449
1.00000000	0.58064516	0.00000000	0.00000000	1.00476662
0.00000000	0.61290323	0.00000000	0.00000000	0.98584419
0.03225806	0.61290323	-0.00258958	0.06720282	0.98518795
0.06451613	0.61290323	-0.00920110	0.11924323	0.98401017
0.09677419	0.61290323	-0.01854001	0.15768464	0.98305078
0.12903226	0.61290323	-0.02943018	0.18455617	0.98218689
0.16129032	0.61290323	-0.04094702	0.20198909	0.98127163
0.19354839	0.61290323	-0.05245077	0.21194008	0.98016542
0.22580645	0.61290323	-0.06356052	0.21602616	0.97875598
0.25806452	0.61290323	-0.07410307	0.21545916	0.97696780
0.29032258	0.61290323	-0.08405808	0.21105231	0.97476482
0.32258065	0.61290323	-0.09350996	0.20326950	0.97215092
0.35483871	0.61290323	-0.10260923	0.19229270	0.96917054
0.38709677	0.61290323	-0.11154259	0.17809152	0.96591050
0.41935484	0.61290323	-0.12050904	0.16048597	0.96250257
0.45161290	0.61290323	-0.12969901	0.13919992	0.95912562
0.48387097	0.61290323	-0.13927342	0.11390639	0.95600606
0.51612903	0.61290323	-0.14933946	0.08426870	0.95341502
0.54838710	0.61290323	-0.15991942	0.04998349	0.95166060
0.58064516	0.61290323	-0.17090861	0.01083481	0.95107317
0.61290323	0.61290323	-0.18201859	-0.03322795	0.95198142
0.64516129	0.61290323	-0.19270298	-0.08196940	0.95467598
0.67741935	0.61290323	-0.20206838	-0.13468038	0.95935738
0.70967742	0.61290323	-0.20878483	-0.18989743	0.96606570
0.74193548	0.61290323	-0.21103447	-0.24501796	0.97459382
0.77419355	0.61290323	-0.20657696	-0.29584937	0.98439907
0.80645161	0.61290323	-0.19305812	-0.33624274	0.99455102
0.83870968	0.61290323	-0.16871289	-0.35814997	1.00378262
0.87096774	0.61290323	-0.13353586	-0.35264707	1.01071282
0.90322581	0.61290323	-0.09069175	-0.31242410	1.01422836
0.93548387	0.61290323	-0.04735783	-0.23541223	1.01384810
0.96774194	0.61290323	-0.01373900	-0.12734615	1.00980221
1.00000000	0.61290323	0.00000000	0.00000000	1.00693205
0.00000000	0.64516129	0.00000000	0.00000000	0.98075386
0.03225806	0.64516129	-0.00266896	0.07179315	0.98008547
0.06451613	0.64516129	-0.00937556	0.12714398	0.97891979
0.09677419	0.64516129	-0.01857608	0.16758359	0.97805004
0.12903226	0.64516129	-0.02889636	0.19534612	0.97734517
0.16129032	0.64516129	-0.03931370	0.21286351	0.97662436
0.19354839	0.64516129	-0.04917992	0.22239303	0.97570562
0.22580645	0.64516129	-0.05816526	0.22580456	0.97443831
0.25806452	0.64516129	-0.06617886	0.22450127	0.97271801
0.29032258	0.64516129	-0.07329437	0.21943043	0.97049002
0.32258065	0.64516129	-0.07969166	0.21114361	0.96774832
0.35483871	0.64516129	-0.08561482	0.19987546	0.96453458
0.38709677	0.64516129	-0.09134306	0.18562183	0.96093875
0.41935484	0.64516129	-0.09716982	0.16820801	0.95710095
0.45161290	0.64516129	-0.10338607	0.14734398	0.95321364
0.48387097	0.64516129	-0.11026406	0.12266828	0.94952264
0.51612903	0.64516129	-0.11803819	0.09378395	0.94632532
0.54838710	0.64516129	-0.12687909	0.06029227	0.94396437
0.58064516	0.64516129	-0.13685625	0.02183263	0.94281534
0.61290323	0.64516129	-0.14788348	-0.02185872	0.94326540
0.64516129	0.64516129	-0.15964016	-0.07085044	0.94568014
0.67741935	0.64516129	-0.17146282	-0.12484709	0.95035383
0.70967742	0.64516129	-0.18220856	-0.18290573	0.95743754
0.74193548	0.64516129	-0.19011437	-0.24299168	0.96684095
0.77419355	0.64516129	-0.19272325	-0.30135652	0.97811272
0.80645161	0.64516129	-0.18702634	-0.35183093	0.99032927
0.83870968	0.64516129	-0.17005761	-0.38536791	1.00206875
0.87096774	0.64516129	-0.14018773	-0.39055352	1.01158870
0.90322581	0.64516129	-0.09910907	-0.35608436	1.01727475
0.93548387	0.64516129	-0.05374022	-0.27560127	1.01819567
0.96774194	0.64516129	-0.01615880	-0.15261434	1.01435123
1.00000000	0.64516129	0.00000000	0.00000000	1.01129489
0.00000000	0.67741935	0.00000000	0.00000000	0.97532386
0.03225806	0.67741935	-0.00295873	0.07657839	0.97461275
0.06451613	0.67741935	-0.01013629	0.13515036	0.97344225
0.09677419	0.67741935	-0.01950720	0.17720544	0.97272811
0.12903226	0.67741935	-0.02937304	0.20529380	0.97231128
0.16129032	0.67741935	-0.03858365	0.22227265	0.97194769
0.19354839	0.67741935	-0.04651059	0.23079164	0.97138714
0.22580645	0.67741935	-0.05292555	0.23302511	0.97042358
0.25806452	0.67741935	-0.05787004	0.23058828	0.96891534
0.29032258	0.67741935	-0.06155141	0.22456512	0.96678695
0.32258065	0.67741935	-0.06427168	0.21558995	0.96402427
0.35483871	0.67741935	-0.06638323	0.20394411	0.96066977
0.38709677	0.67741935	-0.06826272	0.18964653	0.95682055
0.41935484	0.67741935	-0.07029561	0.17252899	0.95262870
0.45161290	0.67741935	-0.07286560	0.15229416	0.94830298
0.48387097	0.67741935	-0.07634490	0.12855853	0.94410987
0.51612903	0.67741935	-0.08108205	0.10088374	0.94037252
0.54838710	0.67741935	-0.08738384	0.06880156	0.93746578
0.58064516	0.67741935	-0.09548679	0.03183921	0.93580570
0.61290323	0.67741935	-0.10551184	-0.01044403	0.93583110
0.64516129	0.67741935	-0.11739251	-0.05839004	0.93797413
0.67741935	0.67741935	-0.13076349	-0.11211197	0.94261509
0.70967742	0.67741935	-0.14479685	-0.17124587	0.95001420
0.74193548	0.67741935	-0.15798586	-0.23450327	0.96021131
0.77419355	0.67741935	-0.16791984	-0.29893740	0.97288689
0.80645161	0.67741935	-0.17119167	-0.35890837	0.98719669
0.83870968	0.67741935	-0.16373603	-0.40498858	1.00164737
0.87096774	0.67741935	-0.14204200	-0.42359561	1.01416951
0.90322581	0.67741935	-0.10558444	-0.39887161	1.02257133
0.93548387	0.67741935	-0.06002337	-0.31836250	1.02530348
0.96774194	0.67741935	-0.01886339	-0.18108636	1.02197130
1.00000000	0.67741935	0.00000000	0.00000000	1.01881756
0.00000000	0.70967742	0.00000000	0.00000000	0.96947378
0.03225806	0.70967742	-0.00361043	0.08192945	0.96867340
0.06451613	0.70967742	-0.01186548	0.14369245	0.96747975
0.09677419	0.70967742	-0.02187715	0.18682034	0.96703421
0.12903226	0.70967742	-0.03145440	0.21442257	0.96710313
0.16129032	0.70967742	-0.03931131	0.23000106	0.96732712
0.19354839	0.70967742	-0.04490835	0.23673494	0.96734984
0.22580645	0.70967742	-0.04820549	0.23716402	0.96688975
0.25806452	0.70967742	-0.04945118	0.23312713	0.96576154
0.29032258	0.70967742	-0.04903915	0.22583207	0.96387089
0.32258065	0.70967742	-0.04742504	0.21597544	0.96120144
0.35483871	0.70967742	-0.04508393	0.20386651	0.95780376
0.38709677	0.70967742	-0.04249187	0.18953423	0.95378919
0.41935484	0.70967742	-0.04011946	0.17281089	0.94932800
0.45161290	0.70967742	-0.03843013	0.15339327	0.94465000
0.48387097	0.70967742	-0.03787870	0.13088475	0.94004563
0.51612903	0.70967742	-0.03890764	0.10482291	0.93586535
0.54838710	0.70967742	-0.04193826	0.07469702	0.93251581
0.58064516	0.70967742	-0.04735362	0.03996064	0.93045096
0.61290323	0.70967742	-0.05546729	0.00004702	0.93015602
0.64516129	0.70967742	-0.06646781	-0.04559879	0.93212152
0.67741935	0.70967742	-0.08032154	-0.09744274	0.93680301
0.70967742	0.70967742	-0.09660863	-0.15568335	0.94455941
0.74193548	0.70967742	-0.11426420	-0.21986868	0.95555840
0.77419355	0.70967742	-0.13122239	-0.28815071	0.96963330
0.80645161	0.70967742	-0.14405518	-0.35601473	0.98608145
0.83870968	0.70967742	-0.14790991	-0.41451758	1.00343943
0.87096774	0.70967742	-0.13736178	-0.44870511	1.01939440
0.90322581	0.70967742	-0.10898339	-0.43810299	1.03113962
0.93548387	0.70967742	-0.06586192	-0.36232232	1.03631952
0.96774194	0.70967742	-0.02190792	-0.21263771	1.03392173
1.00000000	0.70967742	0.00000000	0.00000000	1.03080343
0.00000000	0.74193548	0.00000000	0.00000000	0.96299862
0.03225806	0.74193548	-0.00487109	0.08844387	0.96204648
0.06451613	0.74193548	-0.01511812	0.15341708	0.96083078
0.09677419	0.74193548	-0.02638274	0.19679436	0.96085856
0.12903226	0.74193548	-0.03578933	0.22272797	0.96172000
0.16129032	0.74193548	-0.04197511	0.23572661	0.96285277
0.19354839	0.74193548	-0.04463553	0.23968582	0.96374442
0.22580645	0.74193548	-0.04406012	0.23756794	0.96401997
0.25806452	0.74193548	-0.04080770	0.23142194	0.96345152
0.29032258	0.74193548	-0.03552151	0.22253899	0.96193559
0.32258065	0.74193548	-0.02884226	0.21163474	0.95946601
0.35483871	0.74193548	-0.02137731	0.19901095	0.95611343
0.38709677	0.74193548	-0.01369770	0.18468208	0.95201390
0.41935484	0.74193548	-0.00634598	0.16846726	0.94736433
0.45161290	0.74193548	0.00015337	0.15005341	0.94242225
0.48387097	0.74193548	0.00528523	0.12903606	0.93750686
0.51612903	0.74193548	0.00853829	0.10494332	0.93299920
0.54838710	0.74193548	0.00940401	0.07724755	0.92933943
0.58064516	0.74193548	0.00738181	0.04536825	0.92701943
0.61290323	0.74193548	0.00199440	0.00867017	0.92656875
0.64516129	0.74193548	-0.00717833	-0.03353579	0.92853136
0.67741935	0.74193548	-0.02042958	-0.08197114	0.93342945
0.70967742	0.74193548	-0.03778864	-0.13730321	0.94170834
0.74193548	0.74193548	-0.05876599	-0.19988951	0.95365169
0.77419355	0.74193548	-0.08192339	-0.26914641	0.96924755
0.80645161	0.74193548	-0.10426861	-0.34222085	0.98797615
0.83870968	0.74193548	-0.12069453	-0.41168198	1.00850717
0.87096774	0.74193548	-0.12415452	-0.46252213	1.02841408
0.90322581	0.74193548	-0.10785917	-0.47037147	1.04429347
0.93548387	0.74193548	-0.07078137	-0.40543797	1.05277559
0.96774194	0.74193548	-0.02541623	-0.24694828	1.05191809
1.00000000	0.74193548	0.00000000	0.00000000	1.04903930
0.00000000	0.77419355	0.00000000	0.00000000	0.95544793
0.03225806	0.77419355	-0.00715447	0.09704757	0.95427827
0.06451613	0.77419355	-0.02068046	0.16520410	0.95312076
0.09677419	0.77419355	-0.03381879	0.20749156	0.95400777
0.12903226	0.77419355	-0.04287482	0.23001495	0.95614301
0.16129032	0.77419355	-0.04663266	0.23884727	0.95862558
0.19354839	0.77419355	-0.04530268	0.23881996	0.96073432
0.22580645	0.77419355	-0.03971819	0.23333619	0.96199754
0.25806452	0.77419355	-0.03087784	0.22458852	0.96216225
0.29032258	0.77419355	-0.01973757	0.21386664	0.96113851
0.32258065	0.77419355	-0.00714351	0.20183125	0.95895133
0.35483871	0.77419355	0.00616886	0.18872196	0.95570882
0.38709677	0.77419355	0.01955073	0.17450291	0.95158512
0.41935484	0.77419355	0.03241104	0.15895983	0.94681391
0.45161290	0.77419355	0.04419065	0.14176207	0.94168786
0.48387097	0.77419355	0.05434193	0.12249984	0.93656039
0.51612903	0.77419355	0.06231367	0.10070414	0.93184710
0.54838710	0.77419355	0.06754080	0.07585350	0.92802453
0.58064516	0.77419355	0.06943867	0.04737027	0.92562449
0.61290323	0.77419355	0.06740374	0.01460718	0.92522187
0.64516129	0.77419355	0.06082554	-0.02317481	0.92741367
0.67741935	0.77419355	0.04912320	-0.06683243	0.93278594
0.70967742	0.77419355	0.03183566	-0.11734694	0.94186384
0.74193548	0.77419355	0.00882496	-0.17573392	0.95503678
0.77419355	0.77419355	-0.01930572	-0.24264808	0.97244094
0.80645161	0.77419355	-0.05046300	-0.31724359	0.99376173
0.83870968	0.77419355	-0.08001126	-0.39463167	1.01789678
0.87096774	0.77419355	-0.09998971	-0.46154047	1.04247967
0.90322581	0.77419355	-0.10023343	-0.49147614	1.06361098
0.93548387	0.77419355	-0.07402765	-0.44476526	1.07667900
0.96774194	0.77419355	-0.02960927	-0.28341909	1.07833604
1.00000000	0.77419355	0.00000000	0.00000000	1.07604431
0.00000000	0.80645161	0.00000000	0.00000000	0.94586877
0.03225806	0.80645161	-0.01116132	0.10912434	0.94446913
0.06451613	0.80645161	-0.02957036	0.18008140	0.94369117
0.09677419	0.80645161	-0.04477639	0.21898871	0.94618241
0.12903226	0.80645161	-0.05243695	0.23554185	0.95034893
0.16129032	0.80645161	-0.05206169	0.23815447	0.95477385
0.19354839	0.80645161	-0.04486414	0.23277135	0.95850354
0.22580645	0.80645161	-0.03251055	0.22314311	0.96100481
0.25806452	0.80645161	-0.01656895	0.21144133	0.96204618
0.29032258	0.80645161	0.00165876	0.19880468	0.96159209
0.32258065	0.80645161	0.02113640	0.18572832	0.95972995
0.35483871	0.80645161	0.04103625	0.17231671	0.95662753
0.38709677	0.80645161	0.06067363	0.15843991	0.95251238
0.41935484	0.80645161	0.07945055	0.14382735	0.94766517
0.45161290	0.80645161	0.09681221	0.12812253	0.94242054
0.48387097	0.80645161	0.11221475	0.11091304	0.93717072
0.51612903	0.80645161	0.12510154	0.09174446	0.93236902
0.54838710	0.80645161	0.13488536	0.07012257	0.92853070
0.58064516	0.80645161	0.14093440	0.04550532	0.92622960
0.61290323	0.80645161	0.14256153	0.01728331	0.92608830
0.64516129	0.80645161	0.13901840	-0.01525524	0.92875977
0.67741935	0.80645161	0.12950113	-0.05298125	0.93489750
0.70967742	0.80645161	0.11318724	-0.09700497	0.94511028
0.74193548	0.80645161	0.08935395	-0.14874812	0.95989600
0.77419355	0.80645161	0.05769231	-0.20985845	0.97954217
0.80645161	0.80645161	0.01902941	-0.28151531	1.00396013
0.83870968	0.80645161	-0.02330249	-0.36215527	1.03236801
0.87096774	0.80645161	-0.06161580	-0.44229996	1.06268933
0.90322581	0.80645161	-0.08310857	-0.49633354	1.09077754
0.93548387	0.80645161	-0.07415755	-0.47606214	1.11057658
0.96774194	0.80645161	-0.03474621	-0.32097594	1.11653960
1.00000000	0.80645161	0.00000000	0.00000000	1.11551763
0.00000000	0.83870968	0.00000000	0.00000000	0.93222929
0.03225806	0.83870968	-0.01804824	0.12661793	0.93084564
0.06451613	0.83870968	-0.04271688	0.19881918	0.93144704
0.09677419	0.83870968	-0.05857160	0.23035815	0.93699264
0.12903226	0.83870968	-0.06175666	0.23730024	0.94436795
0.16129032	0.83870968	-0.05375600	0.23127446	0.95150325
0.19354839	0.83870968	-0.03751711	0.21926882	0.95729074
0.22580645	0.83870968	-0.01582401	0.20504101	0.96124505
0.25806452	0.83870968	0.00915036	0.19041922	0.96324591
0.29032258	0.83870968	0.03582914	0.17616130	0.96337558
0.32258065	0.83870968	0.06308774	0.16245377	0.96182528
0.35483871	0.83870968	0.09010553	0.14918474	0.95884797
0.38709677	0.83870968	0.11624794	0.13608862	0.95473957
0.41935484	0.83870968	0.14098131	0.12282126	0.94983606
0.45161290	0.83870968	0.16381377	0.10899788	0.94451827
0.48387097	0.83870968	0.18425447	0.09421053	0.93921903
0.51612903	0.83870968	0.20178463	0.07803354	0.93442972
0.54838710	0.83870968	0.21583558	0.06002066	0.93070411
0.58064516	0.83870968	0.22577036	0.03969410	0.92865780
0.61290323	0.83870968	0.23086648	0.01652318	0.92896165
0.64516129	0.83870968	0.23029840	-0.01011440	0.93232740
0.67741935	0.83870968	0.22312070	-0.04100127	0.93948271
0.70967742	0.83870968	0.20825882	-0.07719976	0.95113298
0.74193548	0.83870968	0.18453458	-0.12023899	0.96790570
0.77419355	0.83870968	0.15081270	-0.17232354	0.99027016
0.80645161	0.83870968	0.10649990	-0.23624880	1.01841141
0.83870968	0.83870968	0.05286610	-0.31398647	1.05198299
0.87096774	0.83870968	-0.00431065	-0.40173439	1.08951404
0.90322581	0.83870968	-0.05148940	-0.47893439	1.12715375
0.93548387	0.83870968	-0.06803168	-0.49312762	1.15746354
0.96774194	0.83870968	-0.04072201	-0.35757665	1.17136797
1.00000000	0.83870968	0.00000000	0.00000000	1.17312757
0.00000000	0.87096774	0.00000000	0.00000000	0.91005796
0.03225806	0.87096774	-0.02943961	0.15184122	0.90990801
0.06451613	0.87096774	-0.05928240	0.22060476	0.91475637
0.09677419	0.87096774	-0.06988666	0.23802850	0.92613653
0.12903226	0.87096774	-0.06147640	0.23072625	0.93848218
0.16129032	0.87096774	-0.03966555	0.21391492	0.94926046
0.19354839	0.87096774	-0.00981267	0.19483936	0.95751483
0.22580645	0.87096774	0.02424193	0.17647564	0.96303617
0.25806452	0.87096774	0.06001995	0.15978819	0.96596475
0.29032258	0.87096774	0.09598553	0.14486730	0.96659030
0.32258065	0.87096774	0.13118722	0.13145193	0.96525738
0.35483871	0.87096774	0.16500962	0.11915652	0.96232890
0.38709677	0.87096774	0.19701361	0.10756415	0.95817972
0.41935484	0.87096774	0.22683613	0.09626154	0.95320405
0.45161290	0.87096774	0.25412765	0.08484938	0.94782773
0.48387097	0.87096774	0.27851214	0.07294218	0.94252090
0.51612903	0.87096774	0.29956019	0.06016336	0.93780861
0.54838710	0.87096774	0.31676891	0.04613684	0.93427803
0.58064516	0.87096774	0.32954454	0.03047442	0.93258137
0.61290323	0.87096774	0.33718427	0.01275527	0.93343339
0.64516129	0.87096774	0.33885451	-0.00750945	0.93760254
0.67741935	0.87096774	0.33356180	-0.03094166	0.94589426
0.70967742	0.87096774	0.32011295	-0.05841885	0.95912502
0.74193548	0.87096774	0.29706546	-0.09130200	0.97808510
0.77419355	0.87096774	0.26269891	-0.13182377	1.00348678
0.80645161	0.87096774	0.21515625	-0.18356871	1.03588811
0.83870968	0.87096774	0.15325082	-0.25134472	1.07555104
0.87096774	0.87096774	0.07906248	-0.33794447	1.12203702
0.90322581	0.87096774	0.00342895	-0.43261251	1.17283500
0.93548387	0.87096774	-0.04848482	-0.48682954	1.22018974
0.96774194	0.87096774	-0.04561996	-0.38900763	1.24972642
1.00000000	0.87096774	0.00000000	0.00000000	1.25787547
0.00000000	0.90322581	0.00000000	0.00000000	0.86915534
0.03225806	0.90322581	-0.04557742	0.18590033	0.87481820
0.06451613	0.90322581	-0.06953613	0.23926623	0.89184211
0.09677419	0.90322581	-0.05907051	0.23255216	0.91411133
0.12903226	0.90322581	-0.02628725	0.20707914	0.93386547
0.16129032	0.90322581	0.01738494	0.17961073	0.94922860
0.19354839	0.90322581	0.06497410	0.15536134	0.96011898
0.22580645	0.90322581	0.11279214	0.13520840	0.96703598
0.25806452	0.90322581	0.15903565	0.11867562	0.97061390
0.29032258	0.90322581	0.20288397	0.10499404	0.97146007
0.32258065	0.90322581	0.24399456	0.09342969	0.97011549
0.35483871	0.90322581	0.28223305	0.08335836	0.96706370
0.38709677	0.90322581	0.31753051	0.07426212	0.96275497
0.41935484	0.90322581	0.34980755	0.06570722	0.95763268
0.45161290	0.90322581	0.37893341	0.05732188	0.95215696
0.48387097	0.90322581	0.40470304	0.04877800	0.94682409
0.51612903	0.90322581	0.42682300	0.03977678	0.94218155
0.54838710	0.90322581	0.44490103	0.03003631	0.93883855
0.58064516	0.90322581	0.45843578	0.01927875	0.93747225
0.61290323	0.90322581	0.46680390	0.00721321	0.93882963
0.64516129	0.90322581	0.46924073	-0.00649192	0.94372528
0.67741935	0.90322581	0.46480912	-0.02225970	0.95303566
0.70967742	0.90322581	0.45234612	-0.04070342	0.96769133
0.74193548	0.90322581	0.43037014	-0.06282495	0.98867004
0.77419355	0.90322581	0.39692598	-0.09041434	1.01699413
0.80645161	0.90322581	0.34937842	-0.12680071	1.05373473
0.83870968	0.90322581	0.28439710	-0.17789270	1.10001686
0.87096774	0.90322581	0.19924991	-0.25191254	1.15696280
0.90322581	0.90322581	0.09737295	-0.35138710	1.22499414
0.93548387	0.90322581	0.00092585	-0.44407871	1.29958477
0.96774194	0.90322581	-0.04126991	-0.40606147	1.36101329
1.00000000	0.90322581	0.00000000	0.00000000	1.38460711
0.00000000	0.93548387	0.00000000	0.00000000	0.78667403
0.03225806	0.93548387	-0.04944310	0.22137735	0.81290656
0.06451613	0.93548387	-0.02783877	0.23409786	0.86314068
0.09677419	0.93548387	0.03134222	0.19477962	0.90478213
0.12903226	0.93548387	0.10065269	0.15427080	0.93447980
0.16129032	0.93548387	0.16839339	0.12265358	0.95440598
0.19354839	0.93548387	0.23070635	0.09943217	0.96708785
0.22580645	0.93548387	0.28685634	0.08241410	0.97446520
0.25806452	0.93548387	0.33719407	0.06969636	0.97790459
0.29032258	0.93548387	0.38235526	0.05990840	0.97837128
0.32258065	0.93548387	0.42296293	0.05210286	0.97657810
0.35483871	0.93548387	0.45952637	0.04562057	0.97309046
0.38709677	0.93548387	0.49241446	0.03998965	0.96839761
0.41935484	0.93548387	0.52185546	0.03485865	0.96296167
0.45161290	0.93548387	0.54794469	0.02995390	0.95725209
0.48387097	0.93548387	0.57065319	0.02505260	0.95177040
0.51612903	0.93548387	0.58983471	0.01996538	0.94706799
0.54838710	0.93548387	0.60523013	0.01452407	0.94375878
0.58064516	0.93548387	0.61646843	0.00857155	0.94252751
0.61290323	0.93548387	0.62306285	0.00195033	0.94413514
0.64516129	0.93548387	0.62439925	-0.00551467	0.94942256
0.67741935	0.93548387	0.61971097	-0.01404705	0.95931580
0.70967742	0.93548387	0.60802776	-0.02397987	0.97483835
0.74193548	0.93548387	0.58807404	-0.03588188	0.99714110
0.77419355	0.93548387	0.55806628	-0.05083206	1.02756885
0.80645161	0.93548387	0.51531670	-0.07103984	1.06779461
0.83870968	0.93548387	0.45553855	-0.10121622	1.12007176
0.87096774	0.93548387	0.37211971	-0.15092032	1.18769314
0.90322581	0.93548387	0.25784949	-0.23428846	1.27575484
0.93548387	0.93548387	0.11781778	-0.34818669	1.38990633
0.96774194	0.93548387	0.00076039	-0.38808179	1.51643223
1.00000000	0.93548387	0.00000000	0.00000000	1.57872652
0.00000000	0.96774194	0.00000000	0.00000000	0.60664215
0.03225806	0.96774194	0.09583252	0.21373910	0.70326865
0.06451613	0.96774194	0.22137735	0.15848091	0.84525497
0.09677419	0.96774194	0.32993038	0.10406070	0.91379814
0.12903226	0.96774194	0.41615697	0.07002797	0.94977438
0.16129032	0.96774194	0.48420118	0.04955707	0.96980974
0.19354839	0.96774194	0.53881055	0.03689840	0.98096433
0.22580645	0.96774194	0.58363335	0.02872069	0.98658877
0.25806452	0.96774194	0.62122465	0.02317671	0.98845369
0.29032258	0.96774194	0.65332972	0.01922518	0.98760440
0.32258065	0.96774194	0.68113306	0.01625858	0.98473615
0.35483871	0.96774194	0.70543259	0.01390684	0.98037385
0.38709677	0.96774194	0.72675364	0.01193304	0.97496667
0.41935484	0.96774194	0.74542225	0.01017700	0.96894281
0.45161290	0.96774194	0.76161229	0.00852415	0.96274421
0.48387097	0.96774194	0.77537615	0.00688799	0.95685021
0.51612903	0.96774194	0.78666490	0.00519985	0.95179412
0.54838710	0.96774194	0.79534154	0.00340260	0.94817524
0.58064516	0.96774194	0.80118898	0.00144603	0.94666727
0.61290323	0.96774194	0.80391310	-0.00071761	0.94802487
0.64516129	0.96774194	0.80313931	-0.00314004	0.95309048
0.67741935	0.96774194	0.79839843	-0.00588821	0.96280591
0.70967742	0.96774194	0.78909227	-0.00906649	0.97823741
0.74193548	0.96774194	0.77441857	-0.01286348	1.00063183
0.77419355	0.96774194	0.75321039	-0.01765700	1.03153972
0.80645161	0.96774194	0.72358650	-0.02427299	1.07308182
0.83870968	0.96774194	0.68217054	-0.03469572	1.12853390
0.87096774	0.96774194	0.62237028	-0.05422348	1.20367000
0.90322581	0.96774194	0.53125021	-0.09708518	1.31001154
0.93548387	0.96774194	0.38808180	-0.18698962	1.47027358
0.96774194	0.96774194	0.18306351	-0.28824371	1.71584301
1.00000000	0.96774194	0.00000000	0.00000000	1.86406619
0.00000000	1.00000000	1.00000000	0.00000000	0.48217900
0.03225806	1.00000000	1.00000000	0.00000000	0.63333073
0.06451613	1.00000000	1.00000000	0.00000000	0.84285196
0.09677419	1.00000000	1.00000000	0.00000000	0.92598544
0.12903226	1.00000000	1.00000000	0.00000000	0.96269644
0.16129032	1.00000000	1.00000000	0.00000000	0.98078995
0.19354839	1.00000000	1.00000000	0.00000000	0.98993507
0.22580645	1.00000000	1.00000000	0.00000000	0.99394815
0.25806452	1.00000000	1.00000000	0.00000000	0.99458944
0.29032258	1.00000000	1.00000000	0.00000000	0.99281427
0.32258065	1.00000000	1.00000000	0.00000000	0.98923510
0.35483871	1.00000000	1.00000000	0.00000000	0.98431440
0.38709677	1.00000000	1.00000000	0.00000000	0.97845645
0.41935484	1.00000000	1.00000000	0.00000000	0.97205708
0.45161290	1.00000000	1.00000000	0.00000000	0.96553436
0.48387097	1.00000000	1.00000000	0.00000000	0.95934929
0.51612903	1.00000000	1.00000000	0.00000000	0.95402064
0.54838710	1.00000000	1.00000000	0.00000000	0.95013571
0.58064516	1.00000000	1.00000000	0.00000000	0.94835824
0.61290323	1.00000000	1.00000000	0.00000000	0.94943487
0.64516129	1.00000000	1.00000000	0.00000000	0.95420244
0.67741935	1.00000000	1.00000000	0.00000000	0.96360103
0.70967742	1.00000000	1.00000000	0.00000000	0.97870226
0.74193548	1.00000000	1.00000000	0.00000000	1.00077286
0.77419355	1.00000000	1.00000000	0.00000000	1.03141649
0.80645161	1.00000000	1.00000000	0.00000000	1.07289403
0.83870968	1.00000000	1.00000000	0.00000000	1.12888123
0.87096774	1.00000000	1.00000000	0.00000000	1.20638614
0.90322581	1.00000000	1.00000000	0.00000000	1.32060644
0.93548387	1.00000000	1.00000000	0.00000000	1.50407454
0.96774194	1.00000000	1.00000000	0.00000000	1.82504859
1.00000000	1.00000000	1.00000000	0.00000000	2.03147228
