VARIABLES="X","Y","U","V","P"
ZONE  F=POINT
I=32, J=32
0.00000000	0.00000000	0.00000000	0.00000000	1.01492747
0.03225806	0.00000000	0.00000000	0.00000000	1.01481509
0.06451613	0.00000000	0.00000000	0.00000000	1.01449568
0.09677419	0.00000000	0.00000000	0.00000000	1.01405431
0.12903226	0.00000000	0.00000000	0.00000000	1.01360590
0.16129032	0.00000000	0.00000000	0.00000000	1.01322686
0.19354839	0.00000000	0.00000000	0.00000000	1.01296186
0.22580645	0.00000000	0.00000000	0.00000000	1.01283466
0.25806452	0.00000000	0.00000000	0.00000000	1.01285686
0.29032258	0.00000000	0.00000000	0.00000000	1.01303358
0.32258065	0.00000000	0.00000000	0.00000000	1.01336627
0.35483871	0.00000000	0.00000000	0.00000000	1.01385331
0.38709677	0.00000000	0.00000000	0.00000000	1.01448922
0.41935484	0.00000000	0.00000000	0.00000000	1.01526294
0.45161290	0.00000000	0.00000000	0.00000000	1.01615599
0.48387097	0.00000000	0.00000000	0.00000000	1.01714100
0.51612903	0.00000000	0.00000000	0.00000000	1.01818096
0.54838710	0.00000000	0.00000000	0.00000000	1.01922986
0.58064516	0.00000000	0.00000000	0.00000000	1.02023467
0.61290323	0.00000000	0.00000000	0.00000000	1.02113902
0.64516129	0.00000000	0.00000000	0.00000000	1.02188813
0.67741935	0.00000000	0.00000000	0.00000000	1.02243471
0.70967742	0.00000000	0.00000000	0.00000000	1.02274506
0.74193548	0.00000000	0.00000000	0.00000000	1.02280439
0.77419355	0.00000000	0.00000000	0.00000000	1.02262074
0.80645161	0.00000000	0.00000000	0.00000000	1.02222665
0.83870968	0.00000000	0.00000000	0.00000000	1.02167865
0.87096774	0.00000000	0.00000000	0.00000000	1.02105455
0.90322581	0.00000000	0.00000000	0.00000000	1.02044893
0.93548387	0.00000000	0.00000000	0.00000000	1.01996571
0.96774194	0.00000000	0.00000000	0.00000000	1.01970161
1.00000000	0.00000000	0.00000000	0.00000000	1.01963525
0.00000000	0.03225806	0.00000000	0.00000000	1.01503984
0.03225806	0.03225806	0.00005431	-0.00005362	1.01492625
0.06451613	0.03225806	-0.00028528	0.00021751	1.01462384
0.09677419	0.03225806	-0.00115555	0.00054252	1.01422526
0.12903226	0.03225806	-0.00252429	0.00082212	1.01382456
0.16129032	0.03225806	-0.00429316	0.00102981	1.01348672
0.19354839	0.03225806	-0.00634752	0.00116655	1.01325149
0.22580645	0.03225806	-0.00857756	0.00124135	1.01314112
0.25806452	0.03225806	-0.01088447	0.00126331	1.01316724
0.29032258	0.03225806	-0.01317949	0.00123874	1.01333551
0.32258065	0.03225806	-0.01538041	0.00117073	1.01364798
0.35483871	0.03225806	-0.01740799	0.00105989	1.01410362
0.38709677	0.03225806	-0.01918390	0.00090574	1.01469752
0.41935484	0.03225806	-0.02063076	0.00070824	1.01541949
0.45161290	0.03225806	-0.02167448	0.00046924	1.01625232
0.48387097	0.03225806	-0.02224872	0.00019382	1.01717046
0.51612903	0.03225806	-0.02230089	-0.00010887	1.01813941
0.54838710	0.03225806	-0.02179901	-0.00042527	1.01911633
0.58064516	0.03225806	-0.02073843	-0.00073764	1.02005193
0.61290323	0.03225806	-0.01914739	-0.00102517	1.02089390
0.64516129	0.03225806	-0.01709034	-0.00126561	1.02159157
0.67741935	0.03225806	-0.01466792	-0.00143762	1.02210140
0.70967742	0.03225806	-0.01201315	-0.00152339	1.02239265
0.74193548	0.03225806	-0.00928332	-0.00151119	1.02245230
0.77419355	0.03225806	-0.00664813	-0.00139747	1.02228858
0.80645161	0.03225806	-0.00427484	-0.00118826	1.02193228
0.83870968	0.03225806	-0.00231146	-0.00089993	1.02143596
0.87096774	0.03225806	-0.00086903	-0.00056017	1.02087084
0.90322581	0.03225806	-0.00000239	-0.00021118	1.02032204
0.93548387	0.03225806	0.00031297	0.00008101	1.01988123
0.96774194	0.03225806	0.00021377	0.00020720	1.01963414
1.00000000	0.03225806	0.00000000	0.00000000	1.01956885
0.00000000	0.06451613	0.00000000	0.00000000	1.01536441
0.03225806	0.06451613	-0.00022984	0.00028526	1.01522613
0.06451613	0.06451613	-0.00125704	0.00120984	1.01491431
0.09677419	0.06451613	-0.00316417	0.00223900	1.01456320
0.12903226	0.06451613	-0.00587654	0.00313760	1.01422897
0.16129032	0.06451613	-0.00924063	0.00382321	1.01395372
0.19354839	0.06451613	-0.01307538	0.00428438	1.01376536
0.22580645	0.06451613	-0.01719955	0.00453693	1.01368099
0.25806452	0.06451613	-0.02144244	0.00460192	1.01371061
0.29032258	0.06451613	-0.02564513	0.00449593	1.01385999
0.32258065	0.06451613	-0.02965742	0.00422849	1.01413206
0.35483871	0.06451613	-0.03333431	0.00380348	1.01452711
0.38709677	0.06451613	-0.03653421	0.00322276	1.01504195
0.41935484	0.06451613	-0.03912022	0.00249057	1.01566860
0.45161290	0.06451613	-0.04096459	0.00161795	1.01639281
0.48387097	0.06451613	-0.04195619	0.00062640	1.01719283
0.51612903	0.06451613	-0.04201018	-0.00044972	1.01803884
0.54838710	0.06451613	-0.04107856	-0.00156247	1.01889348
0.58064516	0.06451613	-0.03916034	-0.00265162	1.01971349
0.61290323	0.06451613	-0.03630963	-0.00364810	1.02045280
0.64516129	0.06451613	-0.03264015	-0.00447948	1.02106674
0.67741935	0.06451613	-0.02832468	-0.00507720	1.02151699
0.70967742	0.06451613	-0.02358849	-0.00538461	1.02177672
0.74193548	0.06451613	-0.01869622	-0.00536502	1.02183498
0.77419355	0.06451613	-0.01393267	-0.00500849	1.02169961
0.80645161	0.06451613	-0.00957848	-0.00433668	1.02139812
0.83870968	0.06451613	-0.00588241	-0.00340581	1.02097614
0.87096774	0.06451613	-0.00303195	-0.00230907	1.02049386
0.90322581	0.06451613	-0.00112338	-0.00118201	1.02002057
0.93548387	0.06451613	-0.00013160	-0.00021617	1.01962797
0.96774194	0.06451613	0.00012109	0.00031296	1.01938280
1.00000000	0.06451613	0.00000000	0.00000000	1.01930487
0.00000000	0.09677419	0.00000000	0.00000000	1.01582250
0.03225806	0.09677419	-0.00060691	0.00120340	1.01562691
0.06451613	0.09677419	-0.00246376	0.00315182	1.01523991
0.09677419	0.09677419	-0.00550281	0.00516201	1.01487521
0.12903226	0.09677419	-0.00956622	0.00689857	1.01455865
0.16129032	0.09677419	-0.01444256	0.00822864	1.01431062
0.19354839	0.09677419	-0.01989967	0.00912545	1.01414510
0.22580645	0.09677419	-0.02570555	0.00960839	1.01407106
0.25806452	0.09677419	-0.03163773	0.00970888	1.01409451
0.29032258	0.09677419	-0.03748474	0.00945371	1.01421986
0.32258065	0.09677419	-0.04304395	0.00885989	1.01445051
0.35483871	0.09677419	-0.04811895	0.00793667	1.01478836
0.38709677	0.09677419	-0.05251900	0.00669165	1.01523275
0.41935484	0.09677419	-0.05606176	0.00513860	1.01577885
0.45161290	0.09677419	-0.05857957	0.00330520	1.01641607
0.48387097	0.09677419	-0.05992899	0.00123941	1.01712661
0.51612903	0.09677419	-0.06000248	-0.00098651	1.01788476
0.54838710	0.09677419	-0.05874108	-0.00327511	1.01865705
0.58064516	0.09677419	-0.05614634	-0.00550658	1.01940376
0.61290323	0.09677419	-0.05228990	-0.00754537	1.02008166
0.64516129	0.09677419	-0.04731886	-0.00925057	1.02064812
0.67741935	0.09677419	-0.04145526	-0.01048930	1.02106599
0.70967742	0.09677419	-0.03498846	-0.01115187	1.02130863
0.74193548	0.09677419	-0.02825950	-0.01116702	1.02136435
0.77419355	0.09677419	-0.02163760	-0.01051521	1.02123919
0.80645161	0.09677419	-0.01548986	-0.00923852	1.02095748
0.83870968	0.09677419	-0.01014614	-0.00744647	1.02055993
0.87096774	0.09677419	-0.00586218	-0.00531921	1.02009942
0.90322581	0.09677419	-0.00278391	-0.00311152	1.01963518
0.93548387	0.09677419	-0.00091637	-0.00116346	1.01922644
0.96774194	0.09677419	-0.00010042	0.00007559	1.01892654
1.00000000	0.09677419	0.00000000	0.00000000	1.01880994
0.00000000	0.12903226	0.00000000	0.00000000	1.01629367
0.03225806	0.12903226	-0.00099036	0.00274900	1.01602704
0.06451613	0.12903226	-0.00370912	0.00610572	1.01553329
0.09677419	0.12903226	-0.00790563	0.00934145	1.01511963
0.12903226	0.12903226	-0.01331073	0.01207733	1.01478818
0.16129032	0.12903226	-0.01964271	0.01415665	1.01454040
0.19354839	0.12903226	-0.02661950	0.01554737	1.01437665
0.22580645	0.12903226	-0.03396764	0.01627498	1.01429721
0.25806452	0.12903226	-0.04142587	0.01638109	1.01430321
0.29032258	0.12903226	-0.04874424	0.01590215	1.01439726
0.32258065	0.12903226	-0.05568145	0.01486268	1.01458311
0.35483871	0.12903226	-0.06200272	0.01327851	1.01486466
0.38709677	0.12903226	-0.06748015	0.01116555	1.01524437
0.41935484	0.12903226	-0.07189666	0.00855113	1.01572126
0.45161290	0.12903226	-0.07505337	0.00548518	1.01628890
0.48387097	0.12903226	-0.07678034	0.00204930	1.01693361
0.51612903	0.12903226	-0.07694947	-0.00163764	1.01763330
0.54838710	0.12903226	-0.07548836	-0.00541862	1.01835728
0.58064516	0.12903226	-0.07239363	-0.00910281	1.01906741
0.61290323	0.12903226	-0.06774204	-0.01247558	1.01972074
0.64516129	0.12903226	-0.06169750	-0.01531413	1.02027356
0.67741935	0.12903226	-0.05451211	-0.01740760	1.02068650
0.70967742	0.12903226	-0.04651944	-0.01858038	1.02092994
0.74193548	0.12903226	-0.03811867	-0.01871588	1.02098884
0.77419355	0.12903226	-0.02974908	-0.01777814	1.02086580
0.80645161	0.12903226	-0.02185573	-0.01582815	1.02058177
0.83870968	0.12903226	-0.01484864	-0.01303349	1.02017386
0.87096774	0.12903226	-0.00905959	-0.00967131	1.01969071
0.90322581	0.12903226	-0.00470159	-0.00612782	1.01918627
0.93548387	0.12903226	-0.00183693	-0.00289967	1.01871326
0.96774194	0.12903226	-0.00035977	-0.00060341	1.01831736
1.00000000	0.12903226	0.00000000	0.00000000	1.01814379
0.00000000	0.16129032	0.00000000	0.00000000	1.01667990
0.03225806	0.16129032	-0.00135344	0.00491250	1.01633909
0.06451613	0.16129032	-0.00491198	0.01006707	1.01572737
0.09677419	0.16129032	-0.01024193	0.01476360	1.01524661
0.12903226	0.16129032	-0.01695175	0.01863564	1.01488005
0.16129032	0.16129032	-0.02468097	0.02153740	1.01461288
0.19354839	0.16129032	-0.03309572	0.02345037	1.01443328
0.22580645	0.16129032	-0.04188538	0.02441475	1.01433331
0.25806452	0.16129032	-0.05075831	0.02448547	1.01430955
0.29032258	0.16129032	-0.05943669	0.02370929	1.01436295
0.32258065	0.16129032	-0.06765183	0.02211835	1.01449799
0.35483871	0.16129032	-0.07514153	0.01973536	1.01472104
0.38709677	0.16129032	-0.08165049	0.01658558	1.01503829
0.41935484	0.16129032	-0.08693456	0.01271181	1.01545324
0.45161290	0.16129032	-0.09076858	0.00818887	1.01596416
0.48387097	0.16129032	-0.09295746	0.00313551	1.01656175
0.51612903	0.16129032	-0.09334963	-0.00227849	1.01722741
0.54838710	0.16129032	-0.09185183	-0.00783096	1.01793257
0.58064516	0.16129032	-0.08844396	-0.01325291	1.01863938
0.61290323	0.16129032	-0.08319250	-0.01824151	1.01930321
0.64516129	0.16129032	-0.07626066	-0.02248051	1.01987672
0.67741935	0.16129032	-0.06791290	-0.02566736	1.02031539
0.70967742	0.16129032	-0.05851153	-0.02754532	1.02058356
0.74193548	0.16129032	-0.04850294	-0.02793738	1.02066003
0.77419355	0.16129032	-0.03839207	-0.02677816	1.02054196
0.80645161	0.16129032	-0.02870523	-0.02413896	1.02024599
0.83870968	0.16129032	-0.01994375	-0.02024261	1.01980630
0.87096774	0.16129032	-0.01253342	-0.01546626	1.01926968
0.90322581	0.16129032	-0.00677709	-0.01033419	1.01868894
0.93548387	0.16129032	-0.00281850	-0.00550529	1.01811583
0.96774194	0.16129032	-0.00062545	-0.00176135	1.01759499
1.00000000	0.16129032	0.00000000	0.00000000	1.01735259
0.00000000	0.19354839	0.00000000	0.00000000	1.01690116
0.03225806	0.19354839	-0.00168879	0.00766097	1.01648835
0.06451613	0.19354839	-0.00603851	0.01499420	1.01575853
0.09677419	0.19354839	-0.01244544	0.02138120	1.01520331
0.12903226	0.19354839	-0.02039704	0.02651636	1.01478986
0.16129032	0.19354839	-0.02945238	0.03030061	1.01448929
0.19354839	0.19354839	-0.03922575	0.03275176	1.01427906
0.22580645	0.19354839	-0.04937257	0.03393756	1.01414413
0.25806452	0.19354839	-0.05957707	0.03393239	1.01407729
0.29032258	0.19354839	-0.06954181	0.03279566	1.01407853
0.32258065	0.19354839	-0.07897997	0.03056752	1.01415365
0.35483871	0.19354839	-0.08761093	0.02727716	1.01431215
0.38709677	0.19354839	-0.09515979	0.02295857	1.01456467
0.41935484	0.19354839	-0.10136096	0.01766921	1.01491992
0.45161290	0.19354839	-0.10596547	0.01150807	1.01538160
0.48387097	0.19354839	-0.10875168	0.00463036	1.01594537
0.51612903	0.19354839	-0.10953875	-0.00274327	1.01659648
0.54838710	0.19354839	-0.10820221	-0.01032430	1.01730835
0.58064516	0.19354839	-0.10469068	-0.01776214	1.01804283
0.61290323	0.19354839	-0.09904275	-0.02465889	1.01875224
0.64516129	0.19354839	-0.09140179	-0.03059373	1.01938354
0.67741935	0.19354839	-0.08202637	-0.03515674	1.01988427
0.70967742	0.19354839	-0.07129286	-0.03799035	1.02020949
0.74193548	0.19354839	-0.05968650	-0.03883536	1.02032859
0.77419355	0.19354839	-0.04777808	-0.03757585	1.02023041
0.80645161	0.19354839	-0.03618496	-0.03427647	1.01992557
0.83870968	0.19354839	-0.02551850	-0.02920531	1.01944510
0.87096774	0.19354839	-0.01632376	-0.02283797	1.01883567
0.90322581	0.19354839	-0.00902098	-0.01584275	1.01815249
0.93548387	0.19354839	-0.00385978	-0.00905131	1.01745156
0.96774194	0.19354839	-0.00089622	-0.00342192	1.01678276
1.00000000	0.19354839	0.00000000	0.00000000	1.01646205
0.00000000	0.22580645	0.00000000	0.00000000	1.01688954
0.03225806	0.22580645	-0.00199385	0.01095100	1.01640962
0.06451613	0.22580645	-0.00707136	0.02082370	1.01556762
0.09677419	0.22580645	-0.01447647	0.02912212	1.01493688
0.12903226	0.22580645	-0.02358442	0.03564256	1.01447012
0.16129032	0.22580645	-0.03387793	0.04036610	1.01412582
0.19354839	0.22580645	-0.04492244	0.04337055	1.01387208
0.22580645	0.22580645	-0.05634335	0.04476606	1.01368795
0.25806452	0.22580645	-0.06780630	0.04465470	1.01356340
0.29032258	0.22580645	-0.07900133	0.04311219	1.01349832
0.32258065	0.22580645	-0.08963127	0.04018747	1.01350060
0.35483871	0.22580645	-0.09940481	0.03591517	1.01358370
0.38709677	0.22580645	-0.10803406	0.03033561	1.01376352
0.41935484	0.22580645	-0.11523647	0.02351747	1.01405496
0.45161290	0.22580645	-0.12074071	0.01557958	1.01446816
0.48387097	0.22580645	-0.12429621	0.00670879	1.01500481
0.51612903	0.22580645	-0.12568605	-0.00282797	1.01565495
0.54838710	0.22580645	-0.12474307	-0.01267903	1.01639474
0.58064516	0.22580645	-0.12136886	-0.02241236	1.01718578
0.61290323	0.22580645	-0.11555475	-0.03153041	1.01797673
0.64516129	0.22580645	-0.10740310	-0.03949689	1.01870718
0.67741935	0.22580645	-0.09714591	-0.04577630	1.01931402
0.70967742	0.22580645	-0.08515647	-0.04988520	1.01973942
0.74193548	0.22580645	-0.07194870	-0.05145217	1.01993919
0.77419355	0.22580645	-0.05815912	-0.05027970	1.01988998
0.80645161	0.22580645	-0.04450780	-0.04639854	1.01959336
0.83870968	0.22580645	-0.03173912	-0.04010381	1.01907593
0.87096774	0.22580645	-0.02054849	-0.03196378	1.01838502
0.90322581	0.22580645	-0.01150698	-0.02279818	1.01758122
0.93548387	0.22580645	-0.00499875	-0.01363006	1.01672944
0.96774194	0.22580645	-0.00118471	-0.00562113	1.01589051
1.00000000	0.22580645	0.00000000	0.00000000	1.01548135
0.00000000	0.25806452	0.00000000	0.00000000	1.01658567
0.03225806	0.25806452	-0.00226603	0.01473232	1.01604511
0.06451613	0.25806452	-0.00799681	0.02747681	1.01510030
0.09677419	0.25806452	-0.01630340	0.03789425	1.01439661
0.12903226	0.25806452	-0.02646183	0.04591781	1.01387312
0.16129032	0.25806452	-0.03788650	0.05163861	1.01347681
0.19354839	0.25806452	-0.05009960	0.05521717	1.01316750
0.22580645	0.25806452	-0.06270153	0.05682141	1.01291937
0.25806452	0.25806452	-0.07534501	0.05659036	1.01272056
0.29032258	0.25806452	-0.08771398	0.05462062	1.01257169
0.32258065	0.25806452	-0.09950806	0.05097099	1.01248360
0.35483871	0.25806452	-0.11043229	0.04567995	1.01247449
0.38709677	0.25806452	-0.12019198	0.03879022	1.01256655
0.41935484	0.25806452	-0.12849209	0.03037585	1.01278200
0.45161290	0.25806452	-0.13504076	0.02056781	1.01313888
0.48387097	0.25806452	-0.13955674	0.00957569	1.01364658
0.51612903	0.25806452	-0.14178111	-0.00229641	1.01430168
0.54838710	0.25806452	-0.14149341	-0.01464149	1.01508463
0.58064516	0.25806452	-0.13853266	-0.02695046	1.01595800
0.61290323	0.25806452	-0.13282297	-0.03862465	1.01686696
0.64516129	0.25806452	-0.12440238	-0.04900257	1.01774271
0.67741935	0.25806452	-0.11345181	-0.05740337	1.01850890
0.70967742	0.25806452	-0.10031909	-0.06318756	1.01909066
0.74193548	0.25806452	-0.08553076	-0.06583270	1.01942511
0.77419355	0.25806452	-0.06978378	-0.06501675	1.01947115
0.80645161	0.25806452	-0.05390986	-0.06069648	1.01921665
0.83870968	0.25806452	-0.03881038	-0.05316462	1.01868081
0.87096774	0.25806452	-0.02536703	-0.04307011	1.01791122
0.90322581	0.25806452	-0.01434272	-0.03139250	1.01697599
0.93548387	0.25806452	-0.00629332	-0.01937359	1.01595319
0.96774194	0.25806452	-0.00150966	-0.00842067	1.01491969
1.00000000	0.25806452	0.00000000	0.00000000	1.01440947
0.00000000	0.29032258	0.00000000	0.00000000	1.01593728
0.03225806	0.29032258	-0.00250159	0.01894780	1.01534375
0.06451613	0.29032258	-0.00880019	0.03486106	1.01430778
0.09677419	0.29032258	-0.01789494	0.04758713	1.01353567
0.12903226	0.29032258	-0.02897795	0.05722565	1.01295356
0.16129032	0.29032258	-0.04140567	0.06400385	1.01249773
0.19354839	0.29032258	-0.05466424	0.06818557	1.01212065
0.22580645	0.29032258	-0.06833493	0.07001146	1.01179251
0.25806452	0.29032258	-0.08206325	0.06966715	1.01150038
0.29032258	0.29032258	-0.09553331	0.06727524	1.01124634
0.32258065	0.29032258	-0.10844822	0.06290577	1.01104487
0.35483871	0.29032258	-0.12051633	0.05659908	1.01091973
0.38709677	0.29032258	-0.13144272	0.04839541	1.01090040
0.41935484	0.29032258	-0.14092525	0.03836625	1.01101785
0.45161290	0.29032258	-0.14865492	0.02664423	1.01129983
0.48387097	0.29032258	-0.15432044	0.01344915	1.01176570
0.51612903	0.29032258	-0.15761770	-0.00089130	1.01242124
0.54838710	0.29032258	-0.15826514	-0.01592749	1.01325396
0.58064516	0.29032258	-0.15602598	-0.03108280	1.01422976
0.61290323	0.29032258	-0.15073806	-0.04566068	1.01529183
0.64516129	0.29032258	-0.14235040	-0.05886805	1.01636289
0.67741935	0.29032258	-0.13096411	-0.06985959	1.01735118
0.70967742	0.29032258	-0.11687185	-0.07780625	1.01816043
0.74193548	0.29032258	-0.10058714	-0.08198748	1.01870259
0.77419355	0.29032258	-0.08285195	-0.08190060	1.01891143
0.80645161	0.29032258	-0.06461065	-0.07737194	1.01875395
0.83870968	0.29032258	-0.04694240	-0.06864664	1.01823674
0.87096774	0.29032258	-0.03095432	-0.05643144	1.01740532
0.90322581	0.29032258	-0.01765130	-0.04187188	1.01633638
0.93548387	0.29032258	-0.00781078	-0.02646312	1.01512488
0.96774194	0.29032258	-0.00189240	-0.01191446	1.01386882
1.00000000	0.29032258	0.00000000	0.00000000	1.01324161
0.00000000	0.32258065	0.00000000	0.00000000	1.01489944
0.03225806	0.32258065	-0.00269579	0.02353251	1.01426163
0.06451613	0.32258065	-0.00946530	0.04287014	1.01314786
0.09677419	0.32258065	-0.01921837	0.05807199	1.01231297
0.12903226	0.32258065	-0.03107979	0.06942853	1.01167091
0.16129032	0.32258065	-0.04435940	0.07732489	1.01114809
0.19354839	0.32258065	-0.05851511	0.08214642	1.01069040
0.22580645	0.32258065	-0.07311516	0.08422042	1.01026464
0.25806452	0.32258065	-0.08780344	0.08378873	1.00985737
0.29032258	0.32258065	-0.10227017	0.08100558	1.00947258
0.32258065	0.32258065	-0.11622857	0.07595402	1.00912885
0.35483871	0.32258065	-0.12939746	0.06867444	1.00885617
0.38709677	0.32258065	-0.14148903	0.05919914	1.00869225
0.41935484	0.32258065	-0.15220114	0.04758805	1.00867828
0.45161290	0.32258065	-0.16121379	0.03396300	1.00885387
0.48387097	0.32258065	-0.16818989	0.01853848	1.00925124
0.51612903	0.32258065	-0.17278156	0.00164829	1.00988893
0.54838710	0.32258065	-0.17464329	-0.01623321	1.01076551
0.58064516	0.32258065	-0.17345392	-0.03447754	1.01185417
0.61290323	0.32258065	-0.16894911	-0.05230023	1.01309931
0.64516129	0.32258065	-0.16096479	-0.06877652	1.01441667
0.67741935	0.32258065	-0.14949011	-0.08288192	1.01569799
0.70967742	0.32258065	-0.13472482	-0.09356453	1.01682126
0.74193548	0.32258065	-0.11713124	-0.09985260	1.01766587
0.77419355	0.32258065	-0.09746592	-0.10099324	1.01813071
0.80645161	0.32258065	-0.07677261	-0.09660603	1.01815168
0.83870968	0.32258065	-0.05632014	-0.08682094	1.01771410
0.87096774	0.32258065	-0.03748007	-0.07236121	1.01685632
0.90322581	0.32258065	-0.02155887	-0.05453604	1.01566295
0.93548387	0.32258065	-0.00962183	-0.03513249	1.01424897
0.96774194	0.32258065	-0.00235532	-0.01623145	1.01273883
1.00000000	0.32258065	0.00000000	0.00000000	1.01197516
0.00000000	0.35483871	0.00000000	0.00000000	1.01343567
0.03225806	0.35483871	-0.00284351	0.02841309	1.01276317
0.06451613	0.35483871	-0.00997572	0.05138364	1.01158632
0.09677419	0.35483871	-0.02024133	0.06920160	1.01069500
0.12903226	0.35483871	-0.03271486	0.08236667	1.00999193
0.16129032	0.35483871	-0.04667088	0.09143917	1.00939453
0.19354839	0.35483871	-0.06154665	0.09694133	1.00884274
0.22580645	0.35483871	-0.07690299	0.09929978	1.00830042
0.25806452	0.35483871	-0.09238730	0.09882215	1.00775381
0.29032258	0.35483871	-0.10770143	0.09570036	1.00720891
0.32258065	0.35483871	-0.12257512	0.09003305	1.00668855
0.35483871	0.35483871	-0.13674510	0.08185954	1.00622925
0.38709677	0.35483871	-0.14993912	0.07119910	1.00587775
0.41935484	0.35483871	-0.16186421	0.05809101	1.00568683
0.45161290	0.35483871	-0.17219877	0.04263298	1.00571023
0.48387097	0.35483871	-0.18058895	0.02501693	1.00599628
0.51612903	0.35483871	-0.18665049	0.00556211	1.00658067
0.54838710	0.35483871	-0.18997803	-0.01525513	1.00747828
0.58064516	0.35483871	-0.19016463	-0.03677698	1.00867528
0.61290323	0.35483871	-0.18683413	-0.05814982	1.01012264
0.64516129	0.35483871	-0.17968894	-0.07832705	1.01173290
0.67741935	0.35483871	-0.16857338	-0.09609956	1.01338222
0.70967742	0.35483871	-0.15354967	-0.11016511	1.01491966
0.74193548	0.35483871	-0.13497704	-0.11924637	1.01618413
0.77419355	0.35483871	-0.11357669	-0.12225924	1.01702767
0.80645161	0.35483871	-0.09045717	-0.11851773	1.01734102
0.83870968	0.35483871	-0.06707180	-0.10793918	1.01707505
0.87096774	0.35483871	-0.04508923	-0.09119271	1.01625162
0.90322581	0.35483871	-0.02618473	-0.06973012	1.01495967
0.93548387	0.35483871	-0.01179695	-0.04566667	1.01333644
0.96774194	0.35483871	-0.00292131	-0.02153629	1.01153858
1.00000000	0.35483871	0.00000000	0.00000000	1.01061576
0.00000000	0.38709677	0.00000000	0.00000000	1.01151949
0.03225806	0.38709677	-0.00294027	0.03350821	1.01082262
0.06451613	0.38709677	-0.01031728	0.06026796	1.00959851
0.09677419	0.38709677	-0.02093580	0.08081113	1.00865766
0.12903226	0.38709677	-0.03383663	0.09585807	1.00789295
0.16129032	0.38709677	-0.04826949	0.10615668	1.00721377
0.19354839	0.38709677	-0.06365756	0.11237853	1.00655462
0.22580645	0.38709677	-0.07955893	0.11506106	1.00587654
0.25806452	0.38709677	-0.09562881	0.11458718	1.00516529
0.29032258	0.38709677	-0.11158552	0.11119340	1.00442860
0.32258065	0.38709677	-0.12718140	0.10499768	1.00369324
0.35483871	0.38709677	-0.14217875	0.09603844	1.00300220
0.38709677	0.38709677	-0.15633028	0.08431825	1.00241158
0.41935484	0.38709677	-0.16936342	0.06984770	1.00198686
0.45161290	0.38709677	-0.18096787	0.05268775	1.00179794
0.48387097	0.38709677	-0.19078710	0.03299020	1.00191271
0.51612903	0.38709677	-0.19841470	0.01103738	1.00238873
0.54838710	0.38709677	-0.20339806	-0.01271907	1.00326351
0.58064516	0.38709677	-0.20525256	-0.03762144	1.00454360
0.61290323	0.38709677	-0.20349025	-0.06277591	1.00619430
0.64516129	0.38709677	-0.19766743	-0.08703726	1.00813179
0.67741935	0.38709677	-0.18745451	-0.10902118	1.01022071
0.70967742	0.38709677	-0.17272847	-0.12716087	1.01228052
0.74193548	0.38709677	-0.15368128	-0.13982557	1.01410264
0.77419355	0.38709677	-0.13092703	-0.14551311	1.01547880
0.80645161	0.38709677	-0.10557605	-0.14311092	1.01623638
0.83870968	0.38709677	-0.07923337	-0.13218888	1.01627271
0.87096774	0.38709677	-0.05388076	-0.11324828	1.01557783
0.90322581	0.38709677	-0.03163145	-0.08782831	1.01423691
0.93548387	0.38709677	-0.01440339	-0.05839590	1.01240961
0.96774194	0.38709677	-0.00361353	-0.02802840	1.01029088
1.00000000	0.38709677	0.00000000	0.00000000	1.00918378
0.00000000	0.41935484	0.00000000	0.00000000	1.00913603
0.03225806	0.41935484	-0.00298329	0.03873037	1.00842549
0.06451613	0.41935484	-0.01048138	0.06937917	1.00717059
0.09677419	0.41935484	-0.02128370	0.09272094	1.00618787
0.12903226	0.41935484	-0.03441236	0.10970034	1.00536203
0.16129032	0.41935484	-0.04910083	0.12126010	1.00459546
0.19354839	0.41935484	-0.06476324	0.12823077	1.00381758
0.22580645	0.41935484	-0.08095833	0.13127102	1.00298639
0.25806452	0.41935484	-0.09735241	0.13084874	1.00208661
0.29032258	0.41935484	-0.11368441	0.12725296	1.00112690
0.32258065	0.41935484	-0.12973485	0.12062628	1.00013719
0.35483871	0.41935484	-0.14529921	0.11100842	0.99916633
0.38709677	0.41935484	-0.16016522	0.09838377	0.99827963
0.41935484	0.41935484	-0.17409351	0.08272861	0.99755577
0.45161290	0.41935484	-0.18680096	0.06405667	0.99708247
0.48387097	0.41935484	-0.19794705	0.04246376	0.99695008
0.51612903	0.41935484	-0.20712417	0.01817307	0.99724287
0.54838710	0.41935484	-0.21385405	-0.00841726	0.99802761
0.58064516	0.41935484	-0.21759368	-0.03668479	0.99933994
0.61290323	0.41935484	-0.21775593	-0.06573495	1.00116955
0.64516129	0.41935484	-0.21375110	-0.09436278	1.00344653
0.67741935	0.41935484	-0.20505659	-0.12103850	1.00603244
0.70967742	0.41935484	-0.19132004	-0.14393833	1.00872074
0.74193548	0.41935484	-0.17249502	-0.16104781	1.01125149
0.77419355	0.41935484	-0.14899608	-0.17036446	1.01334282
0.80645161	0.41935484	-0.12183879	-0.17021138	1.01473710
0.83870968	0.41935484	-0.09270771	-0.15963447	1.01525224
0.87096774	0.41935484	-0.06388215	-0.13879463	1.01482285
0.90322581	0.41935484	-0.03797308	-0.10920748	1.01351529
0.93548387	0.41935484	-0.01750175	-0.07368459	1.01150793
0.96774194	0.41935484	-0.00445516	-0.03593968	1.00903976
1.00000000	0.41935484	0.00000000	0.00000000	1.00772211
0.00000000	0.45161290	0.00000000	0.00000000	1.00628316
0.03225806	0.45161290	-0.00297285	0.04398959	1.00556949
0.06451613	0.45161290	-0.01046868	0.07856836	1.00430035
0.09677419	0.45161290	-0.02128356	0.10474210	1.00328445
0.12903226	0.45161290	-0.03443266	0.12367520	1.00240038
0.16129032	0.45161290	-0.04913911	0.13650756	1.00154446
0.19354839	0.45161290	-0.06481098	0.14423602	1.00064106
0.22580645	0.45161290	-0.08100982	0.14765023	0.99964450
0.25806452	0.45161290	-0.09741543	0.14731326	0.99853735
0.29032258	0.45161290	-0.11379083	0.14357584	0.99732793
0.32258065	0.45161290	-0.12994987	0.13661248	0.99604805
0.35483871	0.45161290	-0.14572857	0.12646882	0.99475126
0.38709677	0.45161290	-0.16095986	0.11311256	0.99351128
0.41935484	0.45161290	-0.17545115	0.09648345	0.99241986
0.45161290	0.45161290	-0.18896411	0.07654129	0.99158328
0.48387097	0.45161290	-0.20119630	0.05331342	0.99111656
0.51612903	0.45161290	-0.21176528	0.02694439	0.99113461
0.54838710	0.45161290	-0.22019671	-0.00224955	0.99173986
0.58064516	0.45161290	-0.22591979	-0.03371955	0.99300599
0.61290323	0.45161290	-0.22827532	-0.06661849	0.99495877
0.64516129	0.45161290	-0.22654462	-0.09973659	0.99755571
0.67741935	0.45161290	-0.22001001	-0.13145223	1.00066860
0.70967742	0.45161290	-0.20805856	-0.15972243	1.00407481
0.74193548	0.45161290	-0.19033717	-0.18214953	1.00746496
0.77419355	0.45161290	-0.16695463	-0.19616934	1.01047371
0.80645161	0.45161290	-0.13870127	-0.19939928	1.01273538
0.83870968	0.45161290	-0.10721906	-0.19014551	1.01395587
0.87096774	0.45161290	-0.07501857	-0.16798291	1.01398054
0.90322581	0.45161290	-0.04523998	-0.13420871	1.01283161
0.93548387	0.45161290	-0.02114130	-0.09191382	1.01069573
0.96774194	0.45161290	-0.00546903	-0.04553015	1.00785968
1.00000000	0.45161290	0.00000000	0.00000000	1.00630596
0.00000000	0.48387097	0.00000000	0.00000000	1.00297178
0.03225806	0.48387097	-0.00291358	0.04919905	1.00226464
0.06451613	0.48387097	-0.01029345	0.08768988	1.00099703
0.09677419	0.48387097	-0.02095812	0.11668491	0.99995824
0.12903226	0.48387097	-0.03392228	0.13755589	0.99902297
0.16129032	0.48387097	-0.04840087	0.15163842	0.99808222
0.19354839	0.48387097	-0.06379679	0.16010148	0.99705477
0.22580645	0.48387097	-0.07967552	0.16387547	0.99588993
0.25806452	0.48387097	-0.09573243	0.16362975	0.99456646
0.29032258	0.48387097	-0.11175798	0.15978740	0.99309051
0.32258065	0.48387097	-0.12760436	0.15256403	0.99149397
0.35483871	0.48387097	-0.14315518	0.14201842	0.98983346
0.38709677	0.48387097	-0.15829830	0.12810636	0.98818976
0.41935484	0.48387097	-0.17290127	0.11073287	0.98666679
0.45161290	0.48387097	-0.18678831	0.08980184	0.98538924
0.48387097	0.48387097	-0.19971823	0.06526493	0.98449770
0.51612903	0.48387097	-0.21136292	0.03717348	0.98414039
0.54838710	0.48387097	-0.22128720	0.00573726	0.98446029
0.58064516	0.48387097	-0.22893240	-0.02860616	0.98557725
0.61290323	0.48387097	-0.23360857	-0.06511010	0.98756491
0.64516129	0.48387097	-0.23450439	-0.10262808	0.99042373
0.67741935	0.48387097	-0.23072833	-0.13952455	0.99405369
0.70967742	0.48387097	-0.22139927	-0.17361116	0.99823319
0.74193548	0.48387097	-0.20580577	-0.20215172	1.00261419
0.77419355	0.48387097	-0.18364469	-0.22200036	1.00674563
0.80645161	0.48387097	-0.15532435	-0.22994695	1.01013356
0.83870968	0.48387097	-0.12226687	-0.22331716	1.01233464
0.87096774	0.48387097	-0.08707695	-0.20077371	1.01305975
0.90322581	0.48387097	-0.05339940	-0.16308475	1.01224787
0.93548387	0.48387097	-0.02535361	-0.11345553	1.01007265
0.96774194	0.48387097	-0.00667685	-0.05708098	1.00686755
1.00000000	0.48387097	0.00000000	0.00000000	1.00505562
0.00000000	0.51612903	0.00000000	0.00000000	0.99922491
0.03225806	0.51612903	-0.00281610	0.05428304	0.99853201
0.06451613	0.51612903	-0.00998824	0.09661289	0.99727984
0.09677419	0.51612903	-0.02036264	0.12837093	0.99623075
0.12903226	0.51612903	-0.03295170	0.15111795	0.99525788
0.16129032	0.51612903	-0.04695937	0.16638206	0.99424701
0.19354839	0.51612903	-0.06178223	0.17551067	0.99310981
0.22580645	0.51612903	-0.07699071	0.17958587	0.99178834
0.25806452	0.51612903	-0.09229856	0.17939572	0.99025506
0.29032258	0.51612903	-0.10752794	0.17544778	0.98851156
0.32258065	0.51612903	-0.12257485	0.16800968	0.98658763
0.35483871	0.51612903	-0.13737744	0.15716276	0.98454100
0.38709677	0.51612903	-0.15188753	0.14285866	0.98245780
0.41935484	0.51612903	-0.16604473	0.12497347	0.98045265
0.45161290	0.51612903	-0.17975192	0.10335826	0.97866757
0.48387097	0.51612903	-0.19285073	0.07788804	0.97726838
0.51612903	0.51612903	-0.20509592	0.04851337	0.97643733
0.54838710	0.51612903	-0.21612813	0.01531995	0.97636075
0.58064516	0.51612903	-0.22544596	-0.02139817	0.97721045
0.61290323	0.51612903	-0.23238109	-0.06104648	0.97911798
0.64516129	0.51612903	-0.23608454	-0.10261682	0.98214212
0.67741935	0.51612903	-0.23553902	-0.14455735	0.98623179
0.70967742	0.51612903	-0.22962067	-0.18464499	0.99119024
0.74193548	0.51612903	-0.21724085	-0.21990410	0.99665225
0.77419355	0.51612903	-0.19759870	-0.24665074	1.00209101
0.80645161	0.51612903	-0.17055557	-0.26077709	1.00687315
0.83870968	0.51612903	-0.13708700	-0.25839290	1.01036920
0.87096774	0.51612903	-0.09966778	-0.23685037	1.01209999
0.90322581	0.51612903	-0.06233211	-0.19593205	1.01186519
0.93548387	0.51612903	-0.03014415	-0.13863636	1.00978817
0.96774194	0.51612903	-0.00809807	-0.07088375	1.00623876
1.00000000	0.51612903	0.00000000	0.00000000	1.00415315
0.00000000	0.54838710	0.00000000	0.00000000	0.99507510
0.03225806	0.54838710	-0.00269876	0.05918729	0.99440088
0.06451613	0.54838710	-0.00960943	0.10523642	0.99317474
0.09677419	0.54838710	-0.01959421	0.13964837	0.99213129
0.12903226	0.54838710	-0.03164928	0.16415262	0.99114416
0.16129032	0.54838710	-0.04495863	0.18046896	0.99009268
0.19354839	0.54838710	-0.05890984	0.19013282	0.98887836
0.22580645	0.54838710	-0.07308064	0.19439180	0.98743222
0.25806452	0.54838710	-0.08720853	0.19416698	0.98571690
0.29032258	0.54838710	-0.10115403	0.19006370	0.98372648
0.32258065	0.54838710	-0.11486408	0.18241354	0.98148621
0.35483871	0.54838710	-0.12833876	0.17133110	0.97905299
0.38709677	0.54838710	-0.14160194	0.15677365	0.97651652
0.41935484	0.54838710	-0.15467500	0.13859727	0.97400049
0.45161290	0.54838710	-0.16755214	0.11660785	0.97166266
0.48387097	0.54838710	-0.18017512	0.09060895	0.96969256
0.51612903	0.54838710	-0.19240556	0.06045089	0.96830549
0.54838710	0.54838710	-0.20399299	0.02608731	0.96773126
0.58064516	0.54838710	-0.21453785	-0.01235319	0.96819606
0.61290323	0.54838710	-0.22345072	-0.05447151	0.96989585
0.64516129	0.54838710	-0.22991383	-0.09947014	0.97296023
0.67741935	0.54838710	-0.23285803	-0.14598840	0.97740717
0.70967742	0.54838710	-0.23098081	-0.19190931	0.98309267
0.74193548	0.54838710	-0.22284503	-0.23417369	0.98966582
0.77419355	0.54838710	-0.20711085	-0.26868564	0.99654961
0.80645161	0.54838710	-0.18294842	-0.29045865	1.00297621
0.83870968	0.54838710	-0.15063146	-0.29420494	1.00810174
0.87096774	0.54838710	-0.11219036	-0.27552859	1.01119578
0.90322581	0.54838710	-0.07180658	-0.23260838	1.01184421
0.93548387	0.54838710	-0.03548250	-0.16768956	1.01006139
0.96774194	0.54838710	-0.00974866	-0.08722512	1.00622792
1.00000000	0.54838710	0.00000000	0.00000000	1.00386392
0.00000000	0.58064516	0.00000000	0.00000000	0.99055976
0.03225806	0.58064516	-0.00259019	0.06389247	0.98990368
0.06451613	0.58064516	-0.00924433	0.11350835	0.98870915
0.09677419	0.58064516	-0.01880273	0.15041078	0.98769228
0.12903226	0.58064516	-0.03021422	0.17648236	0.98672820
0.16129032	0.58064516	-0.04262639	0.19364263	0.98568622
0.19354839	0.58064516	-0.05541502	0.20363269	0.98445186
0.22580645	0.58064516	-0.06817127	0.20788456	0.98293920
0.25806452	0.58064516	-0.08066681	0.20746912	0.98109616
0.29032258	0.58064516	-0.09281177	0.20310334	0.97890578
0.32258065	0.58064516	-0.10461422	0.19519443	0.97638642
0.35483871	0.58064516	-0.11614477	0.18390063	0.97359252
0.38709677	0.58064516	-0.12750663	0.16919491	0.97061613
0.41935484	0.58064516	-0.13880995	0.15092369	0.96758876
0.45161290	0.58064516	-0.15014814	0.12885840	0.96468233
0.48387097	0.58064516	-0.16157385	0.10274147	0.96210811
0.51612903	0.58064516	-0.17307165	0.07233125	0.96011216
0.54838710	0.58064516	-0.18452463	0.03745225	0.95896556
0.58064516	0.58064516	-0.19567228	-0.00194042	0.95894778
0.61290323	0.58064516	-0.20605827	-0.04567049	0.96032087
0.64516129	0.58064516	-0.21497007	-0.09320949	0.96329235
0.67741935	0.58064516	-0.22137950	-0.14349035	0.96796502
0.70967742	0.58064516	-0.22390682	-0.19465799	0.97427448
0.74193548	0.58064516	-0.22085170	-0.24377405	0.98192176
0.77419355	0.58064516	-0.21036185	-0.28654734	0.99032043
0.80645161	0.58064516	-0.19082860	-0.31725647	0.99859505
0.83870968	0.58064516	-0.16157827	-0.32915095	1.00567812
0.87096774	0.58064516	-0.12380914	-0.31567525	1.01053040
0.90322581	0.58064516	-0.08145377	-0.27263991	1.01243350
0.93548387	0.58064516	-0.04129222	-0.20069428	1.01120755
0.96774194	0.58064516	-0.01164025	-0.10636625	1.00719587
1.00000000	0.58064516	0.00000000	0.00000000	1.00456410
0.00000000	0.61290323	0.00000000	0.00000000	0.98571373
0.03225806	0.61290323	-0.00253321	0.06843162	0.98506804
0.06451613	0.61290323	-0.00902123	0.12144896	0.98390391
0.09677419	0.61290323	-0.01820486	0.16061827	0.98294243
0.12903226	0.61290323	-0.02893051	0.18797629	0.98205880
0.16129032	0.61290323	-0.04028495	0.20566977	0.98110432
0.19354839	0.61290323	-0.05163200	0.21567771	0.97993831
0.22580645	0.61290323	-0.06259015	0.21964360	0.97844892
0.25806452	0.61290323	-0.07298420	0.21880749	0.97656287
0.29032258	0.61290323	-0.08279220	0.21401112	0.97424823
0.32258065	0.61290323	-0.09209822	0.20574655	0.97151460
0.35483871	0.61290323	-0.10105394	0.19422353	0.96841334
0.38709677	0.61290323	-0.10984870	0.17943884	0.96503872
0.41935484	0.61290323	-0.11868527	0.16123879	0.96152984
0.45161290	0.61290323	-0.12775887	0.13937176	0.95807206
0.48387097	0.61290323	-0.13723602	0.11353247	0.95489677
0.51612903	0.61290323	-0.14723023	0.08340168	0.95227810
0.54838710	0.61290323	-0.15777077	0.04868796	0.95052483
0.58064516	0.61290323	-0.16876045	0.00918047	0.94996578
0.61290323	0.61290323	-0.17991856	-0.03517371	0.95092620
0.64516129	0.61290323	-0.19070599	-0.08414889	0.95369207
0.67741935	0.61290323	-0.20023498	-0.13705164	0.95845896
0.70967742	0.61290323	-0.20717751	-0.19243710	0.96526248
0.74193548	0.61290323	-0.20971110	-0.24771865	0.97389213
0.77419355	0.61290323	-0.20558066	-0.29870873	0.98380270
0.80645161	0.61290323	-0.19240445	-0.33924221	0.99406106
0.83870968	0.61290323	-0.16837736	-0.36122439	1.00339560
0.87096774	0.61290323	-0.13344822	-0.35565309	1.01041803
0.90322581	0.61290323	-0.09074577	-0.31512530	1.01400639
0.93548387	0.61290323	-0.04744208	-0.23750307	1.01367261
0.96774194	0.61290323	-0.01378097	-0.12851734	1.00964423
1.00000000	0.61290323	0.00000000	0.00000000	1.00677555
0.00000000	0.64516129	0.00000000	0.00000000	0.98055779
0.03225806	0.64516129	-0.00259162	0.07291369	0.97990476
0.06451613	0.64516129	-0.00912507	0.12917999	0.97876159
0.09677419	0.64516129	-0.01810286	0.17032007	0.97789778
0.12903226	0.64516129	-0.02818181	0.19856245	0.97718138
0.16129032	0.64516129	-0.03835707	0.21634412	0.97642973
0.19354839	0.64516129	-0.04798893	0.22593789	0.97545918
0.22580645	0.64516129	-0.05675084	0.22923676	0.97411885
0.25806452	0.64516129	-0.06455276	0.22767118	0.97230622
0.29032258	0.64516129	-0.07146878	0.22221737	0.96997076
0.32258065	0.64516129	-0.07767965	0.21345618	0.96711268
0.35483871	0.64516129	-0.08343114	0.20165112	0.96378128
0.38709677	0.64516129	-0.08900477	0.18682625	0.96007478
0.41935484	0.64516129	-0.09469675	0.16883388	0.95614139
0.45161290	0.64516129	-0.10080110	0.14740916	0.95218066
0.48387097	0.64516129	-0.10759339	0.12221284	0.94844370
0.51612903	0.64516129	-0.11531159	0.09286602	0.94523077
0.54838710	0.64516129	-0.12413038	0.05898248	0.94288476
0.58064516	0.64516129	-0.13412393	0.02020738	0.94177873
0.61290323	0.64516129	-0.14521160	-0.02372494	0.94229505
0.64516129	0.64516129	-0.15707910	-0.07289306	0.94479300
0.67741935	0.64516129	-0.16906955	-0.12701882	0.94956006
0.70967742	0.64516129	-0.18004552	-0.18518186	0.95674124
0.74193548	0.64516129	-0.18824564	-0.24537089	0.96624196
0.77419355	0.64516129	-0.19120661	-0.30385399	0.97760882
0.80645161	0.64516129	-0.18590052	-0.35445977	0.98991780
0.83870968	0.64516129	-0.16932624	-0.38810718	1.00174640
0.87096774	0.64516129	-0.13980547	-0.39330683	1.01134911
0.90322581	0.64516129	-0.09898003	-0.35864606	1.01710544
0.93548387	0.64516129	-0.05373984	-0.27765907	1.01807729
0.96774194	0.64516129	-0.01617996	-0.15380832	1.01425981
1.00000000	0.64516129	0.00000000	0.00000000	1.01121062
0.00000000	0.67741935	0.00000000	0.00000000	0.97508006
0.03225806	0.67741935	-0.00286246	0.07755669	0.97438873
0.06451613	0.67741935	-0.00982231	0.13696020	0.97324929
0.09677419	0.67741935	-0.01890959	0.17967501	0.97255000
0.12903226	0.67741935	-0.02846416	0.20823050	0.97213185
0.16129032	0.67741935	-0.03735959	0.22547689	0.97174852
0.19354839	0.67741935	-0.04498092	0.23407148	0.97114695
0.22580645	0.67741935	-0.05110719	0.23620743	0.97011976
0.25806452	0.67741935	-0.05578413	0.23352543	0.96852657
0.29032258	0.67741935	-0.05922196	0.22713802	0.96629615
0.32258065	0.67741935	-0.06172510	0.21770893	0.96342115
0.35483871	0.67741935	-0.06364811	0.20554865	0.95995254
0.38709677	0.67741935	-0.06536955	0.19070446	0.95599669
0.41935484	0.67741935	-0.06727633	0.17303513	0.95171472
0.45161290	0.67741935	-0.06975315	0.15226841	0.94732316
0.48387097	0.67741935	-0.07317277	0.12804298	0.94309421
0.51612903	0.67741935	-0.07788402	0.09993869	0.93935396
0.54838710	0.67741935	-0.08419410	0.06750031	0.93647716
0.58064516	0.67741935	-0.09234054	0.03026171	0.93487658
0.61290323	0.67741935	-0.10244648	-0.01221853	0.93498508
0.64516129	0.67741935	-0.11444933	-0.06029093	0.93722689
0.67741935	0.67741935	-0.12798954	-0.11408521	0.94197358
0.70967742	0.67741935	-0.14224635	-0.17326100	0.94947721
0.74193548	0.67741935	-0.15571962	-0.23655756	0.95977154
0.77419355	0.67741935	-0.16600087	-0.30105384	0.97253409
0.80645161	0.67741935	-0.16967490	-0.36112258	0.98692113
0.83870968	0.67741935	-0.16265168	-0.40731944	1.00144203
0.87096774	0.67741935	-0.14137583	-0.42599930	1.01402951
0.90322581	0.67741935	-0.10526444	-0.40119093	1.02249073
0.93548387	0.67741935	-0.05992743	-0.32030314	1.02527200
0.96774194	0.67741935	-0.01885890	-0.18225717	1.02197357
1.00000000	0.67741935	0.00000000	0.00000000	1.01883226
0.00000000	0.70967742	0.00000000	0.00000000	0.96920405
0.03225806	0.70967742	-0.00349848	0.08273600	0.96842715
0.06451613	0.70967742	-0.01149948	0.14522712	0.96727238
0.09677419	0.70967742	-0.02117735	0.18896192	0.96685129
0.12903226	0.70967742	-0.03038459	0.21701246	0.96693108
0.16129032	0.70967742	-0.03786390	0.23286088	0.96714896
0.19354839	0.70967742	-0.04309399	0.23968550	0.96714380
0.22580645	0.70967742	-0.04604662	0.24003998	0.96663110
0.25806452	0.70967742	-0.04697819	0.23578595	0.96542611
0.29032258	0.70967742	-0.04628808	0.22815836	0.96343884
0.32258065	0.70967742	-0.04443596	0.21788235	0.96066049
0.35483871	0.70967742	-0.04189959	0.20529557	0.95715120
0.38709677	0.70967742	-0.03915642	0.19045448	0.95303275
0.41935484	0.70967742	-0.03667711	0.17321750	0.94848547
0.45161290	0.70967742	-0.03492388	0.15330561	0.94374777
0.48387097	0.70967742	-0.03434928	0.13034373	0.93911631
0.51612903	0.70967742	-0.03539269	0.10388736	0.93494472
0.54838710	0.70967742	-0.03847211	0.07343901	0.93163937
0.58064516	0.70967742	-0.04396767	0.03845978	0.92965047
0.61290323	0.70967742	-0.05219126	-0.00161613	0.92945637
0.64516129	0.70967742	-0.06333186	-0.04734999	0.93153840
0.67741935	0.70967742	-0.07735920	-0.09922179	0.93634166
0.70967742	0.70967742	-0.09386003	-0.15745177	0.94421478
0.74193548	0.70967742	-0.11177852	-0.22161637	0.95531694
0.77419355	0.70967742	-0.12905752	-0.28989870	0.96947645
0.80645161	0.70967742	-0.14227176	-0.35780896	0.98599030
0.83870968	0.70967742	-0.14655728	-0.41640624	1.00339942
0.87096774	0.70967742	-0.13645625	-0.45069407	1.01939790
0.90322581	0.70967742	-0.10848561	-0.44009446	1.03118452
0.93548387	0.70967742	-0.06566825	-0.36406461	1.03640487
0.96774194	0.70967742	-0.02187465	-0.21373575	1.03404349
1.00000000	0.70967742	0.00000000	0.00000000	1.03094179
0.00000000	0.74193548	0.00000000	0.00000000	0.96272849
0.03225806	0.74193548	-0.00474862	0.08905617	0.96180246
0.06451613	0.74193548	-0.01471776	0.15463907	0.96063223
0.09677419	0.74193548	-0.02561430	0.19856013	0.96069467
0.12903226	0.74193548	-0.03460859	0.22491706	0.96158104
0.16129032	0.74193548	-0.04036984	0.23818629	0.96272339
0.19354839	0.74193548	-0.04261602	0.24225420	0.96360172
0.22580645	0.74193548	-0.04165289	0.24009164	0.96383607
0.25806452	0.74193548	-0.03805104	0.23376690	0.96319833
0.29032258	0.74193548	-0.03246220	0.22459580	0.96158973
0.32258065	0.74193548	-0.02553271	0.21332045	0.95901264
0.35483871	0.74193548	-0.01787314	0.20026912	0.95554864
0.38709677	0.74193548	-0.01005540	0.18548199	0.95134547
0.41935484	0.74193548	-0.00262086	0.16880261	0.94661124
0.45161290	0.74193548	0.00390916	0.14994060	0.94161292
0.48387097	0.74193548	0.00902427	0.12851181	0.93667649
0.51612903	0.74193548	0.01221912	0.10406154	0.93218643
0.54838710	0.74193548	0.01299175	0.07607530	0.92858264
0.58064516	0.74193548	0.01084801	0.04398087	0.92635301
0.61290323	0.74193548	0.00531596	0.00714566	0.92601970
0.64516129	0.74193548	-0.00402120	-0.03512298	0.92811660
0.67741935	0.74193548	-0.01745665	-0.08355702	0.93315419
0.70967742	0.74193548	-0.03502375	-0.13884167	0.94156572
0.74193548	0.74193548	-0.05624153	-0.20136006	0.95362406
0.77419355	0.74193548	-0.07968343	-0.27056060	0.96930954
0.80645161	0.74193548	-0.10236799	-0.34362282	0.98809969
0.83870968	0.74193548	-0.11918996	-0.41313496	1.00866785
0.87096774	0.74193548	-0.12308526	-0.46407097	1.02859712
0.90322581	0.74193548	-0.10721990	-0.47197892	1.04449611
0.93548387	0.74193548	-0.07049923	-0.40691410	1.05300404
0.96774194	0.74193548	-0.02535373	-0.24792543	1.05218067
1.00000000	0.74193548	0.00000000	0.00000000	1.04932080
0.00000000	0.77419355	0.00000000	0.00000000	0.95520636
0.03225806	0.77419355	-0.00702976	0.09745376	0.95406397
0.06451613	0.77419355	-0.02027236	0.16609281	0.95295686
0.09677419	0.77419355	-0.03303072	0.20885276	0.95388928
0.12903226	0.77419355	-0.04165493	0.23176800	0.95606506
0.16129032	0.77419355	-0.04496265	0.24086832	0.95857408
0.19354839	0.77419355	-0.04319018	0.24096856	0.96068402
0.22580645	0.77419355	-0.03719103	0.23547500	0.96191610
0.25806452	0.77419355	-0.02797916	0.22659526	0.96201670
0.29032258	0.77419355	-0.01652153	0.21564003	0.96090135
0.32258065	0.77419355	-0.00367141	0.20329330	0.95860497
0.35483871	0.77419355	0.00983198	0.18981827	0.95524807
0.38709677	0.77419355	0.02333910	0.17520221	0.95101787
0.41935484	0.77419355	0.03626087	0.15925294	0.94616029
0.45161290	0.77419355	0.04804251	0.14166049	0.94097820
0.48387097	0.77419355	0.05814270	0.12203378	0.93583235
0.51612903	0.77419355	0.06601813	0.09991990	0.93114202
0.54838710	0.77419355	0.07111249	0.07481014	0.92738360
0.58064516	0.77419355	0.07285015	0.04613558	0.92508481
0.61290323	0.77419355	0.07063585	0.01325308	0.92481295
0.64516129	0.77419355	0.06386569	-0.02457737	0.92715450
0.67741935	0.77419355	0.05196250	-0.06821923	0.93268304
0.70967742	0.77419355	0.03446490	-0.11866689	0.94191054
0.74193548	0.77419355	0.01122956	-0.17695669	0.95521385
0.77419355	0.77419355	-0.01715107	-0.24377224	0.97271898
0.80645161	0.77419355	-0.04859770	-0.31830244	0.99410567
0.83870968	0.77419355	-0.07848634	-0.39568897	1.01827261
0.87096774	0.77419355	-0.09885455	-0.46266414	1.04286271
0.90322581	0.77419355	-0.09951004	-0.49268049	1.06399288
0.93548387	0.77419355	-0.07367900	-0.44593078	1.07706875
0.96774194	0.77419355	-0.02952057	-0.28423499	1.07875283
1.00000000	0.77419355	0.00000000	0.00000000	1.07647997
0.00000000	0.80645161	0.00000000	0.00000000	0.94568679
0.03225806	0.80645161	-0.01104726	0.10932853	0.94431373
0.06451613	0.80645161	-0.02919276	0.18064002	0.94358921
0.09677419	0.80645161	-0.04403666	0.21994269	0.94613713
0.12903226	0.80645161	-0.05127575	0.23684899	0.95036062
0.16129032	0.80645161	-0.05045263	0.23972154	0.95482844
0.19354839	0.80645161	-0.04280883	0.23448259	0.95857180
0.22580645	0.80645161	-0.03003368	0.22488062	0.96104873
0.25806452	0.80645161	-0.01371318	0.21309740	0.96202736
0.29032258	0.80645161	0.00483767	0.20028805	0.96147892
0.32258065	0.80645161	0.02457408	0.18696695	0.95950241
0.35483871	0.80645161	0.04466366	0.17325862	0.95627951
0.38709677	0.80645161	0.06442046	0.15905310	0.95205208
0.41935484	0.80645161	0.08324821	0.14409921	0.94711394
0.45161290	0.80645161	0.10059649	0.12805878	0.94181050
0.48387097	0.80645161	0.11592807	0.11053620	0.93654163
0.51612903	0.80645161	0.12869477	0.09109176	0.93176453
0.54838710	0.80645161	0.13831911	0.06924328	0.92799440
0.58064516	0.80645161	0.14417961	0.04445751	0.92580104
0.61290323	0.80645161	0.14559929	0.01613014	0.92579940
0.64516129	0.80645161	0.14183889	-0.01644961	0.92863183
0.67741935	0.80645161	0.13210153	-0.05415623	0.93493908
0.70967742	0.80645161	0.11556857	-0.09810873	0.94531622
0.74193548	0.80645161	0.09151656	-0.14974409	0.96024768
0.77419355	0.80645161	0.05963015	-0.21073334	0.98000921
0.80645161	0.80645161	0.02072394	-0.28228755	1.00450398
0.83870968	0.80645161	-0.02188555	-0.36287812	1.03294788
0.87096774	0.80645161	-0.06052138	-0.44304728	1.06327094
0.90322581	0.80645161	-0.08237313	-0.49715448	1.09134351
0.93548387	0.80645161	-0.07377629	-0.47690357	1.11113320
0.96774194	0.80645161	-0.03463837	-0.32160444	1.11711273
1.00000000	0.80645161	0.00000000	0.00000000	1.11610720
0.00000000	0.83870968	0.00000000	0.00000000	0.93213610
0.03225806	0.83870968	-0.01796256	0.12664652	0.93077642
0.06451613	0.83870968	-0.04241890	0.19908220	0.93143233
0.09677419	0.83870968	-0.05796498	0.23093575	0.93704603
0.12903226	0.83870968	-0.06077466	0.23818397	0.94449412
0.16129032	0.83870968	-0.05236164	0.23240141	0.95168616
0.19354839	0.83870968	-0.03570132	0.22054961	0.95749558
0.22580645	0.83870968	-0.01360200	0.20637935	0.96142760
0.25806452	0.83870968	0.01174381	0.19172392	0.96336272
0.29032258	0.83870968	0.03874443	0.17735277	0.96339176
0.32258065	0.83870968	0.06626487	0.16346731	0.96171924
0.35483871	0.83870968	0.09347800	0.14997191	0.95861335
0.38709677	0.83870968	0.11974623	0.13661767	0.95438521
0.41935484	0.83870968	0.14453602	0.12307692	0.94938447
0.45161290	0.83870968	0.16735846	0.10898064	0.94400302
0.48387097	0.83870968	0.18772822	0.09393551	0.93868143
0.51612903	0.83870968	0.20513421	0.07752886	0.93391507
0.54838710	0.83870968	0.21901721	0.05932531	0.93025767
0.58064516	0.83870968	0.22875084	0.03885540	0.92832089
0.61290323	0.83870968	0.23362367	0.01559381	0.92876807
0.64516129	0.83870968	0.23282096	-0.01107960	0.93230043
0.67741935	0.83870968	0.22540697	-0.04194891	0.93963302
0.70967742	0.83870968	0.21031482	-0.07808193	0.95145749
0.74193548	0.83870968	0.18637068	-0.12101826	0.96838771
0.77419355	0.83870968	0.15243879	-0.17297961	0.99088069
0.80645161	0.83870968	0.10791873	-0.23678674	1.01911205
0.83870968	0.83870968	0.05406628	-0.31444366	1.05273055
0.87096774	0.83870968	-0.00335733	-0.40217656	1.09026809
0.90322581	0.83870968	-0.05081878	-0.47942558	1.12788771
0.93548387	0.83870968	-0.06766034	-0.49366555	1.15817640
0.96774194	0.83870968	-0.04060627	-0.35801129	1.17208608
1.00000000	0.83870968	0.00000000	0.00000000	1.17385788
0.00000000	0.87096774	0.00000000	0.00000000	0.91007251
0.03225806	0.87096774	-0.02940104	0.15174743	0.90994228
0.06451613	0.87096774	-0.05911346	0.22064244	0.91484442
0.09677419	0.87096774	-0.06949759	0.23829845	0.92630317
0.12903226	0.87096774	-0.06079369	0.23124565	0.93873461
0.16129032	0.87096774	-0.03863920	0.21464820	0.94957879
0.19354839	0.87096774	-0.00841784	0.19572295	0.95785809
0.22580645	0.87096774	0.02600648	0.17743549	0.96335472
0.25806452	0.87096774	0.06213510	0.16075098	0.96621156
0.29032258	0.87096774	0.09841549	0.14576700	0.96672872
0.32258065	0.87096774	0.13388322	0.13223339	0.96526536
0.35483871	0.87096774	0.16791349	0.11977727	0.96220041
0.38709677	0.87096774	0.20006114	0.10799510	0.95792430
0.41935484	0.87096774	0.22996041	0.09648700	0.95284501
0.45161290	0.87096774	0.25726217	0.08486659	0.94739940
0.48387097	0.87096774	0.28159376	0.07276045	0.94206529
0.51612903	0.87096774	0.30253184	0.05980278	0.93737164
0.54838710	0.87096774	0.31958190	0.04562666	0.93390566
0.58064516	0.87096774	0.33216033	0.02985105	0.93231575
0.61290323	0.87096774	0.33957572	0.01206003	0.93330938
0.64516129	0.87096774	0.34100636	-0.00823291	0.93764479
0.67741935	0.87096774	0.33547051	-0.03165009	0.94611513
0.70967742	0.87096774	0.32178569	-0.05907244	0.95952348
0.74193548	0.87096774	0.29851803	-0.09186807	0.97864684
0.77419355	0.87096774	0.26395212	-0.13228139	1.00418552
0.80645161	0.87096774	0.21623024	-0.18391506	1.03668816
0.83870968	0.87096774	0.15415693	-0.25160207	1.07641104
0.87096774	0.87096774	0.07979536	-0.33816222	1.12291558
0.90322581	0.87096774	0.00396579	-0.43285148	1.17369979
0.93548387	0.87096774	-0.04816811	-0.48711609	1.22103080
0.96774194	0.87096774	-0.04551117	-0.38926479	1.25056431
1.00000000	0.87096774	0.00000000	0.00000000	1.25872081
0.00000000	0.90322581	0.00000000	0.00000000	0.86927313
0.03225806	0.90322581	-0.04559399	0.18575998	0.87495081
0.06451613	0.90322581	-0.06951911	0.23917875	0.89202649
0.09677419	0.90322581	-0.05894242	0.23261598	0.91438234
0.12903226	0.90322581	-0.02597109	0.20732558	0.93423100
0.16129032	0.90322581	0.01795217	0.18002555	0.94966443
0.19354839	0.90322581	0.06583553	0.15590393	0.96057937
0.22580645	0.90322581	0.11396937	0.13582641	0.96746802
0.25806452	0.90322581	0.16052949	0.11931492	0.97096904
0.29032258	0.90322581	0.20467643	0.10560466	0.97170128
0.32258065	0.90322581	0.24605161	0.09396932	0.97022087
0.35483871	0.90322581	0.28450787	0.08379399	0.96702746
0.38709677	0.90322581	0.31996686	0.07457075	0.96258677
0.41935484	0.90322581	0.35234336	0.06587590	0.95735570
0.45161290	0.90322581	0.38150433	0.05734730	0.95180520
0.48387097	0.90322581	0.40724588	0.04866585	0.94643910
0.51612903	0.90322581	0.42927896	0.03954073	0.94180880
0.54838710	0.90322581	0.44721855	0.02969683	0.93852364
0.58064516	0.90322581	0.46057289	0.01886159	0.93725725
0.61290323	0.90322581	0.46873001	0.00674779	0.93874968
0.64516129	0.90322581	0.47093780	-0.00697439	0.94380580
0.67741935	0.90322581	0.46627201	-0.02272824	0.95329027
0.70967742	0.90322581	0.45358224	-0.04112944	0.96812087
0.74193548	0.90322581	0.43139808	-0.06318470	0.98926263
0.77419355	0.90322581	0.39777287	-0.09069183	1.01772658
0.80645161	0.90322581	0.35007537	-0.12699156	1.05457508
0.83870968	0.90322581	0.28497203	-0.17800880	1.10092797
0.87096774	0.90322581	0.19971809	-0.25198542	1.15790671
0.90322581	0.90322581	0.09772963	-0.35146212	1.22593819
0.93548387	0.90322581	0.00115105	-0.44418861	1.30051222
0.96774194	0.90322581	-0.04118422	-0.40617941	1.36193486
1.00000000	0.90322581	0.00000000	0.00000000	1.38553243
0.00000000	0.93548387	0.00000000	0.00000000	0.78685825
0.03225806	0.93548387	-0.04949570	0.22126654	0.81310219
0.06451613	0.93548387	-0.02793558	0.23399087	0.86338662
0.09677419	0.93548387	0.03125693	0.19475044	0.90511996
0.12903226	0.93548387	0.10065061	0.15435105	0.93491778
0.16129032	0.93548387	0.16854390	0.12284158	0.95491758
0.19354839	0.93548387	0.23106574	0.09970575	0.96762536
0.22580645	0.93548387	0.28746215	0.08274153	0.97497481
0.25806452	0.93548387	0.33806326	0.07004393	0.97833743
0.29032258	0.93548387	0.38348476	0.06024487	0.97869007
0.32258065	0.93548387	0.42433182	0.05240194	0.97676039
0.35483871	0.93548387	0.46109894	0.04586202	0.97312957
0.38709677	0.93548387	0.49414382	0.04015962	0.96830197
0.41935484	0.93548387	0.52368734	0.03494954	0.96275304
0.45161290	0.93548387	0.54982124	0.02996408	0.95696296
0.48387097	0.93548387	0.57251665	0.02498582	0.95144087
0.51612903	0.93548387	0.59163077	0.01983012	0.94674228
0.54838710	0.93548387	0.60691099	0.01433274	0.94348157
0.58064516	0.93548387	0.61799525	0.00833959	0.94234040
0.61290323	0.93548387	0.62440769	0.00169512	0.94407334
0.64516129	0.93548387	0.62554630	-0.00577491	0.94951213
0.67741935	0.93548387	0.62065707	-0.01429453	0.95957166
0.70967742	0.93548387	0.60878207	-0.02419852	0.97526321
0.74193548	0.93548387	0.58865688	-0.03605871	0.99772559
0.77419355	0.93548387	0.55850681	-0.05095868	1.02829277
0.80645161	0.93548387	0.51564926	-0.07111422	1.06862957
0.83870968	0.93548387	0.45579702	-0.10124480	1.12098475
0.87096774	0.93548387	0.37232957	-0.15091984	1.18865080
0.90322581	0.93548387	0.25801921	-0.23428445	1.27672784
0.93548387	0.93548387	0.11793612	-0.34820225	1.39087547
0.96774194	0.93548387	0.00081122	-0.38811376	1.51739813
1.00000000	0.93548387	0.00000000	0.00000000	1.57969415
0.00000000	0.96774194	0.00000000	0.00000000	0.60684236
0.03225806	0.96774194	0.09578821	0.21369555	0.70347892
0.06451613	0.96774194	0.22126653	0.15842613	0.84551522
0.09677419	0.96774194	0.32977908	0.10402979	0.91415464
0.12903226	0.96774194	0.41601697	0.07003861	0.95023842
0.16129032	0.96774194	0.48413013	0.04961042	0.97035581
0.19354839	0.96774194	0.53885855	0.03698568	0.98154472
0.22580645	0.96774194	0.58383588	0.02882889	0.98714893
0.25806452	0.96774194	0.62160008	0.02329231	0.98894319
0.29032258	0.96774194	0.65387981	0.01933610	0.98798378
0.32258065	0.96774194	0.68184496	0.01635514	0.98498037
0.35483871	0.96774194	0.70628175	0.01398199	0.98047355
0.38709677	0.96774194	0.72770699	0.01198236	0.97492769
0.41935484	0.96774194	0.74644138	0.01019848	0.96878457
0.45161290	0.96774194	0.76265654	0.00851801	0.96249729
0.48387097	0.96774194	0.77640546	0.00685633	0.95655324
0.51612903	0.96774194	0.78764236	0.00514639	0.95149042
0.54838710	0.96774194	0.79623558	0.00333235	0.94790916
0.58064516	0.96774194	0.80197511	0.00136489	0.94648067
0.61290323	0.96774194	0.80457517	-0.00080326	0.94795382
0.64516129	0.96774194	0.80367024	-0.00322377	0.95316247
0.67741935	0.96774194	0.79880026	-0.00596401	0.96303777
0.70967742	0.96774194	0.78937570	-0.00912926	0.97863417
0.74193548	0.96774194	0.77460174	-0.01290944	1.00118671
0.77419355	0.96774194	0.75331699	-0.01768422	1.03223517
0.80645161	0.96774194	0.72364306	-0.02428178	1.07389201
0.83870968	0.96774194	0.68220276	-0.03468911	1.12942814
0.87096774	0.96774194	0.62239824	-0.05420763	1.20461720
0.90322581	0.96774194	0.53128290	-0.09706869	1.31098464
0.93548387	0.96774194	0.38811377	-0.18698064	1.47125345
0.96774194	0.96774194	0.18308064	-0.28824331	1.71682326
1.00000000	0.96774194	0.00000000	0.00000000	1.86504699
0.00000000	1.00000000	1.00000000	0.00000000	0.48237540
0.03225806	1.00000000	1.00000000	0.00000000	0.63353678
0.06451613	1.00000000	1.00000000	0.00000000	0.84310791
0.09677419	1.00000000	1.00000000	0.00000000	0.92633996
0.12903226	1.00000000	1.00000000	0.00000000	0.96316349
0.16129032	1.00000000	1.00000000	0.00000000	0.98134534
0.19354839	1.00000000	1.00000000	0.00000000	0.99053129
0.22580645	1.00000000	1.00000000	0.00000000	0.99452984
0.25806452	1.00000000	1.00000000	0.00000000	0.99510469
0.29032258	1.00000000	1.00000000	0.00000000	0.99322178
0.32258065	1.00000000	1.00000000	0.00000000	0.98950790
0.35483871	1.00000000	1.00000000	0.00000000	0.98444131
0.38709677	1.00000000	1.00000000	0.00000000	0.97844173
0.41935484	1.00000000	1.00000000	0.00000000	0.97191892
0.45161290	1.00000000	1.00000000	0.00000000	0.96530240
0.48387097	1.00000000	1.00000000	0.00000000	0.95906164
0.51612903	1.00000000	1.00000000	0.00000000	0.95372043
0.54838710	1.00000000	1.00000000	0.00000000	0.94986746
0.58064516	1.00000000	1.00000000	0.00000000	0.94816431
0.61290323	1.00000000	1.00000000	0.00000000	0.94935211
0.64516129	1.00000000	1.00000000	0.00000000	0.95425937
0.67741935	1.00000000	1.00000000	0.00000000	0.96381568
0.70967742	1.00000000	1.00000000	0.00000000	0.97908097
0.74193548	1.00000000	1.00000000	0.00000000	1.00131014
0.77419355	1.00000000	1.00000000	0.00000000	1.03209602
0.80645161	1.00000000	1.00000000	0.00000000	1.07369090
0.83870968	1.00000000	1.00000000	0.00000000	1.12976534
0.87096774	1.00000000	1.00000000	0.00000000	1.20732657
0.90322581	1.00000000	1.00000000	0.00000000	1.32157632
0.93548387	1.00000000	1.00000000	0.00000000	1.50505489
0.96774194	1.00000000	1.00000000	0.00000000	1.82603058
1.00000000	1.00000000	1.00000000	0.00000000	2.03245426
