VARIABLES="X","Y","U","V","P"
ZONE  F=POINT
I=32, J=32
0.00000000	0.00000000	0.00000000	0.00000000	0.99901743
0.03225806	0.00000000	0.00000000	0.00000000	0.99893921
0.06451613	0.00000000	0.00000000	0.00000000	0.99876336
0.09677419	0.00000000	0.00000000	0.00000000	0.99859488
0.12903226	0.00000000	0.00000000	0.00000000	0.99850470
0.16129032	0.00000000	0.00000000	0.00000000	0.99852829
0.19354839	0.00000000	0.00000000	0.00000000	0.99867901
0.22580645	0.00000000	0.00000000	0.00000000	0.99895801
0.25806452	0.00000000	0.00000000	0.00000000	0.99936029
0.29032258	0.00000000	0.00000000	0.00000000	0.99987806
0.32258065	0.00000000	0.00000000	0.00000000	1.00050212
0.35483871	0.00000000	0.00000000	0.00000000	1.00122243
0.38709677	0.00000000	0.00000000	0.00000000	1.00202801
0.41935484	0.00000000	0.00000000	0.00000000	1.00290678
0.45161290	0.00000000	0.00000000	0.00000000	1.00384531
0.48387097	0.00000000	0.00000000	0.00000000	1.00482866
0.51612903	0.00000000	0.00000000	0.00000000	1.00584032
0.54838710	0.00000000	0.00000000	0.00000000	1.00686222
0.58064516	0.00000000	0.00000000	0.00000000	1.00787487
0.61290323	0.00000000	0.00000000	0.00000000	1.00885762
0.64516129	0.00000000	0.00000000	0.00000000	1.00978893
0.67741935	0.00000000	0.00000000	0.00000000	1.01064693
0.70967742	0.00000000	0.00000000	0.00000000	1.01140992
0.74193548	0.00000000	0.00000000	0.00000000	1.01205724
0.77419355	0.00000000	0.00000000	0.00000000	1.01257039
0.80645161	0.00000000	0.00000000	0.00000000	1.01293467
0.83870968	0.00000000	0.00000000	0.00000000	1.01314178
0.87096774	0.00000000	0.00000000	0.00000000	1.01319381
0.90322581	0.00000000	0.00000000	0.00000000	1.01310930
0.93548387	0.00000000	0.00000000	0.00000000	1.01293242
0.96774194	0.00000000	0.00000000	0.00000000	1.01274464
1.00000000	0.00000000	0.00000000	0.00000000	1.01266094
0.00000000	0.03225806	0.00000000	0.00000000	0.99909566
0.03225806	0.03225806	-0.00007817	0.00007839	0.99901700
0.06451613	0.03225806	-0.00050413	0.00029842	0.99885196
0.09677419	0.03225806	-0.00125939	0.00048838	0.99870665
0.12903226	0.03225806	-0.00225519	0.00061240	0.99863690
0.16129032	0.03225806	-0.00339434	0.00067572	0.99867324
0.19354839	0.03225806	-0.00459439	0.00069303	0.99882864
0.22580645	0.03225806	-0.00579294	0.00067827	0.99910551
0.25806452	0.03225806	-0.00694540	0.00064185	0.99950045
0.29032258	0.03225806	-0.00802038	0.00059057	1.00000699
0.32258065	0.03225806	-0.00899520	0.00052847	1.00061693
0.35483871	0.03225806	-0.00985248	0.00045774	1.00132089
0.38709677	0.03225806	-0.01057799	0.00037955	1.00210837
0.41935484	0.03225806	-0.01115935	0.00029461	1.00296760
0.45161290	0.03225806	-0.01158560	0.00020353	1.00388542
0.48387097	0.03225806	-0.01184712	0.00010697	1.00484712
0.51612903	0.03225806	-0.01193576	0.00000580	1.00583645
0.54838710	0.03225806	-0.01184521	-0.00009884	1.00683562
0.58064516	0.03225806	-0.01157143	-0.00020553	1.00782547
0.61290323	0.03225806	-0.01111322	-0.00031245	1.00878572
0.64516129	0.03225806	-0.01047287	-0.00041732	1.00969535
0.67741935	0.03225806	-0.00965710	-0.00051723	1.01053307
0.70967742	0.03225806	-0.00867828	-0.00060836	1.01127800
0.74193548	0.03225806	-0.00755625	-0.00068557	1.01191053
0.77419355	0.03225806	-0.00632072	-0.00074187	1.01241351
0.80645161	0.03225806	-0.00501438	-0.00076790	1.01277389
0.83870968	0.03225806	-0.00369632	-0.00075166	1.01298514
0.87096774	0.03225806	-0.00244472	-0.00067918	1.01305061
0.90322581	0.03225806	-0.00135635	-0.00053766	1.01298824
0.93548387	0.03225806	-0.00053833	-0.00032572	1.01283663
0.96774194	0.03225806	-0.00008220	-0.00008538	1.01266104
1.00000000	0.03225806	0.00000000	0.00000000	1.01257724
0.00000000	0.06451613	0.00000000	0.00000000	0.99927313
0.03225806	0.06451613	-0.00030228	0.00050412	0.99918093
0.06451613	0.06451613	-0.00119656	0.00118120	0.99901240
0.09677419	0.06451613	-0.00259401	0.00175105	0.99889238
0.12903226	0.06451613	-0.00435782	0.00213494	0.99885001
0.16129032	0.06451613	-0.00634399	0.00233919	0.99890497
0.19354839	0.06451613	-0.00842591	0.00239859	0.99906752
0.22580645	0.06451613	-0.01050324	0.00235100	0.99934093
0.25806452	0.06451613	-0.01250095	0.00222743	0.99972378
0.29032258	0.06451613	-0.01436422	0.00204978	1.00021159
0.32258065	0.06451613	-0.01605244	0.00183210	1.00079785
0.35483871	0.06451613	-0.01753434	0.00158278	1.00147439
0.38709677	0.06451613	-0.01878452	0.00130685	1.00223160
0.41935484	0.06451613	-0.01978149	0.00100761	1.00305839
0.45161290	0.06451613	-0.02050667	0.00068777	1.00394214
0.48387097	0.06451613	-0.02094415	0.00035015	1.00486861
0.51612903	0.06451613	-0.02108090	-0.00000192	1.00582201
0.54838710	0.06451613	-0.02090722	-0.00036433	1.00678503
0.58064516	0.06451613	-0.02041741	-0.00073199	1.00773902
0.61290323	0.06451613	-0.01961072	-0.00109856	1.00866430
0.64516129	0.06451613	-0.01849246	-0.00145612	1.00954057
0.67741935	0.06451613	-0.01707555	-0.00179459	1.01034745
0.70967742	0.06451613	-0.01538259	-0.00210084	1.01106523
0.74193548	0.06451613	-0.01344874	-0.00235756	1.01167585
0.77419355	0.06451613	-0.01132542	-0.00254187	1.01216412
0.80645161	0.06451613	-0.00908464	-0.00262439	1.01251928
0.83870968	0.06451613	-0.00682328	-0.00256965	1.01273694
0.87096774	0.06451613	-0.00466528	-0.00233996	1.01282134
0.90322581	0.06451613	-0.00275848	-0.00190638	1.01278755
0.93548387	0.06451613	-0.00126143	-0.00127415	1.01266275
0.96774194	0.06451613	-0.00031492	-0.00053833	1.01248429
1.00000000	0.06451613	0.00000000	0.00000000	1.01238681
0.00000000	0.09677419	0.00000000	0.00000000	0.99944714
0.03225806	0.09677419	-0.00050871	0.00127494	0.99932649
0.06451613	0.09677419	-0.00182511	0.00259014	0.99912198
0.09677419	0.09677419	-0.00376427	0.00364963	0.99899614
0.12903226	0.09677419	-0.00613989	0.00436238	0.99895950
0.16129032	0.09677419	-0.00877564	0.00474380	0.99902115
0.19354839	0.09677419	-0.01151900	0.00485227	0.99918658
0.22580645	0.09677419	-0.01424746	0.00475330	0.99945756
0.25806452	0.09677419	-0.01686732	0.00450282	0.99983289
0.29032258	0.09677419	-0.01930839	0.00414205	1.00030899
0.32258065	0.09677419	-0.02151772	0.00369859	1.00088036
0.35483871	0.09677419	-0.02345410	0.00318981	1.00153980
0.38709677	0.09677419	-0.02508416	0.00262670	1.00227851
0.41935484	0.09677419	-0.02637991	0.00201675	1.00308606
0.45161290	0.09677419	-0.02731753	0.00136618	1.00395034
0.48387097	0.09677419	-0.02787695	0.00068120	1.00485757
0.51612903	0.09677419	-0.02804200	-0.00003114	1.00579230
0.54838710	0.09677419	-0.02780094	-0.00076234	1.00673749
0.58064516	0.09677419	-0.02714729	-0.00150202	1.00767476
0.61290323	0.09677419	-0.02608097	-0.00223740	1.00858463
0.64516129	0.09677419	-0.02460975	-0.00295250	1.00944700
0.67741935	0.09677419	-0.02275127	-0.00362711	1.01024174
0.70967742	0.09677419	-0.02053559	-0.00423516	1.01094951
0.74193548	0.09677419	-0.01800869	-0.00474274	1.01155274
0.77419355	0.09677419	-0.01523670	-0.00510597	1.01203683
0.80645161	0.09677419	-0.01231065	-0.00527002	1.01239158
0.83870968	0.09677419	-0.00935071	-0.00517101	1.01261267
0.87096774	0.09677419	-0.00650783	-0.00474398	1.01270291
0.90322581	0.09677419	-0.00396019	-0.00394150	1.01267290
0.93548387	0.09677419	-0.00190161	-0.00276928	1.01253983
0.96774194	0.09677419	-0.00052313	-0.00134680	1.01232309
1.00000000	0.09677419	0.00000000	0.00000000	1.01219615
0.00000000	0.12903226	0.00000000	0.00000000	0.99954599
0.03225806	0.12903226	-0.00066638	0.00232922	0.99939622
0.06451613	0.12903226	-0.00232706	0.00443674	0.99914837
0.09677419	0.12903226	-0.00471022	0.00606582	0.99900297
0.12903226	0.12903226	-0.00757867	0.00714630	0.99895977
0.16129032	0.12903226	-0.01072609	0.00771828	0.99902019
0.19354839	0.12903226	-0.01398038	0.00787040	0.99918520
0.22580645	0.12903226	-0.01720463	0.00769931	0.99945447
0.25806452	0.12903226	-0.02029368	0.00728835	0.99982615
0.29032258	0.12903226	-0.02316791	0.00670018	1.00029687
0.32258065	0.12903226	-0.02576656	0.00597780	1.00086169
0.35483871	0.12903226	-0.02804196	0.00514921	1.00151408
0.38709677	0.12903226	-0.02995541	0.00423265	1.00224591
0.41935484	0.12903226	-0.03147448	0.00324098	1.00304729
0.45161290	0.12903226	-0.03257169	0.00218481	1.00390659
0.48387097	0.12903226	-0.03322397	0.00107462	1.00481037
0.51612903	0.12903226	-0.03341276	-0.00007793	1.00574338
0.54838710	0.12903226	-0.03312462	-0.00125904	1.00668867
0.58064516	0.12903226	-0.03235210	-0.00245196	1.00762778
0.61290323	0.12903226	-0.03109511	-0.00363610	1.00854105
0.64516129	0.12903226	-0.02936265	-0.00478582	1.00940807
0.67741935	0.12903226	-0.02717513	-0.00586875	1.01020835
0.70967742	0.12903226	-0.02456740	-0.00684341	1.01092209
0.74193548	0.12903226	-0.02159254	-0.00765645	1.01153130
0.77419355	0.12903226	-0.01832654	-0.00823991	1.01202093
0.80645161	0.12903226	-0.01487323	-0.00851038	1.01238016
0.83870968	0.12903226	-0.01136865	-0.00837246	1.01260363
0.87096774	0.12903226	-0.00798304	-0.00773048	1.01269213
0.90322581	0.12903226	-0.00491872	-0.00651260	1.01265246
0.93548387	0.12903226	-0.00240268	-0.00471120	1.01249553
0.96774194	0.12903226	-0.00067720	-0.00243993	1.01223205
1.00000000	0.12903226	0.00000000	0.00000000	1.01207480
0.00000000	0.16129032	0.00000000	0.00000000	0.99952947
0.03225806	0.16129032	-0.00078231	0.00360199	0.99935423
0.06451613	0.16129032	-0.00271564	0.00663396	0.99906531
0.09677419	0.16129032	-0.00546103	0.00890123	0.99889598
0.12903226	0.16129032	-0.00873450	0.01037823	0.99884056
0.16129032	0.16129032	-0.01230025	0.01114549	0.99889563
0.19354839	0.16129032	-0.01596812	0.01133080	0.99905877
0.22580645	0.16129032	-0.01958967	0.01106659	0.99932769
0.25806452	0.16129032	-0.02305180	0.01046609	0.99969971
0.29032258	0.16129032	-0.02626896	0.00961492	1.00017129
0.32258065	0.16129032	-0.02917562	0.00857263	1.00073776
0.35483871	0.16129032	-0.03172017	0.00737866	1.00139307
0.38709677	0.16129032	-0.03386045	0.00605920	1.00212957
0.41935484	0.16129032	-0.03556106	0.00463303	1.00293785
0.45161290	0.16129032	-0.03679179	0.00311567	1.00380664
0.48387097	0.16129032	-0.03752706	0.00152227	1.00472271
0.51612903	0.16129032	-0.03774603	-0.00013049	1.00567088
0.54838710	0.16129032	-0.03743314	-0.00182300	1.00663405
0.58064516	0.16129032	-0.03657919	-0.00353153	1.00759340
0.61290323	0.16129032	-0.03518285	-0.00522684	1.00852866
0.64516129	0.16129032	-0.03325269	-0.00687247	1.00941862
0.67741935	0.16129032	-0.03080989	-0.00842236	1.01024177
0.70967742	0.16129032	-0.02789171	-0.00981775	1.01097717
0.74193548	0.16129032	-0.02455579	-0.01098359	1.01160559
0.77419355	0.16129032	-0.02088522	-0.01182527	1.01211067
0.80645161	0.16129032	-0.01699398	-0.01222792	1.01248026
0.83870968	0.16129032	-0.01303174	-0.01206120	1.01270748
0.87096774	0.16129032	-0.00918688	-0.01119389	1.01279129
0.90322581	0.16129032	-0.00568604	-0.00952186	1.01273610
0.93548387	0.16129032	-0.00279003	-0.00701080	1.01255000
0.96774194	0.16129032	-0.00078847	-0.00374947	1.01224117
1.00000000	0.16129032	0.00000000	0.00000000	1.01205695
0.00000000	0.19354839	0.00000000	0.00000000	0.99937595
0.03225806	0.19354839	-0.00087159	0.00504485	0.99917888
0.06451613	0.19354839	-0.00302795	0.00911546	0.99885309
0.09677419	0.19354839	-0.00607972	0.01208466	0.99865952
0.12903226	0.19354839	-0.00970195	0.01398551	0.99859008
0.16129032	0.19354839	-0.01363041	0.01495189	0.99863852
0.19354839	0.19354839	-0.01765686	0.01515981	0.99880011
0.22580645	0.19354839	-0.02162190	0.01478298	0.99907105
0.25806452	0.19354839	-0.02540576	0.01396763	0.99944783
0.29032258	0.19354839	-0.02891865	0.01282399	0.99992669
0.32258065	0.19354839	-0.03209202	0.01142900	1.00050309
0.35483871	0.19354839	-0.03487185	0.00983404	1.00117129
0.38709677	0.19354839	-0.03721383	0.00807354	1.00192404
0.41935484	0.19354839	-0.03908040	0.00617231	1.00275230
0.45161290	0.19354839	-0.04043913	0.00415081	1.00364509
0.48387097	0.19354839	-0.04126201	0.00202886	1.00458929
0.51612903	0.19354839	-0.04152551	-0.00017185	1.00556962
0.54838710	0.19354839	-0.04121117	-0.00242588	1.00656863
0.58064516	0.19354839	-0.04030681	-0.00470225	1.00756683
0.61290323	0.19354839	-0.03880824	-0.00696260	1.00854297
0.64516129	0.19354839	-0.03672171	-0.00915878	1.00947451
0.67741935	0.19354839	-0.03406713	-0.01122973	1.01033830
0.70967742	0.19354839	-0.03088218	-0.01309751	1.01111157
0.74193548	0.19354839	-0.02722734	-0.01466293	1.01177306
0.77419355	0.19354839	-0.02319168	-0.01580171	1.01230444
0.80645161	0.19354839	-0.01889911	-0.01636386	1.01269167
0.83870968	0.19354839	-0.01451395	-0.01617956	1.01292617
0.87096774	0.19354839	-0.01024485	-0.01507618	1.01300550
0.90322581	0.19354839	-0.00634556	-0.01290944	1.01293306
0.93548387	0.19354839	-0.00311184	-0.00960876	1.01271656
0.96774194	0.19354839	-0.00087576	-0.00522996	1.01236521
1.00000000	0.19354839	0.00000000	0.00000000	1.01215694
0.00000000	0.22580645	0.00000000	0.00000000	0.99907310
0.03225806	0.22580645	-0.00094837	0.00662993	0.99885637
0.06451613	0.22580645	-0.00330295	0.01184209	0.99849661
0.09677419	0.22580645	-0.00663365	0.01557522	0.99827956
0.12903226	0.22580645	-0.01057889	0.01792891	0.99819615
0.16129032	0.22580645	-0.01484687	0.01910039	0.99823845
0.19354839	0.22580645	-0.01921085	0.01932228	0.99840016
0.22580645	0.22580645	-0.02350013	0.01881549	0.99867634
0.25806452	0.22580645	-0.02758844	0.01776283	0.99906283
0.29032258	0.22580645	-0.03138231	0.01630118	0.99955566
0.32258065	0.22580645	-0.03481110	0.01452583	1.00015034
0.35483871	0.22580645	-0.03781927	0.01250045	1.00084141
0.38709677	0.22580645	-0.04036112	0.01026774	1.00162197
0.41935484	0.22580645	-0.04239751	0.00785832	1.00248331
0.45161290	0.22580645	-0.04389396	0.00529727	1.00341466
0.48387097	0.22580645	-0.04481984	0.00260864	1.00440296
0.51612903	0.22580645	-0.04514830	-0.00018133	1.00543274
0.54838710	0.22580645	-0.04485691	-0.00304170	1.00648599
0.58064516	0.22580645	-0.04392895	-0.00593447	1.00754229
0.61290323	0.22580645	-0.04235548	-0.00881195	1.00857902
0.64516129	0.22580645	-0.04013825	-0.01161358	1.00957178
0.67741935	0.22580645	-0.03729372	-0.01426188	1.01049518
0.70967742	0.22580645	-0.03385805	-0.01665754	1.01132384
0.74193548	0.22580645	-0.02989326	-0.01867408	1.01203373
0.77419355	0.22580645	-0.02549423	-0.02015349	1.01260380
0.80645161	0.22580645	-0.02079603	-0.02090564	1.01301760
0.83870968	0.22580645	-0.01598042	-0.02071545	1.01326474
0.87096774	0.22580645	-0.01128041	-0.01936228	1.01334174
0.90322581	0.22580645	-0.00698103	-0.01665487	1.01325203
0.93548387	0.22580645	-0.00341539	-0.01248059	1.01300461
0.96774194	0.22580645	-0.00095569	-0.00686131	1.01261149
1.00000000	0.22580645	0.00000000	0.00000000	1.01238010
0.00000000	0.25806452	0.00000000	0.00000000	0.99861206
0.03225806	0.25806452	-0.00102366	0.00834778	0.99837609
0.06451613	0.25806452	-0.00357342	0.01480072	0.99798301
0.09677419	0.25806452	-0.00718135	0.01936059	0.99774291
0.12903226	0.25806452	-0.01145070	0.02219871	0.99764617
0.16129032	0.25806452	-0.01606192	0.02358384	0.99768372
0.19354839	0.25806452	-0.02076903	0.02381307	0.99784805
0.22580645	0.25806452	-0.02538925	0.02316056	0.99813331
0.25806452	0.25806452	-0.02978950	0.02184980	0.99853483
0.29032258	0.25806452	-0.03387285	0.02004665	0.99904844
0.32258065	0.25806452	-0.03756697	0.01786595	0.99966976
0.35483871	0.25806452	-0.04081544	0.01538405	1.00039360
0.38709677	0.25806452	-0.04357174	0.01265178	1.00121341
0.41935484	0.25806452	-0.04579555	0.00970514	1.00212083
0.45161290	0.25806452	-0.04745046	0.00657313	1.00310533
0.48387097	0.25806452	-0.04850294	0.00328320	1.00415391
0.51612903	0.25806452	-0.04892208	-0.00013478	1.00525079
0.54838710	0.25806452	-0.04868023	-0.00364523	1.00637734
0.58064516	0.25806452	-0.04775435	-0.00720369	1.00751196
0.61290323	0.25806452	-0.04612848	-0.01075331	1.00863029
0.64516129	0.25806452	-0.04379734	-0.01422054	1.00970560
0.67741935	0.25806452	-0.04077126	-0.01750993	1.01070953
0.70967742	0.25806452	-0.03708262	-0.02049797	1.01161327
0.74193548	0.25806452	-0.03279362	-0.02302674	1.01238913
0.77419355	0.25806452	-0.02800498	-0.02489894	1.01301250
0.80645161	0.25806452	-0.02286483	-0.02587766	1.01346385
0.83870968	0.25806452	-0.01757633	-0.02569517	1.01373067
0.87096774	0.25806452	-0.01240234	-0.02407556	1.01380870
0.90322581	0.25806452	-0.00766518	-0.02077445	1.01370208
0.93548387	0.25806452	-0.00373998	-0.01563410	1.01342220
0.96774194	0.25806452	-0.00104083	-0.00864534	1.01298493
1.00000000	0.25806452	0.00000000	0.00000000	1.01272911
0.00000000	0.29032258	0.00000000	0.00000000	0.99798402
0.03225806	0.29032258	-0.00110536	0.01020334	0.99772773
0.06451613	0.29032258	-0.00386439	0.01799977	0.99729973
0.09677419	0.29032258	-0.00776895	0.02345249	0.99703608
0.12903226	0.29032258	-0.01238541	0.02680947	0.99692658
0.16129032	0.29032258	-0.01736493	0.02841871	0.99696106
0.19354839	0.29032258	-0.02244087	0.02864959	0.99713090
0.22580645	0.29032258	-0.02741745	0.02783595	0.99742940
0.25806452	0.29032258	-0.03215439	0.02624642	0.99785140
0.29032258	0.29032258	-0.03655134	0.02407864	0.99839258
0.32258065	0.29032258	-0.04053471	0.02146840	0.99904873
0.35483871	0.29032258	-0.04404781	0.01850522	0.99981497
0.38709677	0.29032258	-0.04704395	0.01524786	1.00068520
0.41935484	0.29032258	-0.04948209	0.01173704	1.00165148
0.45161290	0.29032258	-0.05132412	0.00800465	1.00270362
0.48387097	0.29032258	-0.05253343	0.00408026	1.00382871
0.51612903	0.29032258	-0.05307438	-0.00000403	1.00501077
0.54838710	0.29032258	-0.05291273	-0.00420943	1.00623046
0.58064516	0.29032258	-0.05201711	-0.00848622	1.00746488
0.61290323	0.29032258	-0.05036188	-0.01276896	1.00868763
0.64516129	0.29032258	-0.04793149	-0.01697080	1.00986909
0.67741935	0.29032258	-0.04472676	-0.02097659	1.01097721
0.70967742	0.29032258	-0.04077318	-0.02463518	1.01197881
0.74193548	0.29032258	-0.03613097	-0.02775172	1.01284143
0.77419355	0.29032258	-0.03090632	-0.03008228	1.01353575
0.80645161	0.29032258	-0.02526252	-0.03133428	1.01403826
0.83870968	0.29032258	-0.01942887	-0.03117793	1.01433374
0.87096774	0.29032258	-0.01370524	-0.02927343	1.01441709
0.90322581	0.29032258	-0.00845966	-0.02531723	1.01429367
0.93548387	0.29032258	-0.00411731	-0.01910493	1.01397808
0.96774194	0.29032258	-0.00114047	-0.01060128	1.01349089
1.00000000	0.29032258	0.00000000	0.00000000	1.01320722
0.00000000	0.32258065	0.00000000	0.00000000	0.99717839
0.03225806	0.32258065	-0.00119904	0.01221216	0.99689944
0.06451613	0.32258065	-0.00419441	0.02146430	0.99643295
0.09677419	0.32258065	-0.00843148	0.02788160	0.99614421
0.12903226	0.32258065	-0.01343527	0.03179468	0.99602213
0.16129032	0.32258065	-0.01882449	0.03363929	0.99605518
0.19354839	0.32258065	-0.02430975	0.03386559	0.99623350
0.22580645	0.32258065	-0.02968113	0.03287408	0.99654942
0.25806452	0.32258065	-0.03479077	0.03098367	0.99699726
0.29032258	0.32258065	-0.03953513	0.02842696	0.99757258
0.32258065	0.32258065	-0.04384005	0.02536241	0.99827136
0.35483871	0.32258065	-0.04764940	0.02189328	0.99908918
0.38709677	0.32258065	-0.05091723	0.01808605	1.00002048
0.41935484	0.32258065	-0.05360259	0.01398531	1.00105794
0.45161290	0.32258065	-0.05566622	0.00962448	1.00219185
0.48387097	0.32258065	-0.05706850	0.00503346	1.00340963
0.51612903	0.32258065	-0.05776854	0.00024451	1.00469521
0.54838710	0.32258065	-0.05772420	-0.00470250	1.00602868
0.58064516	0.32258065	-0.05689361	-0.00975453	1.00738580
0.61290323	0.32258065	-0.05523821	-0.01483892	1.00873788
0.64516129	0.32258065	-0.05272813	-0.01985565	1.01005199
0.67741935	0.32258065	-0.04935005	-0.02466823	1.01129157
0.70967742	0.32258065	-0.04511798	-0.02909376	1.01241793
0.74193548	0.32258065	-0.04008655	-0.03289359	1.01339243
0.77419355	0.32258065	-0.03436588	-0.03576738	1.01417956
0.80645161	0.32258065	-0.02813603	-0.03735511	1.01475041
0.83870968	0.32258065	-0.02165795	-0.03725244	1.01508607
0.87096774	0.32258065	-0.01527773	-0.03504477	1.01518017
0.90322581	0.32258065	-0.00942091	-0.03036238	1.01503962
0.93548387	0.32258065	-0.00457519	-0.02295328	1.01468302
0.96774194	0.32258065	-0.00126212	-0.01276264	1.01413671
1.00000000	0.32258065	0.00000000	0.00000000	1.01381973
0.00000000	0.35483871	0.00000000	0.00000000	0.99618168
0.03225806	0.35483871	-0.00130890	0.01439774	0.99587671
0.06451613	0.35483871	-0.00457785	0.02523220	0.99536650
0.09677419	0.35483871	-0.00919646	0.03269334	0.99505012
0.12903226	0.35483871	-0.01464145	0.03720247	0.99491512
0.16129032	0.35483871	-0.02049432	0.03929317	0.99494820
0.19354839	0.35483871	-0.02644007	0.03950623	0.99513786
0.22580645	0.35483871	-0.03225332	0.03831696	0.99547525
0.25806452	0.35483871	-0.03777839	0.03610041	0.99595403
0.29032258	0.35483871	-0.04290916	0.03312792	0.99656960
0.32258065	0.35483871	-0.04757191	0.02958267	0.99731824
0.35483871	0.35483871	-0.05171242	0.02558239	0.99819607
0.38709677	0.35483871	-0.05528690	0.02120104	0.99919831
0.41935484	0.35483871	-0.05825580	0.01648602	1.00031847
0.45161290	0.35483871	-0.06057975	0.01147057	1.00154763
0.48387097	0.35483871	-0.06221673	0.00618258	1.00287382
0.51612903	0.35483871	-0.06312041	0.00065167	1.00428127
0.54838710	0.35483871	-0.06323970	-0.00508436	1.00574971
0.58064516	0.35483871	-0.06251985	-0.01097221	1.00725377
0.61290323	0.35483871	-0.06090571	-0.01693444	1.00876245
0.64516129	0.35483871	-0.05834791	-0.02285896	1.01023907
0.67741935	0.35483871	-0.05481268	-0.02858674	1.01164178
0.70967742	0.35483871	-0.05029574	-0.03389868	1.01292508
0.74193548	0.35483871	-0.04484006	-0.03850381	1.01404239
0.77419355	0.35483871	-0.03855594	-0.04203279	1.01494992
0.80645161	0.35483871	-0.03164053	-0.04404221	1.01561128
0.83870968	0.35483871	-0.02439234	-0.04403621	1.01600225
0.87096774	0.35483871	-0.01721545	-0.04151047	1.01611433
0.90322581	0.35483871	-0.01060934	-0.03601977	1.01595599
0.93548387	0.35483871	-0.00514267	-0.02726371	1.01555082
0.96774194	0.35483871	-0.00141328	-0.01517645	1.01493239
1.00000000	0.35483871	0.00000000	0.00000000	1.01457447
0.00000000	0.38709677	0.00000000	0.00000000	0.99497694
0.03225806	0.38709677	-0.00143859	0.01679000	0.99464170
0.06451613	0.38709677	-0.00502727	0.02935185	0.99408100
0.09677419	0.38709677	-0.01008790	0.03794519	0.99373350
0.12903226	0.38709677	-0.01603955	0.04309253	0.99358476
0.16129032	0.38709677	-0.02242011	0.04543790	0.99361908
0.19354839	0.38709677	-0.02888535	0.04562458	0.99382280
0.22580645	0.38709677	-0.03519290	0.04421239	0.99418548
0.25806452	0.38709677	-0.04117935	0.04163950	0.99469990
0.29032258	0.38709677	-0.04673700	0.03822047	0.99536127
0.32258065	0.38709677	-0.05179427	0.03416567	0.99616618
0.35483871	0.38709677	-0.05630080	0.02960826	0.99711149
0.38709677	0.38709677	-0.06021705	0.02462942	0.99819339
0.41935484	0.38709677	-0.06350695	0.01927816	0.99940656
0.45161290	0.38709677	-0.06613278	0.01358540	1.00074327
0.48387097	0.38709677	-0.06805141	0.00757411	1.00219264
0.51612903	0.38709677	-0.06921164	0.00126748	1.00373970
0.54838710	0.38709677	-0.06955275	-0.00530306	1.00536440
0.58064516	0.38709677	-0.06900497	-0.01208852	1.00704065
0.61290323	0.38709677	-0.06749237	-0.01901087	1.00873536
0.64516129	0.38709677	-0.06493977	-0.02594868	1.01040800
0.67741935	0.38709677	-0.06128449	-0.03272040	1.01201071
0.70967742	0.38709677	-0.05649408	-0.03906638	1.01348971
0.74193548	0.38709677	-0.05058993	-0.04463339	1.01478829
0.77419355	0.38709677	-0.04367496	-0.04896691	1.01585160
0.80645161	0.38709677	-0.03596106	-0.05151870	1.01663278
0.83870968	0.38709677	-0.02778971	-0.05167751	1.01709963
0.87096774	0.38709677	-0.01963766	-0.04882776	1.01723987
0.90322581	0.38709677	-0.01210110	-0.04243514	1.01706323
0.93548387	0.38709677	-0.00585650	-0.03214933	1.01659935
0.96774194	0.38709677	-0.00160342	-0.01790531	1.01589117
1.00000000	0.38709677	0.00000000	0.00000000	1.01548192
0.00000000	0.41935484	0.00000000	0.00000000	0.99354325
0.03225806	0.41935484	-0.00159195	0.01942500	0.99317253
0.06451613	0.41935484	-0.00555573	0.03388150	0.99255306
0.09677419	0.41935484	-0.01113031	0.04370561	0.99217005
0.12903226	0.41935484	-0.01766506	0.04953466	0.99200636
0.16129032	0.41935484	-0.02464618	0.05213896	0.99204304
0.19354839	0.41935484	-0.03169575	0.05227901	0.99226347
0.22580645	0.41935484	-0.03855287	0.05061095	0.99265509
0.25806452	0.41935484	-0.04504682	0.04764451	0.99320949
0.29032258	0.41935484	-0.05107006	0.04374283	0.99392153
0.32258065	0.41935484	-0.05655551	0.03914646	0.99478818
0.35483871	0.41935484	-0.06145955	0.03400517	0.99580716
0.38709677	0.41935484	-0.06574982	0.02840718	0.99697594
0.41935484	0.41935484	-0.06939668	0.02240175	0.99829071
0.45161290	0.41935484	-0.07236685	0.01601503	0.99974545
0.48387097	0.41935484	-0.07461845	0.00926144	1.00133100
0.51612903	0.41935484	-0.07609690	0.00215301	1.00303395
0.54838710	0.41935484	-0.07673220	-0.00529103	1.00483531
0.58064516	0.41935484	-0.07643789	-0.01303259	1.00670912
0.61290323	0.41935484	-0.07511314	-0.02099963	1.00862093
0.64516129	0.41935484	-0.07264953	-0.02906684	1.01052659
0.67741935	0.41935484	-0.06894460	-0.03703243	1.01237181
0.70967742	0.41935484	-0.06392378	-0.04459323	1.01409314
0.74193548	0.41935484	-0.05757151	-0.05132292	1.01562114
0.77419355	0.41935484	-0.04996953	-0.05666165	1.01688619
0.80645161	0.41935484	-0.04133674	-0.05992745	1.01782667
0.83870968	0.41935484	-0.03206073	-0.06035960	1.01839827
0.87096774	0.41935484	-0.02270820	-0.05719907	1.01858192
0.90322581	0.41935484	-0.01400315	-0.04980092	1.01838757
0.93548387	0.41935484	-0.00676933	-0.03776138	1.01785195
0.96774194	0.41935484	-0.00184642	-0.02103295	1.01703021
1.00000000	0.41935484	0.00000000	0.00000000	1.01655550
0.00000000	0.45161290	0.00000000	0.00000000	0.99185510
0.03225806	0.45161290	-0.00177381	0.02234572	0.99144261
0.06451613	0.45161290	-0.00617898	0.03889019	0.99075435
0.09677419	0.45161290	-0.01235241	0.05005451	0.99033062
0.12903226	0.45161290	-0.01955845	0.05660839	0.99015059
0.16129032	0.45161290	-0.02722145	0.05946857	0.99019089
0.19354839	0.45161290	-0.03492460	0.05953126	0.99043090
0.22580645	0.45161290	-0.04238700	0.05756345	0.99085516
0.25806452	0.45161290	-0.04943173	0.05415668	0.99145361
0.29032258	0.45161290	-0.05595393	0.04972916	0.99222059
0.32258065	0.45161290	-0.06189449	0.04455516	0.99315340
0.35483871	0.45161290	-0.06722024	0.03880256	0.99425080
0.38709677	0.45161290	-0.07191006	0.03256654	0.99551177
0.41935484	0.45161290	-0.07594480	0.02589520	0.99693444
0.45161290	0.45161290	-0.07929964	0.01880717	0.99851505
0.48387097	0.45161290	-0.08193759	0.01130416	1.00024695
0.51612903	0.45161290	-0.08380382	0.00338124	1.00211927
0.54838710	0.45161290	-0.08482077	-0.00496206	1.00411535
0.58064516	0.45161290	-0.08488506	-0.01370758	1.00621071
0.61290323	0.45161290	-0.08386747	-0.02279922	1.00837086
0.64516129	0.45161290	-0.08161855	-0.03211722	1.01054908
0.67741935	0.45161290	-0.07798285	-0.04144615	1.01268488
0.70967742	0.45161290	-0.07282496	-0.05043945	1.01470408
0.74193548	0.45161290	-0.06606944	-0.05858763	1.01652170
0.77419355	0.45161290	-0.05775352	-0.06520167	1.01804870
0.80645161	0.45161290	-0.04808579	-0.06942750	1.01920259
0.83870968	0.45161290	-0.03749681	-0.07030604	1.01992055
0.87096774	0.45161290	-0.02666151	-0.06688532	1.02017152
0.90322581	0.45161290	-0.01647322	-0.05837401	1.01996306
0.93548387	0.45161290	-0.00796095	-0.04430606	1.01933963
0.96774194	0.45161290	-0.00216403	-0.02467462	1.01837210
1.00000000	0.45161290	0.00000000	0.00000000	1.01781238
0.00000000	0.48387097	0.00000000	0.00000000	0.98988153
0.03225806	0.48387097	-0.00199067	0.02560397	0.98941957
0.06451613	0.48387097	-0.00691772	0.04446009	0.98865046
0.09677419	0.48387097	-0.01379098	0.05708507	0.98818003
0.12903226	0.48387097	-0.02177004	0.06440370	0.98798245
0.16129032	0.48387097	-0.03020486	0.06750509	0.98802828
0.19354839	0.48387097	-0.03863376	0.06744455	0.98829145
0.22580645	0.48387097	-0.04675484	0.06511808	0.98875255
0.25806452	0.48387097	-0.05438699	0.06121143	0.98939924
0.29032258	0.48387097	-0.06143184	0.05620558	0.99022502
0.32258065	0.48387097	-0.06784276	0.05041276	0.99122749
0.35483871	0.48387097	-0.07360208	0.04402073	0.99240650
0.38709677	0.48387097	-0.07870503	0.03713174	0.99376279
0.41935484	0.48387097	-0.08314828	0.02979133	0.99529676
0.45161290	0.48387097	-0.08692085	0.02200782	0.99700753
0.48387097	0.48387097	-0.08999606	0.01376561	0.99889179
0.51612903	0.48387097	-0.09232381	0.00503618	1.00094244
0.54838710	0.48387097	-0.09382313	-0.00420979	1.00314673
0.58064516	0.48387097	-0.09437583	-0.01398589	1.00548371
0.61290323	0.48387097	-0.09382288	-0.02426614	1.00792109
0.64516129	0.48387097	-0.09196689	-0.03495145	1.01041172
0.67741935	0.48387097	-0.08858490	-0.04582602	1.01289037
0.70967742	0.48387097	-0.08345706	-0.05650664	1.01527206
0.74193548	0.48387097	-0.07641583	-0.06639436	1.01745382
0.77419355	0.48387097	-0.06741689	-0.07464530	1.01932168
0.80645161	0.48387097	-0.05662528	-0.08018415	1.02076398
0.83870968	0.48387097	-0.04449811	-0.08178387	1.02168961
0.87096774	0.48387097	-0.03183284	-0.07822265	1.02204663
0.90322581	0.48387097	-0.01974501	-0.06850148	1.02183457
0.93548387	0.48387097	-0.00955353	-0.05207056	1.02110477
0.96774194	0.48387097	-0.00259086	-0.02899389	1.01994780
1.00000000	0.48387097	0.00000000	0.00000000	1.01927571
0.00000000	0.51612903	0.00000000	0.00000000	0.98758474
0.03225806	0.51612903	-0.00225175	0.02926343	0.98706379
0.06451613	0.51612903	-0.00780041	0.05069049	0.98619918
0.09677419	0.51612903	-0.01549518	0.06490682	0.98567551
0.12903226	0.51612903	-0.02436510	0.07302226	0.98546000
0.16129032	0.51612903	-0.03367031	0.07633229	0.98551478
0.19354839	0.51612903	-0.04289777	0.07608123	0.98580628
0.22580645	0.51612903	-0.05172448	0.07331667	0.98630968
0.25806452	0.51612903	-0.05996873	0.06883367	0.98700953
0.29032258	0.51612903	-0.06754401	0.06318493	0.98789811
0.32258065	0.51612903	-0.07442223	0.05672540	0.98897313
0.35483871	0.51612903	-0.08060742	0.04966482	0.99023557
0.38709677	0.51612903	-0.08611758	0.04211274	0.99168801
0.41935484	0.51612903	-0.09097172	0.03411101	0.99333340
0.45161290	0.51612903	-0.09517956	0.02565495	0.99517417
0.48387097	0.51612903	-0.09873198	0.01670711	0.99721118
0.51612903	0.51612903	-0.10159108	0.00720831	0.99944241
0.54838710	0.51612903	-0.10367970	-0.00291004	1.00186096
0.58064516	0.51612903	-0.10487064	-0.01370784	1.00445204
0.61290323	0.51612903	-0.10497762	-0.02520816	1.00718894
0.64516129	0.51612903	-0.10375166	-0.03735520	1.01002785
0.67741935	0.51612903	-0.10088886	-0.04995596	1.01290227
0.70967742	0.51612903	-0.09605806	-0.06260852	1.01571844
0.74193548	0.51612903	-0.08895756	-0.07462780	1.01835436
0.77419355	0.51612903	-0.07940683	-0.08499221	1.02066558
0.80645161	0.51612903	-0.06746999	-0.09234627	1.02250061
0.83870968	0.51612903	-0.05358955	-0.09509847	1.02372552
0.87096774	0.51612903	-0.03868539	-0.09163842	1.02425245
0.90322581	0.51612903	-0.02415600	-0.08065332	1.02406166
0.93548387	0.51612903	-0.01173039	-0.06146019	1.02320715
0.96774194	0.51612903	-0.00318093	-0.03422814	1.02180243
1.00000000	0.51612903	0.00000000	0.00000000	1.02097971
0.00000000	0.54838710	0.00000000	0.00000000	0.98491790
0.03225806	0.54838710	-0.00257034	0.03340436	0.98432596
0.06451613	0.54838710	-0.00886685	0.05770351	0.98334801
0.09677419	0.54838710	-0.01753165	0.07364976	0.98276447
0.12903226	0.54838710	-0.02742919	0.08257882	0.98253265
0.16129032	0.54838710	-0.03771083	0.08603775	0.98260272
0.19354839	0.54838710	-0.04780585	0.08549872	0.98293069
0.22580645	0.54838710	-0.05737189	0.08218903	0.98348440
0.25806452	0.54838710	-0.06623261	0.07703095	0.98424418
0.29032258	0.54838710	-0.07432088	0.07065907	0.98520059
0.32258065	0.54838710	-0.08163501	0.06347617	0.98635125
0.35483871	0.54838710	-0.08820836	0.05571608	0.98769813
0.38709677	0.54838710	-0.09408915	0.04749603	0.98924558
0.41935484	0.54838710	-0.09932637	0.03885331	0.99099913
0.45161290	0.54838710	-0.10395857	0.02976808	0.99296471
0.48387097	0.54838710	-0.10800310	0.02017713	0.99514794
0.51612903	0.54838710	-0.11144431	0.00998391	0.99755303
0.54838710	0.54838710	-0.11421969	-0.00093023	1.00018091
0.58064516	0.54838710	-0.11620391	-0.01268797	1.00302614
0.61290323	0.54838710	-0.11719223	-0.02538511	1.00607209
0.64516129	0.54838710	-0.11688711	-0.03904021	1.00928405
0.67741935	0.54838710	-0.11489570	-0.05351961	1.01260075
0.70967742	0.54838710	-0.11074994	-0.06843793	1.01592532
0.74193548	0.54838710	-0.10396491	-0.08304558	1.01911921
0.77419355	0.54838710	-0.09415016	-0.09613286	1.02200378
0.80645161	0.54838710	-0.08117920	-0.10600142	1.02437542
0.83870968	0.54838710	-0.06539831	-0.11056846	1.02603684
0.87096774	0.54838710	-0.04781561	-0.10765619	1.02683965
0.90322581	0.54838710	-0.03016790	-0.09545647	1.02672344
0.93548387	0.54838710	-0.01475499	-0.07304562	1.02573315
0.96774194	0.54838710	-0.00401554	-0.04072427	1.02400577
1.00000000	0.54838710	0.00000000	0.00000000	1.02297979
0.00000000	0.58064516	0.00000000	0.00000000	0.98182162
0.03225806	0.58064516	-0.00296587	0.03813027	0.98114335
0.06451613	0.58064516	-0.01017306	0.06565179	0.98003042
0.09677419	0.58064516	-0.01999069	0.08346916	0.97938137
0.12903226	0.58064516	-0.03107313	0.09320143	0.97913890
0.16129032	0.58064516	-0.04244044	0.09670894	0.97923589
0.19354839	0.58064516	-0.05345922	0.09574228	0.97961369
0.22580645	0.58064516	-0.06377299	0.09174342	0.98023021
0.25806452	0.58064516	-0.07322044	0.08578266	0.98106028
0.29032258	0.58064516	-0.08176440	0.07858733	0.98209215
0.32258065	0.58064516	-0.08943951	0.07061288	0.98332311
0.35483871	0.58064516	-0.09631755	0.06211896	0.98475586
0.38709677	0.58064516	-0.10248532	0.05323075	0.98639622
0.41935484	0.58064516	-0.10803002	0.04398043	0.98825195
0.45161290	0.58064516	-0.11302776	0.03433167	0.99033225
0.48387097	0.58064516	-0.11753241	0.02419286	0.99264754
0.51612903	0.58064516	-0.12156254	0.01342491	0.99520887
0.54838710	0.58064516	-0.12508467	0.00184956	0.99802672
0.58064516	0.58064516	-0.12799189	-0.01073530	1.00110815
0.61290323	0.58064516	-0.13007808	-0.02452496	1.00445190
0.64516129	0.58064516	-0.13101107	-0.03965172	1.00804025
0.67741935	0.58064516	-0.13031297	-0.05609313	1.01182739
0.70967742	0.58064516	-0.12736292	-0.07353930	1.01572473
0.74193548	0.58064516	-0.12144560	-0.09122758	1.01958641
0.77419355	0.58064516	-0.11187330	-0.10777792	1.02320156
0.80645161	0.58064516	-0.09820359	-0.12109810	1.02630346
0.83870968	0.58064516	-0.08054714	-0.12846205	1.02860473
0.87096774	0.58064516	-0.05990118	-0.12686882	1.02985792
0.90322581	0.58064516	-0.03835868	-0.11371393	1.02992289
0.93548387	0.58064516	-0.01898176	-0.08761255	1.02880907
0.96774194	0.58064516	-0.00521051	-0.04898312	1.02666991
1.00000000	0.58064516	0.00000000	0.00000000	1.02537116
0.00000000	0.61290323	0.00000000	0.00000000	0.97821809
0.03225806	0.61290323	-0.00346697	0.04357742	0.97743382
0.06451613	0.61290323	-0.01179788	0.07472832	0.97616000
0.09677419	0.61290323	-0.02299310	0.09454982	0.97544318
0.12903226	0.61290323	-0.03543606	0.10502856	0.97520347
0.16129032	0.61290323	-0.04799011	0.10842384	0.97534817
0.19354839	0.61290323	-0.05995821	0.10683126	0.97579792
0.22580645	0.61290323	-0.07098123	0.10195024	0.97649728
0.25806452	0.61290323	-0.08092826	0.09502235	0.97741420
0.29032258	0.61290323	-0.08980690	0.08687814	0.97853419
0.32258065	0.61290323	-0.09770080	0.07802932	0.97985394
0.35483871	0.61290323	-0.10473060	0.06876188	0.98137657
0.38709677	0.61290323	-0.11103060	0.05920850	0.98310879
0.41935484	0.61290323	-0.11673428	0.04939575	0.98505980
0.45161290	0.61290323	-0.12196359	0.03927047	0.98724120
0.48387097	0.61290323	-0.12681859	0.02871192	0.98966741
0.51612903	0.61290323	-0.13136437	0.01753617	0.99235605
0.54838710	0.61290323	-0.13561291	0.00549912	0.99532773
0.58064516	0.61290323	-0.13949707	-0.00769456	0.99860443
0.61290323	0.61290323	-0.14283549	-0.02236592	1.00220545
0.64516129	0.61290323	-0.14528960	-0.03880531	1.00613923
0.67741935	0.61290323	-0.14632008	-0.05716776	1.01038958
0.70967742	0.61290323	-0.14515995	-0.07730529	1.01489492
0.74193548	0.61290323	-0.14083536	-0.09853520	1.01952221
0.77419355	0.61290323	-0.13227813	-0.11937486	1.02404249
0.80645161	0.61290323	-0.11857867	-0.13732758	1.02812315
0.83870968	0.61290323	-0.09940483	-0.14887087	1.03135712
0.87096774	0.61290323	-0.07553992	-0.14984464	1.03334153
0.90322581	0.61290323	-0.04935268	-0.13637588	1.03378895
0.93548387	0.61290323	-0.02484501	-0.10619377	1.03261909
0.96774194	0.61290323	-0.00692058	-0.05970601	1.02997759
1.00000000	0.61290323	0.00000000	0.00000000	1.02832039
0.00000000	0.64516129	0.00000000	0.00000000	0.97400155
0.03225806	0.64516129	-0.00411623	0.04992814	0.97308603
0.06451613	0.64516129	-0.01385185	0.08517791	0.97162168
0.09677419	0.64516129	-0.02669667	0.10710733	0.97084301
0.12903226	0.64516129	-0.04068249	0.11819843	0.97063389
0.16129032	0.64516129	-0.05449047	0.12123107	0.97086278
0.19354839	0.64516129	-0.06736832	0.11873339	0.97142084
0.22580645	0.64516129	-0.07897670	0.11271347	0.97223523
0.25806452	0.64516129	-0.08923935	0.10460833	0.97326573
0.29032258	0.64516129	-0.09822942	0.09535986	0.97449502
0.32258065	0.64516129	-0.10609575	0.08553657	0.97591929
0.35483871	0.64516129	-0.11301988	0.07544876	0.97754174
0.38709677	0.64516129	-0.11919246	0.06523442	0.97936915
0.41935484	0.64516129	-0.12480015	0.05491342	0.98141090
0.45161290	0.64516129	-0.13001694	0.04441598	0.98367939
0.48387097	0.64516129	-0.13499603	0.03359364	0.98619128
0.51612903	0.64516129	-0.13985889	0.02221923	0.98896908
0.54838710	0.64516129	-0.14467790	0.00998226	0.99204246
0.58064516	0.64516129	-0.14944855	-0.00351272	0.99544875
0.61290323	0.64516129	-0.15404711	-0.01873242	0.99923125
0.64516129	0.64516129	-0.15817188	-0.03616712	1.00343327
0.67741935	0.64516129	-0.16127175	-0.05622277	1.00808469
0.70967742	0.64516129	-0.16247796	-0.07902402	1.01317709
0.74193548	0.64516129	-0.16057463	-0.10410939	1.01862479
0.77419355	0.64516129	-0.15406824	-0.13003460	1.02421558
0.80645161	0.64516129	-0.14143822	-0.15397140	1.02956879
0.83870968	0.64516129	-0.12164766	-0.17150079	1.03413629
0.87096774	0.64516129	-0.09492568	-0.17692096	1.03728656
0.90322581	0.64516129	-0.06364713	-0.16440882	1.03847538
0.93548387	0.64516129	-0.03280827	-0.13004464	1.03742922
0.96774194	0.64516129	-0.00933849	-0.07382812	1.03422594
1.00000000	0.64516129	0.00000000	0.00000000	1.03211676
0.00000000	0.67741935	0.00000000	0.00000000	0.96902202
0.03225806	0.67741935	-0.00497811	0.05742926	0.96794335
0.06451613	0.67741935	-0.01648944	0.09730875	0.96625788
0.09677419	0.67741935	-0.03129993	0.12138045	0.96544152
0.12903226	0.67741935	-0.04698540	0.13282234	0.96531735
0.16129032	0.67741935	-0.06202734	0.13510966	0.96569346
0.19354839	0.67741935	-0.07564609	0.13131749	0.96641924
0.22580645	0.67741935	-0.08756334	0.12382126	0.96739983
0.25806452	0.67741935	-0.09779554	0.11427507	0.96858641
0.29032258	0.67741935	-0.10651091	0.10373455	0.96995973
0.32258065	0.67741935	-0.11394422	0.09281977	0.97151610
0.35483871	0.67741935	-0.12035157	0.08185858	0.97325868
0.38709677	0.67741935	-0.12598824	0.07098877	0.97519349
0.41935484	0.67741935	-0.13109836	0.06022023	0.97732854
0.45161290	0.67741935	-0.13590991	0.04946635	0.97967485
0.48387097	0.67741935	-0.14063063	0.03855387	0.98224862
0.51612903	0.67741935	-0.14544153	0.02721804	0.98507409
0.54838710	0.67741935	-0.15048377	0.01508878	0.98818680
0.58064516	0.67741935	-0.15583337	0.00167465	0.99163695
0.61290323	0.67741935	-0.16145723	-0.01364258	0.99549170
0.64516129	0.67741935	-0.16714386	-0.03158067	0.99983444
0.67741935	0.67741935	-0.17240654	-0.05286168	1.00475616
0.70967742	0.67741935	-0.17636816	-0.07800240	1.01033173
0.74193548	0.67741935	-0.17766046	-0.10694491	1.01657147
0.77419355	0.67741935	-0.17440677	-0.13851126	1.02334243
0.80645161	0.67741935	-0.16440294	-0.16974815	1.03027162
0.83870968	0.67741935	-0.14564618	-0.19538340	1.03667965
0.87096774	0.67741935	-0.11733729	-0.20784515	1.04163055
0.90322581	0.67741935	-0.08129808	-0.19849328	1.04416193
0.93548387	0.67741935	-0.04325519	-0.16050241	1.04362308
0.96774194	0.67741935	-0.01268932	-0.09251427	1.03989452
1.00000000	0.67741935	0.00000000	0.00000000	1.03725390
0.00000000	0.70967742	0.00000000	0.00000000	0.96305710
0.03225806	0.70967742	-0.00615312	0.06641758	0.96177660
0.06451613	0.70967742	-0.01992682	0.11149973	0.95984720
0.09677419	0.70967742	-0.03703781	0.13760328	0.95905617
0.12903226	0.70967742	-0.05447990	0.14892583	0.95912003
0.16129032	0.70967742	-0.07054462	0.14989176	0.95975134
0.19354839	0.70967742	-0.08449145	0.14426938	0.96074084
0.22580645	0.70967742	-0.09617624	0.13486291	0.96196774
0.25806452	0.70967742	-0.10576731	0.12355590	0.96337638
0.29032258	0.70967742	-0.11356945	0.11150853	0.96494821
0.32258065	0.70967742	-0.11992988	0.09937723	0.96668144
0.35483871	0.70967742	-0.12519419	0.08749277	0.96857979
0.38709677	0.70967742	-0.12968850	0.07598121	0.97064794
0.41935484	0.70967742	-0.13371421	0.06483509	0.97289110
0.45161290	0.70967742	-0.13754845	0.05394824	0.97531669
0.48387097	0.70967742	-0.14144602	0.04312526	0.97793737
0.51612903	0.70967742	-0.14563975	0.03207238	0.98077506
0.54838710	0.70967742	-0.15033517	0.02037410	0.98386621
0.58064516	0.70967742	-0.15569348	0.00746074	0.98726832
0.61290323	0.70967742	-0.16179432	-0.00742192	0.99106773
0.64516129	0.70967742	-0.16856732	-0.02521781	0.99538676
0.67741935	0.70967742	-0.17568216	-0.04699847	1.00038575
0.70967742	0.70967742	-0.18239397	-0.07377009	1.00624920
0.74193548	0.70967742	-0.18736272	-0.10607077	1.01313832
0.77419355	0.70967742	-0.18850776	-0.14329211	1.02108801
0.80645161	0.70967742	-0.18302783	-0.18273198	1.02984050
0.83870968	0.70967742	-0.16780631	-0.21856644	1.03866053
0.87096774	0.70967742	-0.14049017	-0.24126905	1.04626874
0.90322581	0.70967742	-0.10145143	-0.23849091	1.05108064
0.93548387	0.70967742	-0.05630063	-0.19865338	1.05176714
0.96774194	0.70967742	-0.01722246	-0.11708329	1.04775665
1.00000000	0.70967742	0.00000000	0.00000000	1.04456309
0.00000000	0.74193548	0.00000000	0.00000000	0.95576074
0.03225806	0.74193548	-0.00780605	0.07735606	0.95423629
0.06451613	0.74193548	-0.02446863	0.12819343	0.95207133
0.09677419	0.74193548	-0.04415682	0.15593353	0.95145038
0.12903226	0.74193548	-0.06315565	0.16632915	0.95189492
0.16129032	0.74193548	-0.07964741	0.16512121	0.95296461
0.19354839	0.74193548	-0.09307096	0.15694909	0.95437079
0.22580645	0.74193548	-0.10354150	0.14509711	0.95596661
0.25806452	0.74193548	-0.11146861	0.13166828	0.95769582
0.29032258	0.74193548	-0.11734976	0.11789711	0.95954660
0.32258065	0.74193548	-0.12167569	0.10444451	0.96152296
0.35483871	0.74193548	-0.12489474	0.09161720	0.96363106
0.38709677	0.74193548	-0.12740452	0.07950878	0.96587477
0.41935484	0.74193548	-0.12955539	0.06808018	0.96825599
0.45161290	0.74193548	-0.13165886	0.05719816	0.97077715
0.48387097	0.74193548	-0.13399748	0.04664517	0.97344501
0.51612903	0.74193548	-0.13683402	0.03610719	0.97627559
0.54838710	0.74193548	-0.14041685	0.02514251	0.97930105
0.58064516	0.74193548	-0.14497633	0.01313380	0.98257929
0.61290323	0.74193548	-0.15070386	-0.00076873	0.98620743
0.64516129	0.74193548	-0.15769995	-0.01769282	0.99033898
0.67741935	0.74193548	-0.16587367	-0.03903503	0.99520111
0.70967742	0.74193548	-0.17477449	-0.06632183	1.00110083
0.74193548	0.74193548	-0.18334899	-0.10083110	1.00839495
0.77419355	0.74193548	-0.18965067	-0.14284615	1.01738261
0.80645161	0.74193548	-0.19061113	-0.19044960	1.02807601
0.83870968	0.74193548	-0.18212487	-0.23792105	1.03985590
0.87096774	0.74193548	-0.15990692	-0.27420002	1.05116685
0.90322581	0.74193548	-0.12174787	-0.28268281	1.05961230
0.93548387	0.74193548	-0.07148861	-0.24473136	1.06274256
0.96774194	0.74193548	-0.02319934	-0.14881489	1.05907234
1.00000000	0.74193548	0.00000000	0.00000000	1.05543887
0.00000000	0.77419355	0.00000000	0.00000000	0.94656380
0.03225806	0.77419355	-0.01022494	0.09088620	0.94476525
0.06451613	0.77419355	-0.03054578	0.14785049	0.94246557
0.09677419	0.77419355	-0.05283341	0.17629028	0.94233068
0.12903226	0.77419355	-0.07261577	0.18441642	0.94351155
0.16129032	0.77419355	-0.08821263	0.17980707	0.94532552
0.19354839	0.77419355	-0.09951601	0.16816347	0.94738609
0.22580645	0.77419355	-0.10710392	0.15326056	0.94953113
0.25806452	0.77419355	-0.11175224	0.13736414	0.95171935
0.29032258	0.77419355	-0.11421697	0.12171561	0.95395764
0.32258065	0.77419355	-0.11515879	0.10692221	0.95626349
0.35483871	0.77419355	-0.11513026	0.09322160	0.95865011
0.38709677	0.77419355	-0.11458662	0.08064186	0.96112332
0.41935484	0.77419355	-0.11390391	0.06908943	0.96368330
0.45161290	0.77419355	-0.11339886	0.05839033	0.96632827
0.48387097	0.77419355	-0.11334858	0.04830042	0.96905895
0.51612903	0.77419355	-0.11400940	0.03849175	0.97188422
0.54838710	0.77419355	-0.11563386	0.02851641	0.97482909
0.58064516	0.77419355	-0.11848324	0.01774776	0.97794679
0.61290323	0.77419355	-0.12282965	0.00530170	0.98133744
0.64516129	0.77419355	-0.12893549	-0.01004798	0.98517507
0.67741935	0.77419355	-0.13698948	-0.02992392	0.98974222
0.70967742	0.77419355	-0.14696689	-0.05629476	0.99546285
0.74193548	0.77419355	-0.15837486	-0.09119459	1.00290637
0.77419355	0.77419355	-0.16985422	-0.13602997	1.01270654
0.80645161	0.77419355	-0.17866911	-0.19025777	1.02530881
0.83870968	0.77419355	-0.18028154	-0.24927064	1.04047357
0.87096774	0.77419355	-0.16855664	-0.30164604	1.05662110
0.90322581	0.77419355	-0.13769094	-0.32690920	1.07049978
0.93548387	0.77419355	-0.08732356	-0.29720190	1.07799246
0.96774194	0.77419355	-0.03084957	-0.18857189	1.07592565
1.00000000	0.77419355	0.00000000	0.00000000	1.07222784
0.00000000	0.80645161	0.00000000	0.00000000	0.93446413
0.03225806	0.80645161	-0.01394315	0.10790184	0.93242986
0.06451613	0.80645161	-0.03873702	0.17080189	0.93035084
0.09677419	0.80645161	-0.06291560	0.19800351	0.93137481
0.12903226	0.80645161	-0.08151920	0.20170836	0.93393531
0.16129032	0.80645161	-0.09360920	0.19202145	0.93698829
0.19354839	0.80645161	-0.10002350	0.17584038	0.94005541
0.22580645	0.80645161	-0.10209884	0.15733333	0.94299667
0.25806452	0.80645161	-0.10111930	0.13878133	0.94581867
0.29032258	0.80645161	-0.09814527	0.12130366	0.94856973
0.32258065	0.80645161	-0.09399986	0.10535780	0.95129550
0.35483871	0.80645161	-0.08930547	0.09104502	0.95402603
0.38709677	0.80645161	-0.08452890	0.07828242	0.95677588
0.41935484	0.80645161	-0.08002245	0.06689243	0.95954865
0.45161290	0.80645161	-0.07605893	0.05664284	0.96234238
0.48387097	0.80645161	-0.07286208	0.04725571	0.96515508
0.51612903	0.80645161	-0.07063417	0.03839246	0.96799115
0.54838710	0.80645161	-0.06958274	0.02961636	0.97087032
0.58064516	0.80645161	-0.06994745	0.02032960	0.97384172
0.61290323	0.80645161	-0.07202559	0.00968352	0.97700665
0.64516129	0.80645161	-0.07618985	-0.00353298	0.98055394
0.67741935	0.80645161	-0.08288081	-0.02100361	0.98481008
0.70967742	0.80645161	-0.09253925	-0.04493643	0.99029884
0.74193548	0.80645161	-0.10541627	-0.07794377	0.99778713
0.77419355	0.80645161	-0.12117178	-0.12255189	1.00825789
0.80645161	0.80645161	-0.13816948	-0.18002227	1.02269648
0.83870968	0.80645161	-0.15248191	-0.24803352	1.04152842
0.87096774	0.80645161	-0.15701541	-0.31679060	1.06361255
0.90322581	0.80645161	-0.14212046	-0.36391587	1.08515188
0.93548387	0.80645161	-0.10056566	-0.35157272	1.09989475
0.96774194	0.80645161	-0.04019638	-0.23613844	1.10177766
1.00000000	0.80645161	0.00000000	0.00000000	1.09888098
0.00000000	0.83870968	0.00000000	0.00000000	0.91753988
0.03225806	0.83870968	-0.01995719	0.12962321	0.91557659
0.06451613	0.83870968	-0.04958565	0.19682293	0.91476529
0.09677419	0.83870968	-0.07307569	0.21907246	0.91834712
0.12903226	0.83870968	-0.08621222	0.21511001	0.92340431
0.16129032	0.83870968	-0.09008589	0.19831137	0.92844885
0.19354839	0.83870968	-0.08724282	0.17665311	0.93299978
0.22580645	0.83870968	-0.08009578	0.15435635	0.93703145
0.25806452	0.83870968	-0.07049812	0.13341057	0.94066313
0.29032258	0.83870968	-0.05975550	0.11459617	0.94402656
0.32258065	0.83870968	-0.04874988	0.09808241	0.94722299
0.35483871	0.83870968	-0.03806256	0.08375064	0.95031754
0.38709677	0.83870968	-0.02806987	0.07135884	0.95334620
0.41935484	0.83870968	-0.01901274	0.06061946	0.95632527
0.45161290	0.83870968	-0.01104738	0.05122996	0.95926000
0.48387097	0.83870968	-0.00428396	0.04287566	0.96215223
0.51612903	0.83870968	0.00118075	0.03521242	0.96500839
0.54838710	0.83870968	0.00523199	0.02782970	0.96784991
0.58064516	0.83870968	0.00770208	0.02019062	0.97072942
0.61290323	0.83870968	0.00832839	0.01154411	0.97375709
0.64516129	0.83870968	0.00670336	0.00080724	0.97714241
0.67741935	0.83870968	0.00222395	-0.01357451	0.98125584
0.70967742	0.83870968	-0.00593428	-0.03375929	0.98670924
0.74193548	0.83870968	-0.01875884	-0.06256205	0.99443855
0.77419355	0.83870968	-0.03713855	-0.10327675	1.00573879
0.80645161	0.83870968	-0.06119516	-0.15894763	1.02214117
0.83870968	0.83870968	-0.08894480	-0.23042469	1.04492759
0.87096774	0.83870968	-0.11422163	-0.31200747	1.07397596
0.90322581	0.83870968	-0.12487881	-0.38335894	1.10580573
0.93548387	0.83870968	-0.10517320	-0.39912597	1.13210623
0.96774194	0.83870968	-0.05048593	-0.28913754	1.14224477
1.00000000	0.83870968	0.00000000	0.00000000	1.14197518
0.00000000	0.87096774	0.00000000	0.00000000	0.89172531
0.03225806	0.87096774	-0.02988676	0.15748749	0.89110795
0.06451613	0.87096774	-0.06227237	0.22392039	0.89449239
0.09677419	0.87096774	-0.07799425	0.23463006	0.90342027
0.12903226	0.87096774	-0.07725941	0.21871856	0.91277406
0.16129032	0.87096774	-0.06541243	0.19305204	0.92083610
0.19354839	0.87096774	-0.04745138	0.16585027	0.92740857
0.22580645	0.87096774	-0.02685260	0.14058863	0.93277489
0.25806452	0.87096774	-0.00576032	0.11844103	0.93728923
0.29032258	0.87096774	0.01459443	0.09955542	0.94124241
0.32258065	0.87096774	0.03355217	0.08366486	0.94483739
0.35483871	0.87096774	0.05079621	0.07036501	0.94820240
0.38709677	0.87096774	0.06620935	0.05923261	0.95141206
0.41935484	0.87096774	0.07978505	0.04986994	0.95450643
0.45161290	0.87096774	0.09157118	0.04191406	0.95750588
0.48387097	0.87096774	0.10163198	0.03502758	0.96042294
0.51612903	0.87096774	0.11001859	0.02887652	0.96327337
0.54838710	0.87096774	0.11674059	0.02309504	0.96608929
0.58064516	0.87096774	0.12173192	0.01723320	0.96893850
0.61290323	0.87096774	0.12480379	0.01068225	0.97195462
0.64516129	0.87096774	0.12557800	0.00257147	0.97538428
0.67741935	0.87096774	0.12339744	-0.00836596	0.97965691
0.70967742	0.87096774	0.11722105	-0.02395364	0.98547899
0.74193548	0.87096774	0.10553727	-0.04673950	0.99394233
0.77419355	0.87096774	0.08638794	-0.08011555	1.00661045
0.80645161	0.87096774	0.05771889	-0.12821600	1.02549946
0.83870968	0.87096774	0.01851308	-0.19500703	1.05278255
0.87096774	0.87096774	-0.02854043	-0.28085658	1.08985269
0.90322581	0.87096774	-0.07245553	-0.37296429	1.13499386
0.93548387	0.87096774	-0.09049082	-0.42596558	1.17934051
0.96774194	0.87096774	-0.05859359	-0.34131163	1.20591131
1.00000000	0.87096774	0.00000000	0.00000000	1.21221269
0.00000000	0.90322581	0.00000000	0.00000000	0.84763149
0.03225806	0.90322581	-0.04438328	0.19189558	0.85296621
0.06451613	0.90322581	-0.06803588	0.24493041	0.86853129
0.09677419	0.90322581	-0.05946231	0.23405948	0.88794435
0.12903226	0.90322581	-0.03115766	0.20252819	0.90416793
0.16129032	0.90322581	0.00548927	0.16850334	0.91635071
0.19354839	0.90322581	0.04373986	0.13809328	0.92525677
0.22580645	0.90322581	0.08022111	0.11266528	0.93187707
0.25806452	0.90322581	0.11347563	0.09196353	0.93702248
0.29032258	0.90322581	0.14304095	0.07528368	0.94125787
0.32258065	0.90322581	0.16894150	0.06188063	0.94494387
0.35483871	0.90322581	0.19142179	0.05109345	0.94829733
0.38709677	0.90322581	0.21080879	0.04237000	0.95144203
0.41935484	0.90322581	0.22744129	0.03525764	0.95444549
0.45161290	0.90322581	0.24163325	0.02938302	0.95734437
0.48387097	0.90322581	0.25365335	0.02442825	0.96016284
0.51612903	0.90322581	0.26371029	0.02010382	0.96292831
0.54838710	0.90322581	0.27193633	0.01611637	0.96568850
0.58064516	0.90322581	0.27836227	0.01212742	0.96853462
0.61290323	0.90322581	0.28287625	0.00769803	0.97163595
0.64516129	0.90322581	0.28515732	0.00221360	0.97529213
0.67741935	0.90322581	0.28457444	-0.00521755	0.98000954
0.70967742	0.90322581	0.28004371	-0.01589912	0.98660530
0.74193548	0.90322581	0.26984684	-0.03172892	0.99633456
0.77419355	0.90322581	0.25144111	-0.05545835	1.01101893
0.80645161	0.90322581	0.22136949	-0.09107276	1.03312444
0.83870968	0.90322581	0.17562030	-0.14416537	1.06569113
0.87096774	0.90322581	0.11146914	-0.22103885	1.11190629
0.90322581	0.90322581	0.03311041	-0.32140853	1.17354093
0.93548387	0.90322581	-0.03730767	-0.41298790	1.24539122
0.96774194	0.90322581	-0.05474058	-0.37962834	1.30464254
1.00000000	0.90322581	0.00000000	0.00000000	1.32677208
0.00000000	0.93548387	0.00000000	0.00000000	0.76339362
0.03225806	0.93548387	-0.04736443	0.22552336	0.78939116
0.06451613	0.93548387	-0.02332838	0.23899940	0.83816658
0.09677419	0.93548387	0.03686409	0.19775183	0.87666630
0.12903226	0.93548387	0.10493375	0.15376698	0.90244831
0.16129032	0.93548387	0.16889500	0.11815451	0.91884935
0.19354839	0.93548387	0.22494393	0.09111842	0.92928432
0.22580645	0.93548387	0.27260204	0.07085286	0.93617634
0.25806452	0.93548387	0.31258617	0.05562119	0.94104931
0.29032258	0.93548387	0.34594869	0.04408954	0.94480872
0.32258065	0.93548387	0.37374632	0.03528402	0.94797283
0.35483871	0.93548387	0.39692336	0.02849771	0.95082771
0.38709677	0.93548387	0.41628038	0.02321311	0.95352444
0.41935484	0.93548387	0.43247605	0.01904548	0.95613873
0.45161290	0.93548387	0.44603956	0.01570200	0.95870806
0.48387097	0.93548387	0.45738394	0.01295053	0.96125658
0.51612903	0.93548387	0.46681503	0.01059354	0.96381497
0.54838710	0.93548387	0.47453233	0.00844306	0.96644097
0.58064516	0.93548387	0.48061760	0.00629329	0.96924584
0.61290323	0.93548387	0.48500573	0.00388720	0.97243257
0.64516129	0.93548387	0.48743038	0.00087329	0.97635219
0.67741935	0.93548387	0.48733466	-0.00325234	0.98158493
0.70967742	0.93548387	0.48373457	-0.00922603	0.98905227
0.74193548	0.93548387	0.47502114	-0.01813689	1.00016196
0.77419355	0.93548387	0.45868336	-0.03163819	1.01698221
0.80645161	0.93548387	0.43093215	-0.05239519	1.04243333
0.83870968	0.93548387	0.38624580	-0.08510667	1.08048420
0.87096774	0.93548387	0.31722464	-0.13834668	1.13636550
0.90322581	0.93548387	0.21703296	-0.22418746	1.21676808
0.93548387	0.93548387	0.09204856	-0.33811457	1.32745023
0.96774194	0.93548387	-0.00938890	-0.37861929	1.45210613
1.00000000	0.93548387	0.00000000	0.00000000	1.51334433
0.00000000	0.96774194	0.00000000	0.00000000	0.58323484
0.03225806	0.96774194	0.09731236	0.21522395	0.67966205
0.06451613	0.96774194	0.22552336	0.16070189	0.82018635
0.09677419	0.96774194	0.33631175	0.10579735	0.88540471
0.12903226	0.96774194	0.42327518	0.07049727	0.91713083
0.16129032	0.96774194	0.49007872	0.04849315	0.93324686
0.19354839	0.96774194	0.54142968	0.03438623	0.94175119
0.22580645	0.96774194	0.58119714	0.02502303	0.94650802
0.25806452	0.96774194	0.61228254	0.01861688	0.94946604
0.29032258	0.96774194	0.63681832	0.01412352	0.95162275
0.32258065	0.96774194	0.65637208	0.01090595	0.95348238
0.35483871	0.96774194	0.67210234	0.00855939	0.95528787
0.38709677	0.96774194	0.68486979	0.00681731	0.95714416
0.41935484	0.96774194	0.69531545	0.00549846	0.95908629
0.45161290	0.96774194	0.70391527	0.00447514	0.96111907
0.48387097	0.96774194	0.71101745	0.00365279	0.96324236
0.51612903	0.96774194	0.71686581	0.00295544	0.96547097
0.54838710	0.96774194	0.72161099	0.00231380	0.96785519
0.58064516	0.96774194	0.72530888	0.00165403	0.97050752
0.61290323	0.96774194	0.72790429	0.00088526	0.97364128
0.64516129	0.96774194	0.72919609	-0.00011533	0.97762714
0.67741935	0.96774194	0.72877758	-0.00152173	0.98307487
0.70967742	0.96774194	0.72594376	-0.00358559	0.99094782
0.74193548	0.96774194	0.71955156	-0.00667770	1.00271930
0.77419355	0.96774194	0.70780688	-0.01136935	1.02058616
0.80645161	0.96774194	0.68791338	-0.01863519	1.04777951
0.83870968	0.96774194	0.65541170	-0.03045784	1.08909520
0.87096774	0.96774194	0.60280672	-0.05182599	1.15203101
0.90322581	0.96774194	0.51706503	-0.09623244	1.24963804
0.93548387	0.96774194	0.37861927	-0.18656603	1.40524061
0.96774194	0.96774194	0.17895047	-0.28757977	1.64878225
1.00000000	0.96774194	0.00000000	0.00000000	1.79629972
0.00000000	1.00000000	1.00000000	0.00000000	0.45904727
0.03225806	1.00000000	1.00000000	0.00000000	0.61001262
0.06451613	1.00000000	1.00000000	0.00000000	0.81808237
0.09677419	1.00000000	1.00000000	0.00000000	0.89782184
0.12903226	1.00000000	1.00000000	0.00000000	0.93010722
0.16129032	1.00000000	1.00000000	0.00000000	0.94404336
0.19354839	1.00000000	1.00000000	0.00000000	0.95027656
0.22580645	1.00000000	1.00000000	0.00000000	0.95316787
0.25806452	1.00000000	1.00000000	0.00000000	0.95467713
0.29032258	1.00000000	1.00000000	0.00000000	0.95572349
0.32258065	1.00000000	1.00000000	0.00000000	0.95673222
0.35483871	1.00000000	1.00000000	0.00000000	0.95788279
0.38709677	1.00000000	1.00000000	0.00000000	0.95923189
0.41935484	1.00000000	1.00000000	0.00000000	0.96077866
0.45161290	1.00000000	1.00000000	0.00000000	0.96250133
0.48387097	1.00000000	1.00000000	0.00000000	0.96438039
0.51612903	1.00000000	1.00000000	0.00000000	0.96641685
0.54838710	1.00000000	1.00000000	0.00000000	0.96865156
0.58064516	1.00000000	1.00000000	0.00000000	0.97119102
0.61290323	1.00000000	1.00000000	0.00000000	0.97424494
0.64516129	1.00000000	1.00000000	0.00000000	0.97818170
0.67741935	1.00000000	1.00000000	0.00000000	0.98360870
0.70967742	1.00000000	1.00000000	0.00000000	0.99148597
0.74193548	1.00000000	1.00000000	0.00000000	1.00328487
0.77419355	1.00000000	1.00000000	0.00000000	1.02121595
0.80645161	1.00000000	1.00000000	0.00000000	1.04859269
0.83870968	1.00000000	1.00000000	0.00000000	1.09054103
0.87096774	1.00000000	1.00000000	0.00000000	1.15572064
0.90322581	1.00000000	1.00000000	0.00000000	1.26079851
0.93548387	1.00000000	1.00000000	0.00000000	1.43901659
0.96774194	1.00000000	1.00000000	0.00000000	1.75781103
1.00000000	1.00000000	1.00000000	0.00000000	1.96368680
