VARIABLES="X","Y","U","V","P"
ZONE  F=POINT
I=32, J=32
0.00000000	0.00000000	0.00000000	0.00000000	1.00169367
0.03225806	0.00000000	0.00000000	0.00000000	1.00161817
0.06451613	0.00000000	0.00000000	0.00000000	1.00143686
0.09677419	0.00000000	0.00000000	0.00000000	1.00124016
0.12903226	0.00000000	0.00000000	0.00000000	1.00110012
0.16129032	0.00000000	0.00000000	0.00000000	1.00105715
0.19354839	0.00000000	0.00000000	0.00000000	1.00113009
0.22580645	0.00000000	0.00000000	0.00000000	1.00132471
0.25806452	0.00000000	0.00000000	0.00000000	1.00163946
0.29032258	0.00000000	0.00000000	0.00000000	1.00206887
0.32258065	0.00000000	0.00000000	0.00000000	1.00260535
0.35483871	0.00000000	0.00000000	0.00000000	1.00324000
0.38709677	0.00000000	0.00000000	0.00000000	1.00396275
0.41935484	0.00000000	0.00000000	0.00000000	1.00476221
0.45161290	0.00000000	0.00000000	0.00000000	1.00562539
0.48387097	0.00000000	0.00000000	0.00000000	1.00653737
0.51612903	0.00000000	0.00000000	0.00000000	1.00748113
0.54838710	0.00000000	0.00000000	0.00000000	1.00843746
0.58064516	0.00000000	0.00000000	0.00000000	1.00938509
0.61290323	0.00000000	0.00000000	0.00000000	1.01030098
0.64516129	0.00000000	0.00000000	0.00000000	1.01116096
0.67741935	0.00000000	0.00000000	0.00000000	1.01194050
0.70967742	0.00000000	0.00000000	0.00000000	1.01261594
0.74193548	0.00000000	0.00000000	0.00000000	1.01316591
0.77419355	0.00000000	0.00000000	0.00000000	1.01357325
0.80645161	0.00000000	0.00000000	0.00000000	1.01382724
0.83870968	0.00000000	0.00000000	0.00000000	1.01392646
0.87096774	0.00000000	0.00000000	0.00000000	1.01388230
0.90322581	0.00000000	0.00000000	0.00000000	1.01372380
0.93548387	0.00000000	0.00000000	0.00000000	1.01350394
0.96774194	0.00000000	0.00000000	0.00000000	1.01330660
1.00000000	0.00000000	0.00000000	0.00000000	1.01322618
0.00000000	0.03225806	0.00000000	0.00000000	1.00176917
0.03225806	0.03225806	-0.00004655	0.00004697	1.00169324
0.06451613	0.03225806	-0.00041208	0.00025355	1.00152298
0.09677419	0.03225806	-0.00111074	0.00045019	1.00135095
0.12903226	0.03225806	-0.00207608	0.00059274	1.00123462
0.16129032	0.03225806	-0.00322142	0.00067856	1.00120858
0.19354839	0.03225806	-0.00446521	0.00071696	1.00129035
0.22580645	0.03225806	-0.00573964	0.00071901	1.00148630
0.25806452	0.03225806	-0.00699161	0.00069415	1.00179609
0.29032258	0.03225806	-0.00818058	0.00064940	1.00221547
0.32258065	0.03225806	-0.00927541	0.00058948	1.00273792
0.35483871	0.03225806	-0.01025142	0.00051729	1.00335533
0.38709677	0.03225806	-0.01108810	0.00043450	1.00405821
0.41935484	0.03225806	-0.01176750	0.00034206	1.00483561
0.45161290	0.03225806	-0.01227350	0.00024066	1.00567488
0.48387097	0.03225806	-0.01259154	0.00013106	1.00656143
0.51612903	0.03225806	-0.01270892	0.00001430	1.00747859
0.54838710	0.03225806	-0.01261548	-0.00010803	1.00840759
0.58064516	0.03225806	-0.01230447	-0.00023366	1.00932768
0.61290323	0.03225806	-0.01177386	-0.00035952	1.01021653
0.64516129	0.03225806	-0.01102779	-0.00048153	1.01105077
0.67741935	0.03225806	-0.01007820	-0.00059454	1.01180695
0.70967742	0.03225806	-0.00894670	-0.00069224	1.01246263
0.74193548	0.03225806	-0.00766639	-0.00076711	1.01299788
0.77419355	0.03225806	-0.00628361	-0.00081053	1.01339710
0.80645161	0.03225806	-0.00485913	-0.00081305	1.01365115
0.83870968	0.03225806	-0.00346837	-0.00076499	1.01375979
0.87096774	0.03225806	-0.00219980	-0.00065777	1.01373470
0.90322581	0.03225806	-0.00114964	-0.00048736	1.01360289
0.93548387	0.03225806	-0.00040936	-0.00026405	1.01341062
0.96774194	0.03225806	-0.00003778	-0.00004141	1.01322612
1.00000000	0.03225806	0.00000000	0.00000000	1.01314575
0.00000000	0.06451613	0.00000000	0.00000000	1.00195230
0.03225806	0.06451613	-0.00025682	0.00041206	1.00186252
0.06451613	0.06451613	-0.00107895	0.00106418	1.00168865
0.09677419	0.06451613	-0.00242242	0.00166399	1.00154391
0.12903226	0.06451613	-0.00418009	0.00211066	1.00145979
0.16129032	0.06451613	-0.00622187	0.00238912	1.00145881
0.19354839	0.06451613	-0.00842144	0.00251821	1.00155425
0.22580645	0.06451613	-0.01066913	0.00252639	1.00175212
0.25806452	0.06451613	-0.01287547	0.00244093	1.00205337
0.29032258	0.06451613	-0.01496978	0.00228378	1.00245553
0.32258065	0.06451613	-0.01689638	0.00207084	1.00295375
0.35483871	0.06451613	-0.01861065	0.00181268	1.00354135
0.38709677	0.06451613	-0.02007556	0.00151607	1.00421000
0.41935484	0.06451613	-0.02125929	0.00118539	1.00494964
0.45161290	0.06451613	-0.02213383	0.00082403	1.00574835
0.48387097	0.06451613	-0.02267458	0.00043542	1.00659225
0.51612903	0.06451613	-0.02286072	0.00002394	1.00746534
0.54838710	0.06451613	-0.02267618	-0.00040446	1.00834961
0.58064516	0.06451613	-0.02211118	-0.00084161	1.00922521
0.61290323	0.06451613	-0.02116421	-0.00127668	1.01007085
0.64516129	0.06451613	-0.01984442	-0.00169566	1.01086447
0.67741935	0.06451613	-0.01817436	-0.00208109	1.01158414
0.70967742	0.06451613	-0.01619282	-0.00241181	1.01220925
0.74193548	0.06451613	-0.01395769	-0.00266308	1.01272195
0.77419355	0.06451613	-0.01154831	-0.00280726	1.01310888
0.80645161	0.06451613	-0.00906670	-0.00281524	1.01336292
0.83870968	0.06451613	-0.00663674	-0.00265932	1.01348518
0.87096774	0.06451613	-0.00439980	-0.00231873	1.01348663
0.90322581	0.06451613	-0.00250469	-0.00179044	1.01338941
0.93548387	0.06451613	-0.00108907	-0.00111186	1.01322679
0.96774194	0.06451613	-0.00024920	-0.00040936	1.01304009
1.00000000	0.06451613	0.00000000	0.00000000	1.01294623
0.00000000	0.09677419	0.00000000	0.00000000	1.00215539
0.03225806	0.09677419	-0.00047004	0.00112590	1.00203543
0.06451613	0.09677419	-0.00173868	0.00241914	1.00182305
0.09677419	0.09677419	-0.00366831	0.00355132	1.00167210
0.12903226	0.09677419	-0.00610246	0.00439217	1.00159543
0.16129032	0.09677419	-0.00887743	0.00491990	1.00160418
0.19354839	0.09677419	-0.01183825	0.00516421	1.00170574
0.22580645	0.09677419	-0.01484908	0.00517302	1.00190372
0.25806452	0.09677419	-0.01779694	0.00499478	1.00219865
0.29032258	0.09677419	-0.02059059	0.00467029	1.00258864
0.32258065	0.09677419	-0.02315691	0.00423035	1.00306987
0.35483871	0.09677419	-0.02543657	0.00369647	1.00363673
0.38709677	0.09677419	-0.02738024	0.00308314	1.00428193
0.41935484	0.09677419	-0.02894575	0.00240032	1.00499634
0.45161290	0.09677419	-0.03009640	0.00165595	1.00576883
0.48387097	0.09677419	-0.03080042	0.00085794	1.00658622
0.51612903	0.09677419	-0.03103135	0.00001590	1.00743311
0.54838710	0.09677419	-0.03076925	-0.00085757	1.00829205
0.58064516	0.09677419	-0.03000256	-0.00174564	1.00914366
0.61290323	0.09677419	-0.02873066	-0.00262628	1.00996714
0.64516129	0.09677419	-0.02696687	-0.00347137	1.01074091
0.67741935	0.09677419	-0.02474182	-0.00424614	1.01144356
0.70967742	0.09677419	-0.02210709	-0.00490891	1.01205505
0.74193548	0.09677419	-0.01913844	-0.00541162	1.01255821
0.77419355	0.09677419	-0.01593837	-0.00570151	1.01294024
0.80645161	0.09677419	-0.01263694	-0.00572461	1.01319440
0.83870968	0.09677419	-0.00938984	-0.00543189	1.01332131
0.87096774	0.09677419	-0.00637228	-0.00478982	1.01332980
0.90322581	0.09677419	-0.00376741	-0.00379808	1.01323667
0.93548387	0.09677419	-0.00174874	-0.00251954	1.01306468
0.96774194	0.09677419	-0.00045934	-0.00113047	1.01283760
1.00000000	0.09677419	0.00000000	0.00000000	1.01271311
0.00000000	0.12903226	0.00000000	0.00000000	1.00230602
0.03225806	0.12903226	-0.00064763	0.00215073	1.00215321
0.06451613	0.12903226	-0.00230893	0.00426243	1.00189168
0.09677419	0.12903226	-0.00475421	0.00602776	1.00171825
0.12903226	0.12903226	-0.00777194	0.00731978	1.00163417
0.16129032	0.12903226	-0.01116433	0.00812489	1.00164198
0.19354839	0.12903226	-0.01475266	0.00848984	1.00174364
0.22580645	0.12903226	-0.01838243	0.00848507	1.00193986
0.25806452	0.12903226	-0.02192493	0.00818243	1.00223002
0.29032258	0.12903226	-0.02527532	0.00764374	1.00261216
0.32258065	0.12903226	-0.02834876	0.00691680	1.00308297
0.35483871	0.12903226	-0.03107585	0.00603601	1.00363767
0.38709677	0.12903226	-0.03339856	0.00502525	1.00426985
0.41935484	0.12903226	-0.03526722	0.00390154	1.00497125
0.45161290	0.12903226	-0.03663864	0.00267869	1.00573153
0.48387097	0.12903226	-0.03747550	0.00137037	1.00653810
0.51612903	0.12903226	-0.03774675	-0.00000724	1.00737608
0.54838710	0.12903226	-0.03742895	-0.00143326	1.00822826
0.58064516	0.12903226	-0.03650848	-0.00288020	1.00907539
0.61290323	0.12903226	-0.03498450	-0.00431237	1.00989655
0.64516129	0.12903226	-0.03287249	-0.00568450	1.01066989
0.67741935	0.12903226	-0.03020833	-0.00694087	1.01137358
0.70967742	0.12903226	-0.02705238	-0.00801519	1.01198710
0.74193548	0.12903226	-0.02349326	-0.00883180	1.01249270
0.77419355	0.12903226	-0.01965044	-0.00930876	1.01287700
0.80645161	0.12903226	-0.01567483	-0.00936376	1.01313244
0.83870968	0.12903226	-0.01174625	-0.00892398	1.01325837
0.87096774	0.12903226	-0.00806673	-0.00794115	1.01326132
0.90322581	0.12903226	-0.00484953	-0.00641398	1.01315408
0.93548387	0.12903226	-0.00230486	-0.00441992	1.01295297
0.96774194	0.12903226	-0.00062778	-0.00215809	1.01267298
1.00000000	0.12903226	0.00000000	0.00000000	1.01251487
0.00000000	0.16129032	0.00000000	0.00000000	1.00235906
0.03225806	0.16129032	-0.00078912	0.00343482	1.00217577
0.06451613	0.16129032	-0.00278305	0.00652571	1.00186507
0.09677419	0.16129032	-0.00567543	0.00901432	1.00166280
0.12903226	0.16129032	-0.00920119	0.01080228	1.00156356
0.16129032	0.16129032	-0.01312747	0.01190061	1.00156405
0.19354839	0.16129032	-0.01725255	0.01238230	1.00166198
0.22580645	0.16129032	-0.02140607	0.01234528	1.00185545
0.25806452	0.16129032	-0.02544755	0.01188766	1.00214255
0.29032258	0.16129032	-0.02926290	0.01109412	1.00252097
0.32258065	0.16129032	-0.03275955	0.01003087	1.00298767
0.35483871	0.16129032	-0.03586146	0.00874627	1.00353852
0.38709677	0.16129032	-0.03850465	0.00727450	1.00416787
0.41935484	0.16129032	-0.04063400	0.00564039	1.00486826
0.45161290	0.16129032	-0.04220120	0.00386423	1.00563006
0.48387097	0.16129032	-0.04316403	0.00196605	1.00644124
0.51612903	0.16129032	-0.04348682	-0.00003066	1.00728721
0.54838710	0.16129032	-0.04314190	-0.00209585	1.00815081
0.58064516	0.16129032	-0.04211216	-0.00419010	1.00901247
0.61290323	0.16129032	-0.04039444	-0.00626227	1.00985063
0.64516129	0.16129032	-0.03800379	-0.00824754	1.01064244
0.67741935	0.16129032	-0.03497820	-0.01006625	1.01136481
0.70967742	0.16129032	-0.03138357	-0.01162398	1.01199573
0.74193548	0.16129032	-0.02731802	-0.01281356	1.01251587
0.77419355	0.16129032	-0.02291496	-0.01351993	1.01291030
0.80645161	0.16129032	-0.01834372	-0.01362880	1.01316992
0.83870968	0.16129032	-0.01380682	-0.01303999	1.01329254
0.87096774	0.16129032	-0.00953326	-0.01168654	1.01328293
0.90322581	0.16129032	-0.00576827	-0.00955995	1.01315168
0.93548387	0.16129032	-0.00276128	-0.00674128	1.01291248
0.96774194	0.16129032	-0.00075729	-0.00343533	1.01257781
1.00000000	0.16129032	0.00000000	0.00000000	1.01238792
0.00000000	0.19354839	0.00000000	0.00000000	1.00228692
0.03225806	0.19354839	-0.00090419	0.00493376	1.00207639
0.06451613	0.19354839	-0.00318246	0.00914873	1.00171978
0.09677419	0.19354839	-0.00646759	0.01244589	1.00148709
0.12903226	0.19354839	-0.01044585	0.01477180	1.00136931
0.16129032	0.19354839	-0.01484982	0.01617625	1.00135933
0.19354839	0.19354839	-0.01945461	0.01676843	1.00145175
0.22580645	0.19354839	-0.02407470	0.01668006	1.00164261
0.25806452	0.19354839	-0.02855965	0.01603925	1.00192885
0.29032258	0.19354839	-0.03278846	0.01495573	1.00230782
0.32258065	0.19354839	-0.03666339	0.01351535	1.00277667
0.35483871	0.19354839	-0.04010407	0.01178110	1.00333180
0.38709677	0.19354839	-0.04304249	0.00979778	1.00396830
0.41935484	0.19354839	-0.04541941	0.00759808	1.00467946
0.45161290	0.19354839	-0.04718208	0.00520872	1.00545632
0.48387097	0.19354839	-0.04828334	0.00265599	1.00628733
0.51612903	0.19354839	-0.04868211	-0.00002938	1.00715807
0.54838710	0.19354839	-0.04834496	-0.00280792	1.00805119
0.58064516	0.19354839	-0.04724901	-0.00562766	1.00894643
0.61290323	0.19354839	-0.04538598	-0.00842074	1.00982107
0.64516129	0.19354839	-0.04276723	-0.01110074	1.01065057
0.67741935	0.19354839	-0.03942966	-0.01356109	1.01140972
0.70967742	0.19354839	-0.03544174	-0.01567537	1.01207409
0.74193548	0.19354839	-0.03090904	-0.01730040	1.01262185
0.77419355	0.19354839	-0.02597809	-0.01828305	1.01303563
0.80645161	0.19354839	-0.02083744	-0.01847190	1.01330428
0.83870968	0.19354839	-0.01571493	-0.01773443	1.01342401
0.87096774	0.19354839	-0.01087069	-0.01597969	1.01339855
0.90322581	0.19354839	-0.00658644	-0.01318596	1.01323804
0.93548387	0.19354839	-0.00315331	-0.00943090	1.01295646
0.96774194	0.19354839	-0.00086190	-0.00491936	1.01256776
1.00000000	0.19354839	0.00000000	0.00000000	1.01234825
0.00000000	0.22580645	0.00000000	0.00000000	1.00207191
0.03225806	0.22580645	-0.00100373	0.00661727	1.00183657
0.06451613	0.22580645	-0.00353611	0.01208909	1.00143705
0.09677419	0.22580645	-0.00717998	0.01627770	1.00117412
0.12903226	0.22580645	-0.01157783	0.01918450	1.00103671
0.16129032	0.22580645	-0.01642871	0.02090935	1.00101516
0.19354839	0.22580645	-0.02148444	0.02160717	1.00110185
0.22580645	0.22580645	-0.02654442	0.02145032	1.00129123
0.25806452	0.22580645	-0.03144888	0.02060141	1.00157935
0.29032258	0.22580645	-0.03607117	0.01919785	1.00196329
0.32258065	0.22580645	-0.04030994	0.01734647	1.00244046
0.35483871	0.22580645	-0.04408204	0.01512536	1.00300778
0.38709677	0.22580645	-0.04731674	0.01258984	1.00366111
0.41935484	0.22580645	-0.04995152	0.00977997	1.00439449
0.45161290	0.22580645	-0.05192941	0.00672815	1.00519968
0.48387097	0.22580645	-0.05319785	0.00346608	1.00606557
0.51612903	0.22580645	-0.05370901	0.00003095	1.00697786
0.54838710	0.22580645	-0.05342159	-0.00352895	1.00791880
0.58064516	0.22580645	-0.05230403	-0.00714908	1.00886717
0.61290323	0.22580645	-0.05033936	-0.01074405	1.00979855
0.64516129	0.22580645	-0.04753138	-0.01420386	1.01068607
0.67741935	0.22580645	-0.04391211	-0.01739174	1.01150152
0.70967742	0.22580645	-0.03954958	-0.02014460	1.01221707
0.74193548	0.22580645	-0.03455518	-0.02227721	1.01280734
0.77419355	0.22580645	-0.02908897	-0.02359153	1.01325169
0.80645161	0.22580645	-0.02336160	-0.02389195	1.01353630
0.83870968	0.22580645	-0.01763146	-0.02300674	1.01365576
0.87096774	0.22580645	-0.01219657	-0.02081503	1.01361339
0.90322581	0.22580645	-0.00738188	-0.01727732	1.01342032
0.93548387	0.22580645	-0.00352399	-0.01246580	1.01309299
0.96774194	0.22580645	-0.00095658	-0.00658863	1.01264934
1.00000000	0.22580645	0.00000000	0.00000000	1.01240063
0.00000000	0.25806452	0.00000000	0.00000000	1.00170112
0.03225806	0.25806452	-0.00109738	0.00846986	1.00144203
0.06451613	0.25806452	-0.00387210	0.01532497	1.00100099
0.09677419	0.25806452	-0.00786240	0.02048759	1.00070806
0.12903226	0.25806452	-0.01266969	0.02402051	1.00055083
0.16129032	0.25806452	-0.01796021	0.02608285	1.00051773
0.19354839	0.25806452	-0.02346227	0.02688414	1.00059942
0.22580645	0.25806452	-0.02895999	0.02664449	1.00078909
0.25806452	0.25806452	-0.03428455	0.02556599	1.00108211
0.29032258	0.25806452	-0.03930441	0.02381678	1.00147546
0.32258065	0.25806452	-0.04391569	0.02152621	1.00196683
0.35483871	0.25806452	-0.04803367	0.01878790	1.00255383
0.38709677	0.25806452	-0.05158589	0.01566726	1.00323312
0.41935484	0.25806452	-0.05450720	0.01221075	1.00399965
0.45161290	0.25806452	-0.05673647	0.00845504	1.00484597
0.48387097	0.25806452	-0.05821506	0.00443558	1.00576152
0.51612903	0.25806452	-0.05888686	0.00019436	1.00673213
0.54838710	0.25806452	-0.05870014	-0.00421290	1.00773959
0.58064516	0.25806452	-0.05761114	-0.00870989	1.00876146
0.61290323	0.25806452	-0.05558983	-0.01319340	1.00977124
0.64516129	0.25806452	-0.05262764	-0.01752799	1.01073900
0.67741935	0.25806452	-0.04874691	-0.02154288	1.01163263
0.70967742	0.25806452	-0.04401136	-0.02503230	1.01241979
0.74193548	0.25806452	-0.03853609	-0.02776101	1.01307034
0.77419355	0.25806452	-0.03249537	-0.02947662	1.01355923
0.80645161	0.25806452	-0.02612587	-0.02992942	1.01386923
0.83870968	0.25806452	-0.01972373	-0.02889946	1.01399301
0.87096774	0.25806452	-0.01363431	-0.02622926	1.01393395
0.90322581	0.25806452	-0.00823536	-0.02185853	1.01370528
0.93548387	0.25806452	-0.00391597	-0.01585619	1.01332756
0.96774194	0.25806452	-0.00105468	-0.00844335	1.01282449
1.00000000	0.25806452	0.00000000	0.00000000	1.01254462
0.00000000	0.29032258	0.00000000	0.00000000	1.00116319
0.03225806	0.29032258	-0.00119294	0.01048935	1.00087998
0.06451613	0.29032258	-0.00421474	0.01885410	1.00039676
0.09677419	0.29032258	-0.00855931	0.02507527	1.00007339
0.12903226	0.29032258	-0.01378695	0.02928229	0.99989622
0.16129032	0.29032258	-0.01953063	0.03170193	0.99985200
0.19354839	0.29032258	-0.02549456	0.03260695	0.99992982
0.22580645	0.29032258	-0.03144725	0.03227258	1.00012177
0.25806452	0.29032258	-0.03721103	0.03094582	1.00042268
0.29032258	0.29032258	-0.04265020	0.02882899	1.00082951
0.32258065	0.29032258	-0.04765939	0.02607572	1.00134040
0.35483871	0.29032258	-0.05215345	0.02279555	1.00195375
0.38709677	0.29032258	-0.05605931	0.01906336	1.00266724
0.41935484	0.29032258	-0.05930995	0.01493054	1.00347693
0.45161290	0.29032258	-0.06184031	0.01043601	1.00437636
0.48387097	0.29032258	-0.06358511	0.00561647	1.00535577
0.51612903	0.29032258	-0.06447840	0.00051603	1.00640130
0.54838710	0.29032258	-0.06445525	-0.00480468	1.00749434
0.58064516	0.29032258	-0.06345568	-0.01025938	1.00861116
0.61290323	0.29032258	-0.06143133	-0.01572754	1.00972282
0.64516129	0.29032258	-0.05835502	-0.02104677	1.01079569
0.67741935	0.29032258	-0.05423299	-0.02600802	1.01179278
0.70967742	0.29032258	-0.04911890	-0.03035541	1.01267587
0.74193548	0.29032258	-0.04312795	-0.03379319	1.01340858
0.77419355	0.29032258	-0.03644830	-0.03600175	1.01395993
0.80645161	0.29032258	-0.02934692	-0.03666358	1.01430804
0.83870968	0.29032258	-0.02216657	-0.03549830	1.01444303
0.87096774	0.29032258	-0.01531252	-0.03230340	1.01436840
0.90322581	0.29032258	-0.00922934	-0.02699565	1.01410040
0.93548387	0.29032258	-0.00437087	-0.01964647	1.01366512
0.96774194	0.29032258	-0.00116817	-0.01050459	1.01309363
1.00000000	0.29032258	0.00000000	0.00000000	1.01277785
0.00000000	0.32258065	0.00000000	0.00000000	1.00044630
0.03225806	0.32258065	-0.00129660	0.01268459	1.00013731
0.06451613	0.32258065	-0.00458414	0.02269132	0.99960925
0.09677419	0.32258065	-0.00930831	0.03005979	0.99925395
0.12903226	0.32258065	-0.01498553	0.03499182	0.99905633
0.16129032	0.32258065	-0.02121344	0.03779045	0.99900132
0.19354839	0.32258065	-0.02767091	0.03880074	0.99907637
0.22580645	0.32258065	-0.03411041	0.03836095	0.99927241
0.25806452	0.32258065	-0.04034575	0.03676893	0.99958375
0.29032258	0.32258065	-0.04623792	0.03426513	1.00000741
0.32258065	0.32258065	-0.05168140	0.03102945	1.00054211
0.35483871	0.32258065	-0.05659215	0.02718781	1.00118724
0.38709677	0.32258065	-0.06089795	0.02282376	1.00194176
0.41935484	0.32258065	-0.06453115	0.01799174	1.00280313
0.45161290	0.32258065	-0.06742351	0.01273019	1.00376630
0.48387097	0.32258065	-0.06950299	0.00707367	1.00482266
0.51612903	0.32258065	-0.07069259	0.00106450	1.00595905
0.54838710	0.32258065	-0.07091149	-0.00523562	1.00715680
0.58064516	0.32258065	-0.07007905	-0.01173381	1.00839100
0.61290323	0.32258065	-0.06812230	-0.01829405	1.00963011
0.64516129	0.32258065	-0.06498752	-0.02472632	1.01083627
0.67741935	0.32258065	-0.06065590	-0.03077900	1.01196652
0.70967742	0.32258065	-0.05516236	-0.03613734	1.01297522
0.74193548	0.32258065	-0.04861543	-0.04043160	1.01381773
0.77419355	0.32258065	-0.04121462	-0.04325764	1.01445505
0.80645161	0.32258065	-0.03326049	-0.04421115	1.01485872
0.83870968	0.32258065	-0.02515281	-0.04293385	1.01501500
0.87096774	0.32258065	-0.01737342	-0.03916648	1.01492716
0.90322581	0.32258065	-0.01045396	-0.03280017	1.01461505
0.93548387	0.32258065	-0.00493284	-0.02391736	1.01411172
0.96774194	0.32258065	-0.00130900	-0.01281421	1.01345744
1.00000000	0.32258065	0.00000000	0.00000000	1.01309783
0.00000000	0.35483871	0.00000000	0.00000000	0.99953680
0.03225806	0.35483871	-0.00141333	0.01507349	0.99919924
0.06451613	0.35483871	-0.00499693	0.02686581	0.99862183
0.09677419	0.35483871	-0.01014093	0.03547665	0.99823199
0.12903226	0.35483871	-0.01631234	0.04118741	0.99801281
0.16129032	0.35483871	-0.02306979	0.04438729	0.99794699
0.19354839	0.35483871	-0.03006479	0.04550391	0.99802000
0.22580645	0.35483871	-0.03703316	0.04494742	0.99822143
0.25806452	0.35483871	-0.04378065	0.04307332	0.99854494
0.29032258	0.35483871	-0.05016629	0.04016463	0.99898763
0.32258065	0.35483871	-0.05608620	0.03642993	0.99954893
0.35483871	0.35483871	-0.06145959	0.03201209	1.00022946
0.38709677	0.35483871	-0.06621731	0.02700237	1.00102977
0.41935484	0.35483871	-0.07029311	0.02145610	1.00194917
0.45161290	0.35483871	-0.07361714	0.01540783	1.00298451
0.48387097	0.35483871	-0.07611144	0.00888554	1.00412896
0.51612903	0.35483871	-0.07768750	0.00192453	1.00537070
0.54838710	0.35483871	-0.07824641	-0.00541821	1.00669161
0.58064516	0.35483871	-0.07768234	-0.01304858	1.00806610
0.61290323	0.35483871	-0.07589051	-0.02081907	1.00946022
0.64516129	0.35483871	-0.07278074	-0.02851317	1.01083151
0.67741935	0.35483871	-0.06829695	-0.03583318	1.01213004
0.70967742	0.35483871	-0.06244222	-0.04239588	1.01330094
0.74193548	0.35483871	-0.05530676	-0.04774093	1.01428879
0.77419355	0.35483871	-0.04709426	-0.05135669	1.01504356
0.80645161	0.35483871	-0.03813971	-0.05272538	1.01552728
0.83870968	0.35483871	-0.02891090	-0.05138536	1.01572001
0.87096774	0.35483871	-0.01998771	-0.04700225	1.01562363
0.90322581	0.35483871	-0.01201779	-0.03943623	1.01526180
0.93548387	0.35483871	-0.00565477	-0.02879142	1.01467601
0.96774194	0.35483871	-0.00149126	-0.01543743	1.01391809
1.00000000	0.35483871	0.00000000	0.00000000	1.01350294
0.00000000	0.38709677	0.00000000	0.00000000	0.99841841
0.03225806	0.38709677	-0.00154743	0.01768152	0.99804846
0.06451613	0.38709677	-0.00546762	0.03141891	0.99741546
0.09677419	0.38709677	-0.01108460	0.04137519	0.99698741
0.12903226	0.38709677	-0.01780781	0.04792068	0.99674489
0.16129032	0.38709677	-0.02515141	0.05154289	0.99666775
0.19354839	0.38709677	-0.03273666	0.05276410	0.99673896
0.22580645	0.38709677	-0.04028195	0.05207680	0.99694631
0.25806452	0.38709677	-0.04758577	0.04990205	0.99728263
0.29032258	0.38709677	-0.05450702	0.04657067	0.99774503
0.32258065	0.38709677	-0.06094605	0.04232274	0.99833376
0.35483871	0.38709677	-0.06682822	0.03731891	0.99905090
0.38709677	0.38709677	-0.07209063	0.03165727	0.99989897
0.41935484	0.38709677	-0.07667160	0.02539158	1.00087962
0.45161290	0.38709677	-0.08050253	0.01854852	1.00199231
0.48387097	0.38709677	-0.08350167	0.01114402	1.00323278
0.51612903	0.38709677	-0.08556995	0.00319947	1.00459154
0.54838710	0.38709677	-0.08658925	-0.00524078	1.00605209
0.58064516	0.38709677	-0.08642460	-0.01408971	1.00758911
0.61290323	0.38709677	-0.08493175	-0.02319565	1.00916695
0.64516129	0.38709677	-0.08197208	-0.03231988	1.01073871
0.67741935	0.38709677	-0.07743621	-0.04111752	1.01224672
0.70967742	0.38709677	-0.07127641	-0.04912753	1.01362501
0.74193548	0.38709677	-0.06354560	-0.05577955	1.01480424
0.77419355	0.38709677	-0.05443703	-0.06042469	1.01571924
0.80645161	0.38709677	-0.04431525	-0.06239451	1.01631804
0.83870968	0.38709677	-0.03372594	-0.06108585	1.01657062
0.87096774	0.38709677	-0.02337357	-0.05605958	1.01647493
0.90322581	0.38709677	-0.01406209	-0.04713311	1.01605794
0.93548387	0.38709677	-0.00660633	-0.03444388	1.01537104
0.96774194	0.38709677	-0.00173372	-0.01846897	1.01448057
1.00000000	0.38709677	0.00000000	0.00000000	1.01399331
0.00000000	0.41935484	0.00000000	0.00000000	0.99707146
0.03225806	0.41935484	-0.00170310	0.02054110	0.99666431
0.06451613	0.41935484	-0.00601025	0.03640297	0.99596786
0.09677419	0.41935484	-0.01216542	0.04781682	0.99549688
0.12903226	0.41935484	-0.01950940	0.05525421	0.99522869
0.16129032	0.41935484	-0.02750456	0.05931613	0.99513933
0.19354839	0.41935484	-0.03573816	0.06063444	0.99520844
0.22580645	0.41935484	-0.04391031	0.05979652	0.99542146
0.25806452	0.41935484	-0.05181341	0.05729838	0.99576998
0.29032258	0.41935484	-0.05930878	0.05352490	0.99625100
0.32258065	0.41935484	-0.06630437	0.04875113	0.99686563
0.35483871	0.41935484	-0.07273569	0.04315667	0.99761760
0.38709677	0.41935484	-0.07855036	0.03684574	0.99851179
0.41935484	0.41935484	-0.08369576	0.02986799	0.99955276
0.45161290	0.41935484	-0.08810903	0.02223790	1.00074333
0.48387097	0.41935484	-0.09170873	0.01395296	1.00208290
0.51612903	0.41935484	-0.09438812	0.00501211	1.00356561
0.54838710	0.41935484	-0.09601081	-0.00456356	1.00517811
0.58064516	0.41935484	-0.09641027	-0.01470608	1.00689705
0.61290323	0.41935484	-0.09539559	-0.02527159	1.00868662
0.64516129	0.41935484	-0.09276649	-0.03600871	1.01049648
0.67741935	0.41935484	-0.08834031	-0.04652885	1.01226122
0.70967742	0.41935484	-0.08199260	-0.05628648	1.01390206
0.74193548	0.41935484	-0.07371002	-0.06458031	1.01533220
0.77419355	0.41935484	-0.06364930	-0.07058704	1.01646589
0.80645161	0.41935484	-0.05218940	-0.07343646	1.01723057
0.83870968	0.41935484	-0.03995858	-0.07232702	1.01757972
0.87096774	0.41935484	-0.02781612	-0.06666609	1.01750258
0.90322581	0.41935484	-0.01677654	-0.05620346	1.01702745
0.93548387	0.41935484	-0.00788339	-0.04111978	1.01621669
0.96774194	0.41935484	-0.00206300	-0.02204375	1.01515479
1.00000000	0.41935484	0.00000000	0.00000000	1.01457252
0.00000000	0.45161290	0.00000000	0.00000000	0.99547227
0.03225806	0.45161290	-0.00188511	0.02369176	0.99502202
0.06451613	0.45161290	-0.00664024	0.04188122	0.99425255
0.09677419	0.45161290	-0.01341115	0.05487432	0.99373308
0.12903226	0.45161290	-0.02145546	0.06325981	0.99343653
0.16129032	0.45161290	-0.03017436	0.06777164	0.99333392
0.19354839	0.45161290	-0.03911647	0.06916984	0.99340042
0.22580645	0.45161290	-0.04796281	0.06815204	0.99361824
0.25806452	0.45161290	-0.05650149	0.06530051	0.99397721
0.29032258	0.45161290	-0.06459961	0.06106162	0.99447392
0.32258065	0.45161290	-0.07217708	0.05574965	0.99511031
0.35483871	0.45161290	-0.07918454	0.04956489	0.99589189
0.38709677	0.45161290	-0.08558564	0.04261734	0.99682622
0.41935484	0.45161290	-0.09134284	0.03495025	0.99792131
0.45161290	0.45161290	-0.09640537	0.02656149	0.99918414
0.48387097	0.45161290	-0.10069844	0.01742311	1.00061895
0.51612903	0.45161290	-0.10411342	0.00750155	1.00222513
0.54838710	0.45161290	-0.10649960	-0.00321864	1.00399460
0.58064516	0.45161290	-0.10765948	-0.01470493	1.00590854
0.61290323	0.45161290	-0.10735053	-0.02683942	1.00793367
0.64516129	0.45161290	-0.10529794	-0.03937516	1.01001869
0.67741935	0.45161290	-0.10122305	-0.05189141	1.01209174
0.70967742	0.45161290	-0.09489169	-0.06375781	1.01406067
0.74193548	0.45161290	-0.08618338	-0.07412285	1.01581766
0.77419355	0.45161290	-0.07517608	-0.08194531	1.01724964
0.80645161	0.45161290	-0.06223106	-0.08608521	1.01825413
0.83870968	0.45161290	-0.04805148	-0.08545912	1.01875783
0.87096774	0.45161290	-0.03368071	-0.07924163	1.01873267
0.90322581	0.45161290	-0.02041305	-0.06706583	1.01820342
0.93548387	0.45161290	-0.00961728	-0.04915740	1.01724335
0.96774194	0.45161290	-0.00251680	-0.02635236	1.01595913
1.00000000	0.45161290	0.00000000	0.00000000	1.01525080
0.00000000	0.48387097	0.00000000	0.00000000	0.99359224
0.03225806	0.48387097	-0.00209950	0.02718133	0.99309174
0.06451613	0.48387097	-0.00737647	0.04792900	0.99223782
0.09677419	0.48387097	-0.01485455	0.06263204	0.99166360
0.12903226	0.48387097	-0.02368932	0.07201740	0.99133617
0.16129032	0.48387097	-0.03320887	0.07697713	0.99121976
0.19354839	0.48387097	-0.04291788	0.07842289	0.99128351
0.22580645	0.48387097	-0.05247772	0.07718153	0.99150519
0.25806452	0.48387097	-0.06167484	0.07393517	0.99187210
0.29032258	0.48387097	-0.07038653	0.06920049	0.99238003
0.32258065	0.48387097	-0.07855003	0.06333605	0.99303153
0.35483871	0.48387097	-0.08613710	0.05656522	0.99383394
0.38709677	0.48387097	-0.09313406	0.04900404	0.99479763
0.41935484	0.48387097	-0.09952583	0.04068772	0.99593444
0.45161290	0.48387097	-0.10528194	0.03159350	0.99725621
0.48387097	0.48387097	-0.11034319	0.02166101	0.99877317
0.51612903	0.48387097	-0.11460813	0.01081327	1.00049177
0.54838710	0.48387097	-0.11791997	-0.00101750	1.00241180
0.58064516	0.48387097	-0.12005556	-0.01385515	1.00452242
0.61290323	0.48387097	-0.12072048	-0.02763312	1.00679718
0.64516129	0.48387097	-0.11955595	-0.04213618	1.00918825
0.67741935	0.48387097	-0.11616495	-0.05693509	1.01162124
0.70967742	0.48387097	-0.11016569	-0.07132615	1.01399223
0.74193548	0.48387097	-0.10127755	-0.08429591	1.01617014
0.77419355	0.48387097	-0.08943760	-0.09453936	1.01800712
0.80645161	0.48387097	-0.07493204	-0.10056106	1.01935815
0.83870968	0.48387097	-0.05850750	-0.10087737	1.02010744
0.87096774	0.48387097	-0.04140930	-0.09430451	1.02019458
0.90322581	0.48387097	-0.02529191	-0.08026688	1.01963068
0.93548387	0.48387097	-0.01198169	-0.05901603	1.01849704
0.96774194	0.48387097	-0.00314686	-0.03166102	1.01692652
1.00000000	0.48387097	0.00000000	0.00000000	1.01605104
0.00000000	0.51612903	0.00000000	0.00000000	0.99139651
0.03225806	0.51612903	-0.00235449	0.03106822	0.99083700
0.06451613	0.51612903	-0.00824374	0.05463626	0.98988509
0.09677419	0.51612903	-0.01653702	0.07118716	0.98924965
0.12903226	0.51612903	-0.02626316	0.08161412	0.98888984
0.16129032	0.51612903	-0.03666246	0.08700020	0.98876066
0.19354839	0.51612903	-0.04718966	0.08843868	0.98882297
0.22580645	0.51612903	-0.05748682	0.08690899	0.98904855
0.25806452	0.51612903	-0.06734260	0.08320932	0.98942110
0.29032258	0.51612903	-0.07665018	0.07793682	0.98993502
0.32258065	0.51612903	-0.08537050	0.07150021	0.99059313
0.35483871	0.51612903	-0.09350331	0.06414891	0.99140440
0.38709677	0.51612903	-0.10106505	0.05600607	0.99238193
0.41935484	0.51612903	-0.10807146	0.04709813	0.99354147
0.45161290	0.51612903	-0.11452206	0.03737884	0.99490010
0.48387097	0.51612903	-0.12038445	0.02674930	0.99647488
0.51612903	0.51612903	-0.12557701	0.01507834	0.99828099
0.54838710	0.51612903	-0.12995000	0.00222879	1.00032888
0.58064516	0.51612903	-0.13326657	-0.01190442	1.00262001
0.61290323	0.51612903	-0.13518795	-0.02733903	1.00514059
0.64516129	0.51612903	-0.13526990	-0.04393069	1.00785360
0.67741935	0.51612903	-0.13298078	-0.06128166	1.01068962
0.70967742	0.51612903	-0.12775420	-0.07864521	1.01353885
0.74193548	0.51612903	-0.11908827	-0.09485093	1.01624825
0.77419355	0.51612903	-0.10669670	-0.10829081	1.01862882
0.80645161	0.51612903	-0.09070014	-0.11701531	1.02047742
0.83870968	0.51612903	-0.07181787	-0.11898184	1.02161277
0.87096774	0.51612903	-0.05148406	-0.11245720	1.02191710
0.90322581	0.51612903	-0.03179121	-0.09649343	1.02136818
0.93548387	0.51612903	-0.01519380	-0.07130245	1.02004658
0.96774194	0.51612903	-0.00402094	-0.03833404	1.01811389
1.00000000	0.51612903	0.00000000	0.00000000	1.01701893
0.00000000	0.54838710	0.00000000	0.00000000	0.98884183
0.03225806	0.54838710	-0.00266172	0.03542506	0.98821256
0.06451613	0.54838710	-0.00927578	0.06211152	0.98714674
0.09677419	0.54838710	-0.01851263	0.08065145	0.98644414
0.12903226	0.54838710	-0.02924174	0.09214284	0.98605300
0.16129032	0.54838710	-0.04059754	0.09790362	0.98591545
0.19354839	0.54838710	-0.05197893	0.09924724	0.98598104
0.22580645	0.54838710	-0.06301058	0.09733446	0.98621331
0.25806452	0.54838710	-0.07348933	0.09309853	0.98659106
0.29032258	0.54838710	-0.08333155	0.08722838	0.98710651
0.32258065	0.54838710	-0.09252945	0.08018917	0.98776228
0.35483871	0.54838710	-0.10111820	0.07225977	0.98856854
0.38709677	0.54838710	-0.10915207	0.06357220	0.98954071
0.41935484	0.54838710	-0.11668620	0.05414473	0.99069807
0.45161290	0.54838710	-0.12376036	0.04390648	0.99206269
0.48387097	0.54838710	-0.13038153	0.03271596	0.99365869
0.51612903	0.54838710	-0.13650334	0.02037882	0.99551105
0.54838710	0.54838710	-0.14200120	0.00667205	0.99764337
0.58064516	0.54838710	-0.14664428	-0.00861719	1.00007390
0.61290323	0.54838710	-0.15006789	-0.02562978	1.00280883
0.64516129	0.54838710	-0.15175447	-0.04434335	1.00583212
0.67741935	0.54838710	-0.15103594	-0.06445079	1.00909186
0.70967742	0.54838710	-0.14713591	-0.08521865	1.01248496
0.74193548	0.54838710	-0.13927270	-0.10535341	1.01584474
0.77419355	0.54838710	-0.12684021	-0.12292748	1.01893954
0.80645161	0.54838710	-0.10966700	-0.13543987	1.02149192
0.83870968	0.54838710	-0.08831725	-0.14009344	1.02322376
0.87096774	0.54838710	-0.06433955	-0.13433117	1.02392028
0.90322581	0.54838710	-0.04030890	-0.11655713	1.02349016
0.93548387	0.54838710	-0.01950539	-0.08678628	1.02199266
0.96774194	0.54838710	-0.00522300	-0.04685481	1.01961641
1.00000000	0.54838710	0.00000000	0.00000000	1.01823880
0.00000000	0.58064516	0.00000000	0.00000000	0.98587327
0.03225806	0.58064516	-0.00303796	0.04034399	0.98516084
0.06451613	0.58064516	-0.01051932	0.07048717	0.98396258
0.09677419	0.58064516	-0.02085286	0.09115311	0.98318903
0.12903226	0.58064516	-0.03270521	0.10369902	0.98277277
0.16129032	0.58064516	-0.04508345	0.10973738	0.98263771
0.19354839	0.58064516	-0.05732601	0.11085171	0.98271765
0.22580645	0.58064516	-0.06904533	0.10841938	0.98296501
0.25806452	0.58064516	-0.08005567	0.10353028	0.98335202
0.29032258	0.58064516	-0.09030639	0.09697694	0.98386785
0.32258065	0.58064516	-0.09982983	0.08928685	0.98451438
0.35483871	0.58064516	-0.10870439	0.08077152	0.98530234
0.38709677	0.58064516	-0.11702947	0.07157407	0.98624872
0.41935484	0.58064516	-0.12490738	0.06170642	0.98737532
0.45161290	0.58064516	-0.13242743	0.05107417	0.98870820
0.48387097	0.58064516	-0.13964820	0.03949227	0.99027774
0.51612903	0.58064516	-0.14657489	0.02669801	0.99211858
0.54838710	0.58064516	-0.15312971	0.01236973	0.99426880
0.58064516	0.58064516	-0.15911493	-0.00383773	0.99676732
0.61290323	0.58064516	-0.16417123	-0.02222883	0.99964788
0.64516129	0.58064516	-0.16773885	-0.04296264	1.00292801
0.67741935	0.58064516	-0.16903609	-0.06590022	1.00659119
0.70967742	0.58064516	-0.16707793	-0.09040843	1.01056248
0.74193548	0.58064516	-0.16076567	-0.11514662	1.01468155
0.77419355	0.58064516	-0.14908081	-0.13789651	1.01868369
0.80645161	0.58064516	-0.13140516	-0.15553826	1.02220612
0.83870968	0.58064516	-0.10795112	-0.16430928	1.02483625
0.87096774	0.58064516	-0.08020712	-0.16046554	1.02620354
0.90322581	0.58064516	-0.05118637	-0.14132758	1.02608623
0.93548387	0.58064516	-0.02518060	-0.10638834	1.02448007
0.96774194	0.58064516	-0.00685159	-0.05783943	1.02158829
1.00000000	0.58064516	0.00000000	0.00000000	1.01985762
0.00000000	0.61290323	0.00000000	0.00000000	0.98241872
0.03225806	0.61290323	-0.00350784	0.04594437	0.98160630
0.06451613	0.61290323	-0.01203983	0.07992640	0.98025467
0.09677419	0.61290323	-0.02365217	0.10283734	0.97941142
0.12903226	0.61290323	-0.03675046	0.11637343	0.97898597
0.16129032	0.61290323	-0.05019015	0.12252441	0.97887568
0.19354839	0.61290323	-0.06324852	0.12320911	0.97899217
0.22580645	0.61290323	-0.07553714	0.12006411	0.97927288
0.25806452	0.61290323	-0.08690237	0.11435958	0.97968165
0.29032258	0.61290323	-0.09734016	0.10700255	0.98020383
0.32258065	0.61290323	-0.10693377	0.09858716	0.98084003
0.35483871	0.61290323	-0.11581299	0.08945939	0.98160092
0.38709677	0.61290323	-0.12412867	0.07977518	0.98250398
0.41935484	0.61290323	-0.13203601	0.06954269	0.98357202
0.45161290	0.61290323	-0.13968043	0.05864730	0.98483315
0.48387097	0.61290323	-0.14718136	0.04686341	0.98632192
0.51612903	0.61290323	-0.15460984	0.03386033	0.98808085
0.54838710	0.61290323	-0.16195664	0.01921210	0.99016186
0.58064516	0.61290323	-0.16908892	0.00242433	0.99262631
0.61290323	0.61290323	-0.17569582	-0.01700586	0.99554176
0.64516129	0.61290323	-0.18122846	-0.03947848	0.99897227
0.67741935	0.61290323	-0.18484778	-0.06511171	1.00295860
0.70967742	0.61290323	-0.18540526	-0.09348906	1.00748479
0.74193548	0.61290323	-0.18149500	-0.12335052	1.01243233
0.77419355	0.61290323	-0.17162841	-0.15228798	1.01753246
0.80645161	0.61290323	-0.15458466	-0.17656956	1.02234191
0.83870968	0.61290323	-0.12996390	-0.19129148	1.02627776
0.87096774	0.61290323	-0.09888414	-0.19109590	1.02873513
0.90322581	0.61290323	-0.06458393	-0.17158365	1.02926351
0.93548387	0.61290323	-0.03245667	-0.13112106	1.02771557
0.96774194	0.61290323	-0.00901696	-0.07203539	1.02427369
1.00000000	0.61290323	0.00000000	0.00000000	1.02212101
0.00000000	0.64516129	0.00000000	0.00000000	0.97838003
0.03225806	0.64516129	-0.00410850	0.05238382	0.97744644
0.06451613	0.64516129	-0.01393064	0.09063149	0.97591903
0.09677419	0.64516129	-0.02703516	0.11586373	0.97501817
0.12903226	0.64516129	-0.04148921	0.13023699	0.97461712
0.16129032	0.64516129	-0.05597231	0.13623543	0.97457338
0.19354839	0.64516129	-0.06970942	0.13619870	0.97476699
0.22580645	0.64516129	-0.08233370	0.13207322	0.97511547
0.25806452	0.64516129	-0.09374754	0.12533330	0.97557244
0.29032258	0.64516129	-0.10401303	0.11700834	0.97611909
0.32258065	0.64516129	-0.11327834	0.10775967	0.97675473
0.35483871	0.64516129	-0.12173355	0.09796641	0.97748956
0.38709677	0.64516129	-0.12958608	0.08779709	0.97834046
0.41935484	0.64516129	-0.13704673	0.07725819	0.97932937
0.45161290	0.64516129	-0.14431903	0.06621952	0.98048385
0.48387097	0.64516129	-0.15158681	0.05442168	0.98183935
0.51612903	0.64516129	-0.15899507	0.04147329	0.98344270
0.54838710	0.64516129	-0.16662011	0.02684881	0.98535649
0.58064516	0.64516129	-0.17442468	0.00990147	0.98766318
0.61290323	0.64516129	-0.18219598	-0.01008929	0.99046684
0.64516129	0.64516129	-0.18946790	-0.03381068	0.99388840
0.67741935	0.64516129	-0.19543667	-0.06172341	0.99804782
0.70967742	0.64516129	-0.19889188	-0.09376120	1.00302521
0.74193548	0.64516129	-0.19820399	-0.12892346	1.00879514
0.77419355	0.64516129	-0.19143325	-0.16480685	1.01514001
0.80645161	0.64516129	-0.17664918	-0.19720276	1.02157173
0.83870968	0.64516129	-0.15255377	-0.22000978	1.02732058
0.87096774	0.64516129	-0.11943980	-0.22584550	1.03145782
0.90322581	0.64516129	-0.08030169	-0.20775503	1.03316033
0.93548387	0.64516129	-0.04148371	-0.16195530	1.03199885
0.96774194	0.64516129	-0.01183787	-0.09029609	1.02805480
1.00000000	0.64516129	0.00000000	0.00000000	1.02542866
0.00000000	0.67741935	0.00000000	0.00000000	0.97361811
0.03225806	0.67741935	-0.00489817	0.05987500	0.97253673
0.06451613	0.67741935	-0.01632781	0.10285306	0.97081293
0.09677419	0.67741935	-0.03116558	0.13039591	0.96988844
0.12903226	0.67741935	-0.04703910	0.14531057	0.96957705
0.16129032	0.67741935	-0.06243565	0.15074461	0.96967434
0.19354839	0.67741935	-0.07655675	0.14957050	0.97001490
0.22580645	0.67741935	-0.08909959	0.14410223	0.97049037
0.25806452	0.67741935	-0.10006131	0.13603890	0.97104298
0.29032258	0.67741935	-0.10959919	0.12653334	0.97165052
0.32258065	0.67741935	-0.11794528	0.11630768	0.97231197
0.35483871	0.67741935	-0.12536051	0.10576714	0.97303738
0.38709677	0.67741935	-0.13211290	0.09508837	0.97384237
0.41935484	0.67741935	-0.13846798	0.08427564	0.97474637
0.45161290	0.67741935	-0.14468356	0.07318738	0.97577361
0.48387097	0.67741935	-0.15100325	0.06153945	0.97695664
0.51612903	0.67741935	-0.15764430	0.04889364	0.97834184
0.54838710	0.67741935	-0.16477464	0.03464171	0.97999720
0.58064516	0.67741935	-0.17247395	0.01800020	0.98202151
0.61290323	0.67741935	-0.18067308	-0.00196263	0.98455323
0.64516129	0.67741935	-0.18906809	-0.02623779	0.98777431
0.67741935	0.67741935	-0.19701031	-0.05568773	0.99190024
0.70967742	0.67741935	-0.20338518	-0.09072173	0.99714263
0.74193548	0.67741935	-0.20651322	-0.13080913	1.00362918
0.77419355	0.67741935	-0.20414102	-0.17384278	1.01127454
0.80645161	0.67741935	-0.19364007	-0.21544903	1.01962521
0.83870968	0.67741935	-0.17258573	-0.24850084	1.02775486
0.87096774	0.67741935	-0.13989717	-0.26334797	1.03433729
0.90322581	0.67741935	-0.09754441	-0.24953974	1.03799049
0.93548387	0.67741935	-0.05223427	-0.19958487	1.03778064
0.96774194	0.67741935	-0.01543871	-0.11351909	1.03352960
1.00000000	0.67741935	0.00000000	0.00000000	1.03042180
0.00000000	0.70967742	0.00000000	0.00000000	0.96792669
0.03225806	0.70967742	-0.00597299	0.06871162	0.96666494
0.06451613	0.70967742	-0.01943593	0.11689888	0.96473449
0.09677419	0.70967742	-0.03625642	0.14657502	0.96386436
0.12903226	0.70967742	-0.05349849	0.16150706	0.96376434
0.16129032	0.70967742	-0.06946815	0.16575307	0.96413092
0.19354839	0.70967742	-0.08341265	0.16286264	0.96473332
0.22580645	0.70967742	-0.09516967	0.15557778	0.96543107
0.25806452	0.70967742	-0.10489285	0.14583289	0.96615587
0.29032258	0.70967742	-0.11287726	0.13489230	0.96688517
0.32258065	0.70967742	-0.11946464	0.12352099	0.96762041
0.35483871	0.70967742	-0.12499957	0.11213403	0.96837328
0.38709677	0.70967742	-0.12981351	0.10090456	0.96915868
0.41935484	0.70967742	-0.13422200	0.08982885	0.96999281
0.45161290	0.70967742	-0.13852659	0.07875480	0.97089471
0.48387097	0.70967742	-0.14301677	0.06738243	0.97189084
0.51612903	0.70967742	-0.14796765	0.05524467	0.97302266
0.54838710	0.70967742	-0.15362932	0.04167847	0.97435777
0.58064516	0.70967742	-0.16020152	0.02579991	0.97600458
0.61290323	0.70967742	-0.16778614	0.00650486	0.97812948
0.64516129	0.70967742	-0.17630821	-0.01747345	0.98097207
0.67741935	0.70967742	-0.18539703	-0.04740631	0.98484857
0.70967742	0.70967742	-0.19422501	-0.08425828	0.99012531
0.74193548	0.70967742	-0.20131797	-0.12816761	0.99713651
0.77419355	0.70967742	-0.20438800	-0.17767998	1.00602207
0.80645161	0.70967742	-0.20031145	-0.22875804	1.01648651
0.83870968	0.70967742	-0.18549079	-0.27375267	1.02755096
0.87096774	0.70967742	-0.15696805	-0.30088681	1.03748245
0.90322581	0.70967742	-0.11464289	-0.29541792	1.04414283
0.93548387	0.70967742	-0.06436868	-0.24406099	1.04576897
0.96774194	0.70967742	-0.01994687	-0.14253035	1.04163957
1.00000000	0.70967742	0.00000000	0.00000000	1.03812317
0.00000000	0.74193548	0.00000000	0.00000000	0.96098348
0.03225806	0.74193548	-0.00750085	0.07931092	0.95950493
0.06451613	0.74193548	-0.02357110	0.13313648	0.95739048
0.09677419	0.74193548	-0.04257301	0.16445845	0.95674130
0.12903226	0.74193548	-0.06087924	0.17852229	0.95707459
0.16129032	0.74193548	-0.07669738	0.18065877	0.95792523
0.19354839	0.74193548	-0.08946594	0.17527201	0.95897077
0.22580645	0.74193548	-0.09929451	0.16558242	0.96003513
0.25806452	0.74193548	-0.10658742	0.15374649	0.96104516
0.29032258	0.74193548	-0.11183632	0.14110513	0.96198526
0.32258065	0.74193548	-0.11552460	0.12842998	0.96286544
0.35483871	0.74193548	-0.11809353	0.11611601	0.96370322
0.38709677	0.74193548	-0.11993755	0.10431080	0.96451545
0.41935484	0.74193548	-0.12141186	0.09298873	0.96531641
0.45161290	0.74193548	-0.12284391	0.08198215	0.96612009
0.48387097	0.74193548	-0.12454546	0.07098051	0.96694593
0.51612903	0.74193548	-0.12682251	0.05950619	0.96782829
0.54838710	0.74193548	-0.12998022	0.04687558	0.96883067
0.58064516	0.74193548	-0.13431769	0.03215703	0.97006557
0.61290323	0.74193548	-0.14010418	0.01414407	0.97171974
0.64516129	0.74193548	-0.14752425	-0.00862689	0.97408165
0.67741935	0.74193548	-0.15657442	-0.03777091	0.97756132
0.70967742	0.74193548	-0.16689152	-0.07480078	0.98268257
0.74193548	0.74193548	-0.17749728	-0.12064614	0.99001459
0.77419355	0.74193548	-0.18646986	-0.17484929	0.99999958
0.80645161	0.74193548	-0.19062741	-0.23434623	1.01264349
0.83870968	0.74193548	-0.18547485	-0.29184423	1.02710075
0.87096774	0.74193548	-0.16594708	-0.33419586	1.04134630
0.90322581	0.74193548	-0.12877108	-0.34213909	1.05235172
0.93548387	0.74193548	-0.07703800	-0.29428087	1.05710536
0.96774194	0.74193548	-0.02548864	-0.17788776	1.05387571
1.00000000	0.74193548	0.00000000	0.00000000	1.05016135
0.00000000	0.77419355	0.00000000	0.00000000	0.95225151
0.03225806	0.77419355	-0.00979003	0.09228272	0.95052915
0.06451613	0.77419355	-0.02922341	0.15197104	0.94834577
0.09677419	0.77419355	-0.05039301	0.18388315	0.94826389
0.12903226	0.77419355	-0.06892593	0.19563142	0.94942793
0.16129032	0.77419355	-0.08318155	0.19433976	0.95111142
0.19354839	0.77419355	-0.09307178	0.18545976	0.95287312
0.22580645	0.77419355	-0.09918966	0.17269925	0.95450849
0.25806452	0.77419355	-0.10232103	0.15837470	0.95595559
0.29032258	0.77419355	-0.10322342	0.14382949	0.95722066
0.32258065	0.77419355	-0.10255093	0.12977820	0.95833366
0.35483871	0.77419355	-0.10084541	0.11654698	0.95932614
0.38709677	0.77419355	-0.09855289	0.10422289	0.96022275
0.41935484	0.77419355	-0.09604712	0.09273520	0.96104019
0.45161290	0.77419355	-0.09365370	0.08188840	0.96179075
0.48387097	0.77419355	-0.09167372	0.07136103	0.96248950
0.51612903	0.77419355	-0.09040640	0.06067944	0.96316568
0.54838710	0.77419355	-0.09017040	0.04917366	0.96387968
0.58064516	0.77419355	-0.09132073	0.03592388	0.96474728
0.61290323	0.77419355	-0.09425474	0.01971142	0.96597183
0.64516129	0.77419355	-0.09939450	-0.00100320	0.96788224
0.67741935	0.77419355	-0.10712384	-0.02803903	0.97096850
0.70967742	0.77419355	-0.11764711	-0.06333542	0.97589575
0.74193548	0.77419355	-0.13072466	-0.10858927	0.98346151
0.77419355	0.77419355	-0.14523922	-0.16454984	0.99444232
0.80645161	0.77419355	-0.15859009	-0.22975303	1.00926270
0.83870968	0.77419355	-0.16607757	-0.29843299	1.02744541
0.87096774	0.77419355	-0.16085263	-0.35759057	1.04695171
0.90322581	0.77419355	-0.13571416	-0.38432699	1.06391152
0.93548387	0.77419355	-0.08860153	-0.34734342	1.07361479
0.96774194	0.77419355	-0.03216810	-0.21956834	1.07259848
1.00000000	0.77419355	0.00000000	0.00000000	1.06912765
0.00000000	0.80645161	0.00000000	0.00000000	0.94076435
0.03225806	0.80645161	-0.01342214	0.10853432	0.93883450
0.06451613	0.80645161	-0.03710397	0.17373946	0.93694913
0.09677419	0.80645161	-0.05979011	0.20416096	0.93814594
0.12903226	0.80645161	-0.07661944	0.21131082	0.94083576
0.16129032	0.80645161	-0.08671132	0.20480462	0.94389473
0.19354839	0.80645161	-0.09095201	0.19128013	0.94675857
0.22580645	0.80645161	-0.09072038	0.17483166	0.94922952
0.25806452	0.80645161	-0.08732975	0.15778024	0.95129297
0.29032258	0.80645161	-0.08185333	0.14133503	0.95300481
0.32258065	0.80645161	-0.07511326	0.12605197	0.95443472
0.35483871	0.80645161	-0.06772387	0.11211797	0.95564231
0.38709677	0.80645161	-0.06014373	0.09951250	0.95667032
0.41935484	0.80645161	-0.05272258	0.08808953	0.95754596
0.45161290	0.80645161	-0.04574128	0.07760875	0.95828686
0.48387097	0.80645161	-0.03944722	0.06773322	0.95891039
0.51612903	0.80645161	-0.03408822	0.05800288	0.95944742
0.54838710	0.80645161	-0.02994736	0.04778991	0.95996204
0.58064516	0.80645161	-0.02737901	0.03624137	0.96057939
0.61290323	0.80645161	-0.02684287	0.02221785	0.96152301
0.64516129	0.80645161	-0.02892680	0.00424222	0.96316051
0.67741935	0.80645161	-0.03433893	-0.01951830	0.96605099
0.70967742	0.80645161	-0.04383346	-0.05119996	0.97097767
0.74193548	0.80645161	-0.05800942	-0.09305401	0.97893398
0.77419355	0.80645161	-0.07688703	-0.14698385	0.99100974
0.80645161	0.80645161	-0.09914164	-0.21350788	1.00809567
0.83870968	0.80645161	-0.12094681	-0.28958167	1.03029595
0.87096774	0.80645161	-0.13478450	-0.36455925	1.05598231
0.90322581	0.80645161	-0.12968742	-0.41439018	1.08081564
0.93548387	0.80645161	-0.09619255	-0.39782691	1.09807528
0.96774194	0.80645161	-0.03995538	-0.26648927	1.10150325
1.00000000	0.80645161	0.00000000	0.00000000	1.09913727
0.00000000	0.83870968	0.00000000	0.00000000	0.92462059
0.03225806	0.83870968	-0.01947130	0.12938668	0.92278075
0.06451613	0.83870968	-0.04796080	0.19833901	0.92224597
0.09677419	0.83870968	-0.06978640	0.22339861	0.92616117
0.12903226	0.83870968	-0.08081138	0.22255262	0.93154339
0.16129032	0.83870968	-0.08220154	0.20867232	0.93676787
0.19354839	0.83870968	-0.07658096	0.18946882	0.94122894
0.22580645	0.83870968	-0.06643202	0.16907699	0.94483047
0.25806452	0.83870968	-0.05365867	0.14950765	0.94767647
0.29032258	0.83870968	-0.03959640	0.13161299	0.94992107
0.32258065	0.83870968	-0.02514115	0.11564874	0.95170607
0.35483871	0.83870968	-0.01087985	0.10157745	0.95314093
0.38709677	0.83870968	0.00280716	0.08922160	0.95430162
0.41935484	0.83870968	0.01567130	0.07833275	0.95523733
0.45161290	0.83870968	0.02754033	0.06861304	0.95598075
0.48387097	0.83870968	0.03827386	0.05970796	0.95656101
0.51612903	0.83870968	0.04772266	0.05117958	0.95702066
0.54838710	0.83870968	0.05568629	0.04246445	0.95743843
0.58064516	0.83870968	0.06186578	0.03281939	0.95796035
0.61290323	0.83870968	0.06581040	0.02125922	0.95884088
0.64516129	0.83870968	0.06686276	0.00649287	0.96049344
0.67741935	0.83870968	0.06411452	-0.01313235	0.96354534
0.70967742	0.83870968	0.05639936	-0.03966492	0.96888326
0.74193548	0.83870968	0.04237704	-0.07553570	0.97766330
0.77419355	0.83870968	0.02081536	-0.12341760	0.99124149
0.80645161	0.83870968	-0.00872712	-0.18569324	1.01095278
0.83870968	0.83870968	-0.04450264	-0.26279012	1.03760803
0.87096774	0.83870968	-0.08026870	-0.34884994	1.07047241
0.90322581	0.83870968	-0.10301640	-0.42291893	1.10555497
0.93548387	0.83870968	-0.09490197	-0.43707545	1.13431534
0.96774194	0.83870968	-0.04824164	-0.31576087	1.14621971
1.00000000	0.83870968	0.00000000	0.00000000	1.14669267
0.00000000	0.87096774	0.00000000	0.00000000	0.89971711
0.03225806	0.87096774	-0.02963159	0.15649512	0.89922674
0.06451613	0.87096774	-0.06117000	0.22405455	0.90296573
0.09677419	0.87096774	-0.07540896	0.23701154	0.91241441
0.12903226	0.87096774	-0.07258326	0.22372596	0.92231364
0.16129032	0.87096774	-0.05811367	0.20057420	0.93073656
0.19354839	0.87096774	-0.03709410	0.17551060	0.93732345
0.22580645	0.87096774	-0.01309283	0.15190937	0.94228293
0.25806452	0.87096774	0.01167017	0.13094462	0.94596770
0.29032258	0.87096774	0.03590628	0.11281751	0.94871042
0.32258065	0.87096774	0.05891290	0.09733541	0.95077318
0.35483871	0.87096774	0.08033965	0.08416966	0.95234380
0.38709677	0.87096774	0.10004063	0.07296136	0.95354885
0.41935484	0.87096774	0.11798171	0.06335637	0.95447099
0.45161290	0.87096774	0.13417979	0.05500619	0.95516691
0.48387097	0.87096774	0.14865814	0.04755089	0.95568600
0.51612903	0.87096774	0.16140732	0.04059046	0.95609170
0.54838710	0.87096774	0.17234401	0.03364679	0.95648793
0.58064516	0.87096774	0.18126245	0.02611727	0.95705339
0.61290323	0.87096774	0.18777491	0.01722088	0.95808561
0.64516129	0.87096774	0.19124077	0.00593811	0.96005481
0.67741935	0.87096774	0.19068829	-0.00905489	0.96366347
0.70967742	0.87096774	0.18474184	-0.02946247	0.96990105
0.74193548	0.87096774	0.17158354	-0.05747001	0.98007352
0.77419355	0.87096774	0.14902011	-0.09587968	0.99577508
0.80645161	0.87096774	0.11483652	-0.14818987	1.01875239
0.83870968	0.87096774	0.06788624	-0.21804008	1.05056923
0.87096774	0.87096774	0.01078101	-0.30604548	1.09181547
0.90322581	0.87096774	-0.04519180	-0.39975690	1.14015289
0.93548387	0.87096774	-0.07591834	-0.45260166	1.18666650
0.96774194	0.87096774	-0.05440244	-0.36139122	1.21490611
1.00000000	0.87096774	0.00000000	0.00000000	1.22201108
0.00000000	0.90322581	0.00000000	0.00000000	0.85650844
0.03225806	0.90322581	-0.04453024	0.19055668	0.86195826
0.06451613	0.90322581	-0.06793963	0.24411637	0.87793931
0.09677419	0.90322581	-0.05845802	0.23481187	0.89805408
0.12903226	0.90322581	-0.02851628	0.20525733	0.91502524
0.16129032	0.90322581	0.01045401	0.17318316	0.92772200
0.19354839	0.90322581	0.05162138	0.14444797	0.93672158
0.22580645	0.90322581	0.09150316	0.12031273	0.94294516
0.25806452	0.90322581	0.12853392	0.10050853	0.94721854
0.29032258	0.90322581	0.16215314	0.08437025	0.95016588
0.32258065	0.90322581	0.19230034	0.07121537	0.95222184
0.35483871	0.90322581	0.21914860	0.06044972	0.95367466
0.38709677	0.90322581	0.24296575	0.05157954	0.95470978
0.41935484	0.90322581	0.26404081	0.04419359	0.95544597
0.45161290	0.90322581	0.28264228	0.03793661	0.95596503
0.48387097	0.90322581	0.29898984	0.03248044	0.95633793
0.51612903	0.90322581	0.31322862	0.02749372	0.95665138
0.54838710	0.90322581	0.32539906	0.02260933	0.95703797
0.58064516	0.90322581	0.33539711	0.01738849	0.95771344
0.61290323	0.90322581	0.34292065	0.01128091	0.95902296
0.64516129	0.90322581	0.34739948	0.00357949	0.96149731
0.67741935	0.90322581	0.34790758	-0.00663342	0.96591651
0.70967742	0.90322581	0.34305848	-0.02056016	0.97337365
0.74193548	0.90322581	0.33088757	-0.03981395	0.98532604
0.77419355	0.90322581	0.30873488	-0.06667056	1.00361362
0.80645161	0.90322581	0.27319243	-0.10455937	1.03041860
0.83870968	0.90322581	0.22040281	-0.15873460	1.06813032
0.87096774	0.90322581	0.14774051	-0.23577188	1.11901212
0.90322581	0.90322581	0.05941091	-0.33621957	1.18401063
0.93548387	0.90322581	-0.02199444	-0.42786480	1.25780940
0.96774194	0.90322581	-0.04953694	-0.39167920	1.31846048
1.00000000	0.90322581	0.00000000	0.00000000	1.34131765
0.00000000	0.93548387	0.00000000	0.00000000	0.77285482
0.03225806	0.93548387	-0.04784903	0.22443474	0.79895549
0.06451613	0.93548387	-0.02422119	0.23798232	0.84819241
0.09677419	0.93548387	0.03611324	0.19758818	0.88753429
0.12903226	0.93548387	0.10506871	0.15481393	0.91421939
0.16129032	0.93548387	0.17068672	0.12043653	0.93125650
0.19354839	0.93548387	0.22909091	0.09446144	0.94186132
0.22580645	0.93548387	0.27967909	0.07499682	0.94839163
0.25806452	0.93548387	0.32302694	0.06029464	0.95239447
0.29032258	0.93548387	0.36004961	0.04905109	0.95484259
0.32258065	0.93548387	0.39168280	0.04033995	0.95633541
0.35483871	0.93548387	0.41877120	0.03350424	0.95723744
0.38709677	0.93548387	0.44203758	0.02806915	0.95776855
0.41935484	0.93548387	0.46208100	0.02367984	0.95806345
0.45161290	0.93548387	0.47938255	0.02005716	0.95821321
0.48387097	0.93548387	0.49430928	0.01696456	0.95829809
0.51612903	0.93548387	0.50711144	0.01418124	0.95841785
0.54838710	0.93548387	0.51791017	0.01147830	0.95872442
0.58064516	0.93548387	0.52667303	0.00859569	0.95946060
0.61290323	0.93548387	0.53317486	0.00521852	0.96100741
0.64516129	0.93548387	0.53694181	0.00095119	0.96394136
0.67741935	0.93548387	0.53717539	-0.00471387	0.96910126
0.70967742	0.93548387	0.53265237	-0.01244245	0.97766191
0.74193548	0.93548387	0.52158991	-0.02314640	0.99121123
0.77419355	0.93548387	0.50145051	-0.03818453	1.01182945
0.80645161	0.93548387	0.46863488	-0.05985778	1.04217906
0.83870968	0.93548387	0.41801581	-0.09258815	1.08563706
0.87096774	0.93548387	0.34261504	-0.14505357	1.14655068
0.90322581	0.93548387	0.23573448	-0.23002193	1.23068756
0.93548387	0.93548387	0.10359849	-0.34365379	1.34342963
0.96774194	0.93548387	-0.00496238	-0.38338565	1.46928762
1.00000000	0.93548387	0.00000000	0.00000000	1.53110480
0.00000000	0.96774194	0.00000000	0.00000000	0.59282997
0.03225806	0.96774194	0.09687593	0.21477786	0.68935536
0.06451613	0.96774194	0.22443474	0.16015409	0.83036995
0.09677419	0.96774194	0.33485824	0.10552196	0.89652891
0.12903226	0.96774194	0.42202291	0.07068384	0.92929528
0.16129032	0.96774194	0.48967216	0.04916095	0.94618791
0.19354839	0.96774194	0.54245944	0.03545560	0.95498750
0.22580645	0.96774194	0.58413360	0.02637669	0.95948306
0.25806452	0.96774194	0.61745625	0.02013800	0.96164162
0.29032258	0.96774194	0.64442824	0.01571439	0.96252750
0.32258065	0.96774194	0.66650734	0.01249378	0.96272940
0.35483871	0.96774194	0.68476819	0.01009494	0.96257448
0.38709677	0.96774194	0.70001159	0.00826975	0.96224373
0.41935484	0.96774194	0.71283734	0.00684863	0.96183900
0.45161290	0.96774194	0.72369143	0.00570833	0.96142635
0.48387097	0.96774194	0.73289451	0.00475156	0.96106877
0.51612903	0.96774194	0.74065599	0.00389283	0.96085577
0.54838710	0.96774194	0.74707575	0.00304774	0.96093516
0.58064516	0.96774194	0.75213429	0.00212381	0.96155054
0.61290323	0.96774194	0.75567144	0.00101214	0.96308733
0.64516129	0.96774194	0.75735282	-0.00042102	0.96612896
0.67741935	0.96774194	0.75662264	-0.00234398	0.97152429
0.70967742	0.96774194	0.75263896	-0.00497467	0.98046740
0.74193548	0.96774194	0.74418020	-0.00861207	0.99459481
0.77419355	0.96774194	0.72949257	-0.01371552	1.01611863
0.80645161	0.96774194	0.70599569	-0.02112466	1.04805249
0.83870968	0.96774194	0.66963480	-0.03271474	1.09468743
0.87096774	0.96774194	0.61340755	-0.05349053	1.16275308
0.90322581	0.96774194	0.52458124	-0.09720301	1.26442866
0.93548387	0.96774194	0.38338564	-0.18716792	1.42246544
0.96774194	0.96774194	0.18092747	-0.28808069	1.66719783
1.00000000	0.96774194	0.00000000	0.00000000	1.81513291
0.00000000	1.00000000	1.00000000	0.00000000	0.46859907
0.03225806	1.00000000	1.00000000	0.00000000	0.61966050
0.06451613	1.00000000	1.00000000	0.00000000	0.82822899
0.09677419	1.00000000	1.00000000	0.00000000	0.90895060
0.12903226	1.00000000	1.00000000	0.00000000	0.94234844
0.16129032	1.00000000	1.00000000	0.00000000	0.95714550
0.19354839	1.00000000	1.00000000	0.00000000	0.96375603
0.22580645	1.00000000	1.00000000	0.00000000	0.96645591
0.25806452	1.00000000	1.00000000	0.00000000	0.96721798
0.29032258	1.00000000	1.00000000	0.00000000	0.96702703
0.32258065	1.00000000	1.00000000	0.00000000	0.96639450
0.35483871	1.00000000	1.00000000	0.00000000	0.96558751
0.38709677	1.00000000	1.00000000	0.00000000	0.96474295
0.41935484	1.00000000	1.00000000	0.00000000	0.96393074
0.45161290	1.00000000	1.00000000	0.00000000	0.96319393
0.48387097	1.00000000	1.00000000	0.00000000	0.96257873
0.51612903	1.00000000	1.00000000	0.00000000	0.96216229
0.54838710	1.00000000	1.00000000	0.00000000	0.96208287
0.58064516	1.00000000	1.00000000	0.00000000	0.96257595
0.61290323	1.00000000	1.00000000	0.00000000	0.96401887
0.64516129	1.00000000	1.00000000	0.00000000	0.96698582
0.67741935	1.00000000	1.00000000	0.00000000	0.97231459
0.70967742	1.00000000	1.00000000	0.00000000	0.98118768
0.74193548	1.00000000	1.00000000	0.00000000	0.99523589
0.77419355	1.00000000	1.00000000	0.00000000	1.01669144
0.80645161	1.00000000	1.00000000	0.00000000	1.04867251
0.83870968	1.00000000	1.00000000	0.00000000	1.09584004
0.87096774	1.00000000	1.00000000	0.00000000	1.16613825
0.90322581	1.00000000	1.00000000	0.00000000	1.27540922
0.93548387	1.00000000	1.00000000	0.00000000	1.45628000
0.96774194	1.00000000	1.00000000	0.00000000	1.77630510
1.00000000	1.00000000	1.00000000	0.00000000	1.98252076
