VARIABLES="X","Y","U","V","P"
ZONE  F=POINT
I=32, J=32
0.00000000	0.00000000	0.00000000	0.00000000	1.00365587
0.03225806	0.00000000	0.00000000	0.00000000	1.00358109
0.06451613	0.00000000	0.00000000	0.00000000	1.00339478
0.09677419	0.00000000	0.00000000	0.00000000	1.00318003
0.12903226	0.00000000	0.00000000	0.00000000	1.00301008
0.16129032	0.00000000	0.00000000	0.00000000	1.00292837
0.19354839	0.00000000	0.00000000	0.00000000	1.00295708
0.22580645	0.00000000	0.00000000	0.00000000	1.00310500
0.25806452	0.00000000	0.00000000	0.00000000	1.00337294
0.29032258	0.00000000	0.00000000	0.00000000	1.00375725
0.32258065	0.00000000	0.00000000	0.00000000	1.00425163
0.35483871	0.00000000	0.00000000	0.00000000	1.00484809
0.38709677	0.00000000	0.00000000	0.00000000	1.00553711
0.41935484	0.00000000	0.00000000	0.00000000	1.00630749
0.45161290	0.00000000	0.00000000	0.00000000	1.00714595
0.48387097	0.00000000	0.00000000	0.00000000	1.00803680
0.51612903	0.00000000	0.00000000	0.00000000	1.00896159
0.54838710	0.00000000	0.00000000	0.00000000	1.00989907
0.58064516	0.00000000	0.00000000	0.00000000	1.01082535
0.61290323	0.00000000	0.00000000	0.00000000	1.01171447
0.64516129	0.00000000	0.00000000	0.00000000	1.01253931
0.67741935	0.00000000	0.00000000	0.00000000	1.01327293
0.70967742	0.00000000	0.00000000	0.00000000	1.01389032
0.74193548	0.00000000	0.00000000	0.00000000	1.01437044
0.77419355	0.00000000	0.00000000	0.00000000	1.01469853
0.80645161	0.00000000	0.00000000	0.00000000	1.01486854
0.83870968	0.00000000	0.00000000	0.00000000	1.01488578
0.87096774	0.00000000	0.00000000	0.00000000	1.01476973
0.90322581	0.00000000	0.00000000	0.00000000	1.01455751
0.93548387	0.00000000	0.00000000	0.00000000	1.01430812
0.96774194	0.00000000	0.00000000	0.00000000	1.01410592
1.00000000	0.00000000	0.00000000	0.00000000	1.01402882
0.00000000	0.03225806	0.00000000	0.00000000	1.00373065
0.03225806	0.03225806	-0.00002934	0.00002988	1.00365542
0.06451613	0.03225806	-0.00036458	0.00023074	1.00348037
0.09677419	0.03225806	-0.00103812	0.00043282	1.00329140
0.12903226	0.03225806	-0.00199586	0.00058746	1.00314735
0.16129032	0.03225806	-0.00315759	0.00068800	1.00308543
0.19354839	0.03225806	-0.00444319	0.00074090	1.00312594
0.22580645	0.03225806	-0.00578264	0.00075539	1.00327781
0.25806452	0.03225806	-0.00711824	0.00073993	1.00354276
0.29032258	0.03225806	-0.00840361	0.00070112	1.00391821
0.32258065	0.03225806	-0.00960127	0.00064361	1.00439884
0.35483871	0.03225806	-0.01068015	0.00057035	1.00497746
0.38709677	0.03225806	-0.01161345	0.00048311	1.00564516
0.41935484	0.03225806	-0.01237718	0.00038291	1.00639121
0.45161290	0.03225806	-0.01294938	0.00027056	1.00720277
0.48387097	0.03225806	-0.01331007	0.00014702	1.00806458
0.51612903	0.03225806	-0.01344182	0.00001384	1.00895870
0.54838710	0.03225806	-0.01333094	-0.00012659	1.00986451
0.58064516	0.03225806	-0.01296903	-0.00027075	1.01075896
0.61290323	0.03225806	-0.01235494	-0.00041389	1.01161710
0.64516129	0.03225806	-0.01149679	-0.00054996	1.01241304
0.67741935	0.03225806	-0.01041403	-0.00067167	1.01312125
0.70967742	0.03225806	-0.00913914	-0.00077080	1.01371829
0.74193548	0.03225806	-0.00771879	-0.00083856	1.01418473
0.77419355	0.03225806	-0.00621409	-0.00086611	1.01450734
0.80645161	0.03225806	-0.00469973	-0.00084530	1.01468135
0.83870968	0.03225806	-0.00326153	-0.00076947	1.01471267
0.87096774	0.03225806	-0.00199203	-0.00063493	1.01462016
0.90322581	0.03225806	-0.00098264	-0.00044421	1.01443795
0.93548387	0.03225806	-0.00030938	-0.00021538	1.01421760
0.96774194	0.03225806	-0.00000483	-0.00000878	1.01402861
1.00000000	0.03225806	0.00000000	0.00000000	1.01395171
0.00000000	0.06451613	0.00000000	0.00000000	1.00391896
0.03225806	0.06451613	-0.00023390	0.00036457	1.00382952
0.06451613	0.06451613	-0.00102397	0.00100876	1.00365065
0.09677419	0.06451613	-0.00235108	0.00163127	1.00349034
0.12903226	0.06451613	-0.00412474	0.00211946	1.00338181
0.16129032	0.06451613	-0.00622369	0.00244732	1.00334943
0.19354839	0.06451613	-0.00852329	0.00262504	1.00340837
0.22580645	0.06451613	-0.01090983	0.00267504	1.00356637
0.25806452	0.06451613	-0.01328587	0.00262097	1.00382591
0.29032258	0.06451613	-0.01557039	0.00248302	1.00418580
0.32258065	0.06451613	-0.01769639	0.00227652	1.00464229
0.35483871	0.06451613	-0.01960767	0.00201217	1.00518958
0.38709677	0.06451613	-0.02125581	0.00169703	1.00581998
0.41935484	0.06451613	-0.02259800	0.00133593	1.00652380
0.45161290	0.06451613	-0.02359583	0.00093288	1.00728912
0.48387097	0.06451613	-0.02421519	0.00049243	1.00810159
0.51612903	0.06451613	-0.02442717	0.00002086	1.00894425
0.54838710	0.06451613	-0.02420993	-0.00047279	1.00979766
0.58064516	0.06451613	-0.02355122	-0.00097600	1.01064008
0.61290323	0.06451613	-0.02245146	-0.00147225	1.01144818
0.64516129	0.06451613	-0.02092705	-0.00194091	1.01219792
0.67741935	0.06451613	-0.01901359	-0.00235765	1.01286588
0.70967742	0.06451613	-0.01676845	-0.00269524	1.01343088
0.74193548	0.06451613	-0.01427242	-0.00292505	1.01387580
0.77419355	0.06451613	-0.01162963	-0.00301906	1.01418956
0.80645161	0.06451613	-0.00896536	-0.00295256	1.01436895
0.83870968	0.06451613	-0.00642108	-0.00270769	1.01442024
0.87096774	0.06451613	-0.00414573	-0.00227889	1.01436033
0.90322581	0.06451613	-0.00228209	-0.00168264	1.01421707
0.93548387	0.06451613	-0.00094613	-0.00097781	1.01402823
0.96774194	0.06451613	-0.00019712	-0.00030938	1.01383775
1.00000000	0.06451613	0.00000000	0.00000000	1.01374780
0.00000000	0.09677419	0.00000000	0.00000000	1.00414081
0.03225806	0.09677419	-0.00045346	0.00105383	1.00401975
0.06451613	0.09677419	-0.00170992	0.00234791	1.00380028
0.09677419	0.09677419	-0.00365732	0.00353359	1.00363340
0.12903226	0.09677419	-0.00615584	0.00446005	1.00353355
0.16129032	0.09677419	-0.00905005	0.00508654	1.00351318
0.19354839	0.09677419	-0.01218537	0.00542703	1.00358086
0.22580645	0.09677419	-0.01541979	0.00551796	1.00374128
0.25806452	0.09677419	-0.01862935	0.00540048	1.00399599
0.29032258	0.09677419	-0.02170887	0.00511164	1.00434407
0.32258065	0.09677419	-0.02456990	0.00468088	1.00478261
0.35483871	0.09677419	-0.02713742	0.00412976	1.00530693
0.38709677	0.09677419	-0.02934660	0.00347344	1.00591046
0.41935484	0.09677419	-0.03114031	0.00272293	1.00658461
0.45161290	0.09677419	-0.03246777	0.00188773	1.00731848
0.48387097	0.09677419	-0.03328440	0.00097835	1.00809866
0.51612903	0.09677419	-0.03355301	0.00000858	1.00890910
0.54838710	0.09677419	-0.03324605	-0.00100254	1.00973115
0.58064516	0.09677419	-0.03234879	-0.00202923	1.01054390
0.61290323	0.09677419	-0.03086326	-0.00303806	1.01132476
0.64516129	0.09677419	-0.02881234	-0.00398783	1.01205042
0.67741935	0.09677419	-0.02624382	-0.00483027	1.01269818
0.70967742	0.09677419	-0.02323355	-0.00551197	1.01324755
0.74193548	0.09677419	-0.01988720	-0.00597738	1.01368207
0.77419355	0.09677419	-0.01633978	-0.00617318	1.01399110
0.80645161	0.09677419	-0.01275217	-0.00605385	1.01417148
0.83870968	0.09677419	-0.00930409	-0.00558910	1.01422856
0.87096774	0.09677419	-0.00618274	-0.00477391	1.01417654
0.90322581	0.09677419	-0.00356692	-0.00364380	1.01403744
0.93548387	0.09677419	-0.00160699	-0.00230035	1.01383846
0.96774194	0.09677419	-0.00040419	-0.00095491	1.01360676
1.00000000	0.09677419	0.00000000	0.00000000	1.01348591
0.00000000	0.12903226	0.00000000	0.00000000	1.00432275
0.03225806	0.12903226	-0.00064562	0.00207447	1.00416600
0.06451613	0.12903226	-0.00233037	0.00421260	1.00389299
0.09677419	0.12903226	-0.00484601	0.00607718	1.00370146
0.12903226	0.12903226	-0.00799480	0.00751218	1.00359368
0.16129032	0.12903226	-0.01158473	0.00847684	1.00357285
0.19354839	0.12903226	-0.01543508	0.00899477	1.00364148
0.22580645	0.12903226	-0.01938259	0.00911900	1.00380076
0.25806452	0.12903226	-0.02328476	0.00891003	1.00405064
0.29032258	0.12903226	-0.02701983	0.00842356	1.00438986
0.32258065	0.12903226	-0.03048444	0.00770506	1.00481594
0.35483871	0.12903226	-0.03359020	0.00678885	1.00532502
0.38709677	0.12903226	-0.03626035	0.00569991	1.00591158
0.41935484	0.12903226	-0.03842702	0.00445709	1.00656810
0.45161290	0.12903226	-0.04002984	0.00307696	1.00728471
0.48387097	0.12903226	-0.04101579	0.00157767	1.00804890
0.51612903	0.12903226	-0.04134056	-0.00001749	1.00884534
0.54838710	0.12903226	-0.04097112	-0.00167701	1.00965589
0.58064516	0.12903226	-0.03988958	-0.00335879	1.01045987
0.61290323	0.12903226	-0.03809765	-0.00500870	1.01123465
0.64516129	0.12903226	-0.03562174	-0.00656035	1.01195666
0.67741935	0.12903226	-0.03251769	-0.00793644	1.01260270
0.70967742	0.12903226	-0.02887460	-0.00905186	1.01315164
0.74193548	0.12903226	-0.02481687	-0.00981882	1.01358628
0.77419355	0.12903226	-0.02050341	-0.01015409	1.01389520
0.80645161	0.12903226	-0.01612337	-0.00998825	1.01407425
0.83870968	0.12903226	-0.01188762	-0.00927712	1.01412737
0.87096774	0.12903226	-0.00801607	-0.00801606	1.01406637
0.90322581	0.12903226	-0.00472144	-0.00625839	1.01390930
0.93548387	0.12903226	-0.00219202	-0.00414054	1.01367712
0.96774194	0.12903226	-0.00057900	-0.00191637	1.01338854
1.00000000	0.12903226	0.00000000	0.00000000	1.01323214
0.00000000	0.16129032	0.00000000	0.00000000	1.00441619
0.03225806	0.16129032	-0.00080620	0.00338418	1.00422514
0.06451613	0.16129032	-0.00286873	0.00654829	1.00389681
0.09677419	0.16129032	-0.00589554	0.00919800	1.00367281
0.12903226	0.16129032	-0.00963047	0.01119876	1.00354792
0.16129032	0.16129032	-0.01384276	0.01252681	1.00351876
0.19354839	0.16129032	-0.01832560	0.01322488	1.00358292
0.22580645	0.16129032	-0.02289710	0.01336763	1.00373848
0.25806452	0.16129032	-0.02740041	0.01303771	1.00398372
0.29032258	0.16129032	-0.03170198	0.01231130	1.00431681
0.32258065	0.16129032	-0.03568825	0.01125124	1.00473551
0.35483871	0.16129032	-0.03926168	0.00990567	1.00523665
0.38709677	0.16129032	-0.04233695	0.00831025	1.00581569
0.41935484	0.16129032	-0.04483808	0.00649242	1.00646616
0.45161290	0.16129032	-0.04669678	0.00447650	1.00717920
0.48387097	0.16129032	-0.04785228	0.00228906	1.00794312
0.51612903	0.16129032	-0.04825286	-0.00003610	1.00874313
0.54838710	0.16129032	-0.04785874	-0.00245352	1.00956127
0.58064516	0.16129032	-0.04664647	-0.00490270	1.01037659
0.61290323	0.16129032	-0.04461432	-0.00730590	1.01116573
0.64516129	0.16129032	-0.04178829	-0.00956779	1.01190391
0.67741935	0.16129032	-0.03822801	-0.01157741	1.01256632
0.70967742	0.16129032	-0.03403160	-0.01321279	1.01313001
0.74193548	0.16129032	-0.02933839	-0.01434857	1.01357585
0.77419355	0.16129032	-0.02432829	-0.01486667	1.01389060
0.80645161	0.16129032	-0.01921708	-0.01466963	1.01406847
0.83870968	0.16129032	-0.01424687	-0.01369639	1.01411191
0.87096774	0.16129032	-0.00967233	-0.01194008	1.01403120
0.90322581	0.16129032	-0.00574406	-0.00946785	1.01384259
0.93548387	0.16129032	-0.00269265	-0.00644280	1.01356486
0.96774194	0.16129032	-0.00071906	-0.00314692	1.01321458
1.00000000	0.16129032	0.00000000	0.00000000	1.01302306
0.00000000	0.19354839	0.00000000	0.00000000	1.00438925
0.03225806	0.19354839	-0.00094190	0.00494319	1.00416666
0.06451613	0.19354839	-0.00333772	0.00930192	1.00378531
0.09677419	0.19354839	-0.00682606	0.01283890	1.00352628
0.12903226	0.19354839	-0.01109630	0.01545939	1.00337979
0.16129032	0.19354839	-0.01587877	0.01717196	1.00333786
0.19354839	0.19354839	-0.02094014	0.01804909	1.00339437
0.22580645	0.19354839	-0.02608069	0.01819380	1.00354482
0.25806452	0.19354839	-0.03113132	0.01771491	1.00378607
0.29032258	0.19354839	-0.03594958	0.01671139	1.00411580
0.32258065	0.19354839	-0.04041491	0.01526474	1.00453197
0.35483871	0.19354839	-0.04442357	0.01343754	1.00503210
0.38709677	0.19354839	-0.04788423	0.01127631	1.00561262
0.41935484	0.19354839	-0.05071450	0.00881691	1.00626813
0.45161290	0.19354839	-0.05283895	0.00609115	1.00699076
0.48387097	0.19354839	-0.05418887	0.00313375	1.00776961
0.51612903	0.19354839	-0.05470372	-0.00001103	1.00859031
0.54838710	0.19354839	-0.05433445	-0.00328340	1.00943481
0.58064516	0.19354839	-0.05304852	-0.00660322	1.01028145
0.61290323	0.19354839	-0.05083635	-0.00986689	1.01110546
0.64516129	0.19354839	-0.04771874	-0.01294667	1.01187997
0.67741935	0.19354839	-0.04375444	-0.01569312	1.01257755
0.70967742	0.19354839	-0.03904671	-0.01794148	1.01317223
0.74193548	0.19354839	-0.03374741	-0.01952213	1.01364182
0.77419355	0.19354839	-0.02805726	-0.02027540	1.01397030
0.80645161	0.19354839	-0.02222098	-0.02006966	1.01414968
0.83870968	0.19354839	-0.01651680	-0.01882186	1.01418099
0.87096774	0.19354839	-0.01124085	-0.01651887	1.01407394
0.90322581	0.19354839	-0.00668874	-0.01323806	1.01384503
0.93548387	0.19354839	-0.00313785	-0.00916554	1.01351415
0.96774194	0.19354839	-0.00083566	-0.00460902	1.01310011
1.00000000	0.19354839	0.00000000	0.00000000	1.01287442
0.00000000	0.22580645	0.00000000	0.00000000	1.00421989
0.03225806	0.22580645	-0.00106142	0.00672189	1.00396816
0.06451613	0.22580645	-0.00375941	0.01243244	1.00353658
0.09677419	0.22580645	-0.00767427	0.01695657	1.00324217
0.12903226	0.22580645	-0.01244565	0.02025146	1.00307217
0.16129032	0.22580645	-0.01776608	0.02237064	1.00301529
0.19354839	0.22580645	-0.02337572	0.02342679	1.00306255
0.22580645	0.22580645	-0.02905732	0.02355879	1.00320751
0.25806452	0.22580645	-0.03463068	0.02290659	1.00344587
0.29032258	0.22580645	-0.03994633	0.02159488	1.00377502
0.32258065	0.22580645	-0.04487891	0.01972521	1.00419322
0.35483871	0.22580645	-0.04932072	0.01737499	1.00469876
0.38709677	0.22580645	-0.05317623	0.01460117	1.00528911
0.41935484	0.22580645	-0.05635779	0.01144713	1.00596003
0.45161290	0.22580645	-0.05878314	0.00795086	1.00670474
0.48387097	0.22580645	-0.06037471	0.00415382	1.00751317
0.51612903	0.22580645	-0.06106106	0.00010948	1.00837134
0.54838710	0.22580645	-0.06078042	-0.00410873	1.00926091
0.58064516	0.22580645	-0.05948653	-0.00840081	1.01015917
0.61290323	0.22580645	-0.05715637	-0.01263569	1.01103937
0.64516129	0.22580645	-0.05379951	-0.01664969	1.01187171
0.67741935	0.22580645	-0.04946812	-0.02024944	1.01262504
0.70967742	0.22580645	-0.04426614	-0.02321983	1.01326914
0.74193548	0.22580645	-0.03835589	-0.02533803	1.01377750
0.77419355	0.22580645	-0.03196001	-0.02639309	1.01413025
0.80645161	0.22580645	-0.02535700	-0.02621009	1.01431651
0.83870968	0.22580645	-0.01886943	-0.02467653	1.01433589
0.87096774	0.22580645	-0.01284535	-0.02176814	1.01419834
0.90322581	0.22580645	-0.00763555	-0.01757084	1.01392235
0.93548387	0.22580645	-0.00357067	-0.01229587	1.01353153
0.96774194	0.22580645	-0.00094338	-0.00628477	1.01304993
1.00000000	0.22580645	0.00000000	0.00000000	1.01278932
0.00000000	0.25806452	0.00000000	0.00000000	1.00389129
0.03225806	0.25806452	-0.00117293	0.00870259	1.00361177
0.06451613	0.25806452	-0.00415700	0.01591476	1.00313168
0.09677419	0.25806452	-0.00848066	0.02152513	1.00280200
0.12903226	0.25806452	-0.01373723	0.02555119	1.00260771
0.16129032	0.25806452	-0.01958259	0.02810201	1.00253490
0.19354839	0.25806452	-0.02573066	0.02934032	1.00257235
0.22580645	0.25806452	-0.03194706	0.02944875	1.00271199
0.25806452	0.25806452	-0.03804134	0.02860391	1.00294873
0.29032258	0.25806452	-0.04385847	0.02695961	1.00327982
0.32258065	0.25806452	-0.04927012	0.02463912	1.00370400
0.35483871	0.25806452	-0.05416652	0.02173486	1.00422050
0.38709677	0.25806452	-0.05844951	0.01831338	1.00482801
0.41935484	0.25806452	-0.06202721	0.01442382	1.00552364
0.45161290	0.25806452	-0.06481058	0.01010807	1.00630189
0.48387097	0.25806452	-0.06671213	0.00541166	1.00715371
0.51612903	0.25806452	-0.06764698	0.00039467	1.00806560
0.54838710	0.25806452	-0.06753660	-0.00485793	1.00901897
0.58064516	0.25806452	-0.06631534	-0.01022728	1.00998982
0.61290323	0.25806452	-0.06393978	-0.01555391	1.01094894
0.64516129	0.25806452	-0.06040052	-0.02063491	1.01186280
0.67741935	0.25806452	-0.05573557	-0.02522649	1.01269538
0.70967742	0.25806452	-0.05004340	-0.02905371	1.01341079
0.74193548	0.25806452	-0.04349354	-0.03182826	1.01397668
0.77419355	0.25806452	-0.03633162	-0.03327428	1.01436787
0.80645161	0.25806452	-0.02887605	-0.03316024	1.01456962
0.83870968	0.25806452	-0.02150480	-0.03133352	1.01457976
0.87096774	0.25806452	-0.01463223	-0.02775274	1.01440903
0.90322581	0.25806452	-0.00867896	-0.02251274	1.01407934
0.93548387	0.25806452	-0.00404003	-0.01585770	1.01362005
0.96774194	0.25806452	-0.00105716	-0.00817969	1.01306289
1.00000000	0.25806452	0.00000000	0.00000000	1.01276377
0.00000000	0.29032258	0.00000000	0.00000000	1.00338886
0.03225806	0.29032258	-0.00128334	0.01087887	1.00308172
0.06451613	0.29032258	-0.00455168	0.01974016	1.00255319
0.09677419	0.29032258	-0.00928360	0.02653679	1.00218787
0.12903226	0.29032258	-0.01502720	0.03135337	1.00196872
0.16129032	0.29032258	-0.02140214	0.03436406	1.00187947
0.19354839	0.29032258	-0.02809627	0.03579125	1.00190686
0.22580645	0.29032258	-0.03485847	0.03586946	1.00204146
0.25806452	0.29032258	-0.04148906	0.03481800	1.00227752
0.29032258	0.29032258	-0.04782895	0.03282365	1.00261238
0.32258065	0.29032258	-0.05374869	0.03003325	1.00304542
0.35483871	0.29032258	-0.05913842	0.02655436	1.00357705
0.38709677	0.29032258	-0.06389917	0.02246186	1.00420743
0.41935484	0.29032258	-0.06793607	0.01780820	1.00493534
0.45161290	0.29032258	-0.07115370	0.01263578	1.00575692
0.48387097	0.29032258	-0.07345375	0.00699021	1.00666449
0.51612903	0.29032258	-0.07473545	0.00093395	1.00764540
0.54838710	0.29032258	-0.07489909	-0.00544036	1.00868103
0.58064516	0.29032258	-0.07385312	-0.01199764	1.00974612
0.61290323	0.29032258	-0.07152521	-0.01855051	1.01080868
0.64516129	0.29032258	-0.06787700	-0.02485391	1.01183075
0.67741935	0.29032258	-0.06292185	-0.03060656	1.01277019
0.70967742	0.29032258	-0.05674347	-0.03546185	1.01358378
0.74193548	0.29032258	-0.04951253	-0.03904981	1.01423134
0.77419355	0.29032258	-0.04149690	-0.04101058	1.01468040
0.80645161	0.29032258	-0.03306124	-0.04103689	1.01491071
0.83870968	0.29032258	-0.02465245	-0.03892035	1.01491740
0.87096774	0.29032258	-0.01677041	-0.03459398	1.01471209
0.90322581	0.29032258	-0.00992693	-0.02816304	1.01432116
0.93548387	0.29032258	-0.00460010	-0.01991767	1.01378163
0.96774194	0.29032258	-0.00119252	-0.01032480	1.01313505
1.00000000	0.29032258	0.00000000	0.00000000	1.01279027
0.00000000	0.32258065	0.00000000	0.00000000	1.00269833
0.03225806	0.32258065	-0.00139836	0.01325426	1.00236257
0.06451613	0.32258065	-0.00496178	0.02391500	1.00178390
0.09677419	0.32258065	-0.01011699	0.03200063	1.00138170
0.12903226	0.32258065	-0.01636559	0.03766972	1.00113679
0.16129032	0.32258065	-0.02329011	0.04117107	1.00103045
0.19354839	0.32258065	-0.03055205	0.04279664	1.00104738
0.22580645	0.32258065	-0.03788400	0.04284154	1.00117676
0.25806452	0.32258065	-0.04507821	0.04157437	1.00141230
0.29032258	0.32258065	-0.05197334	0.03921923	1.00175148
0.32258065	0.32258065	-0.05844116	0.03594859	1.00219459
0.35483871	0.32258065	-0.06437414	0.03188533	1.00274341
0.38709677	0.32258065	-0.06967490	0.02711102	1.00339995
0.41935484	0.32258065	-0.07424757	0.02167834	1.00416508
0.45161290	0.32258065	-0.07799149	0.01562574	1.00503713
0.48387097	0.32258065	-0.08079747	0.00899341	1.00601041
0.51612903	0.32258065	-0.08254691	0.00184001	1.00707374
0.54838710	0.32258065	-0.08311466	-0.00574026	1.00820905
0.58064516	0.32258065	-0.08237621	-0.01360115	1.00939023
0.61290323	0.32258065	-0.08022027	-0.02153003	1.01058254
0.64516129	0.32258065	-0.07656678	-0.02923828	1.01174302
0.67741935	0.32258065	-0.07139006	-0.03636003	1.01282224
0.70967742	0.32258065	-0.06474497	-0.04246302	1.01376767
0.74193548	0.32258065	-0.05679228	-0.04707482	1.01452867
0.77419355	0.32258065	-0.04781747	-0.04972557	1.01506265
0.80645161	0.32258065	-0.03823612	-0.05000468	1.01534118
0.83870968	0.32258065	-0.02857960	-0.04762434	1.01535490
0.87096774	0.32258065	-0.01945844	-0.04247826	1.01511560
0.90322581	0.32258065	-0.01150616	-0.03468304	1.01465485
0.93548387	0.32258065	-0.00531358	-0.02459211	1.01401907
0.96774194	0.32258065	-0.00136679	-0.01277978	1.01326204
1.00000000	0.32258065	0.00000000	0.00000000	1.01286015
0.00000000	0.35483871	0.00000000	0.00000000	1.00180447
0.03225806	0.35483871	-0.00152272	0.01584064	1.00143804
0.06451613	0.35483871	-0.00540286	0.02845878	1.00080580
0.09677419	0.35483871	-0.01101003	0.03794059	1.00036446
0.12903226	0.35483871	-0.01779540	0.04452648	1.00009227
0.16129032	0.35483871	-0.02530196	0.04855051	0.99996774
0.19354839	0.35483871	-0.03316389	0.05038512	0.99997321
0.22580645	0.35483871	-0.04109785	0.05039561	1.00009635
0.25806452	0.35483871	-0.04888948	0.04890734	1.00033019
0.29032258	0.35483871	-0.05637751	0.04618660	1.00067245
0.32258065	0.35483871	-0.06343777	0.04243405	1.00112442
0.35483871	0.35483871	-0.06996838	0.03778810	1.00168955
0.38709677	0.35483871	-0.07587688	0.03233527	1.00237211
0.41935484	0.35483871	-0.08106949	0.02612478	1.00317562
0.45161290	0.35483871	-0.08544283	0.01918568	1.00410128
0.48387097	0.35483871	-0.08887805	0.01154563	1.00514630
0.51612903	0.35483871	-0.09123810	0.00325114	1.00630199
0.54838710	0.35483871	-0.09236894	-0.00561107	1.00755190
0.58064516	0.35483871	-0.09210615	-0.01489203	1.00887000
0.61290323	0.35483871	-0.09028824	-0.02435994	1.01021940
0.64516129	0.35483871	-0.08677790	-0.03368412	1.01155208
0.67741935	0.35483871	-0.08149130	-0.04242837	1.01281024
0.70967742	0.35483871	-0.07443386	-0.05005962	1.01392986
0.74193548	0.35483871	-0.06573798	-0.05597729	1.01484657
0.77419355	0.35483871	-0.05569517	-0.05956674	1.01550357
0.80645161	0.35483871	-0.04477230	-0.06027476	1.01586014
0.83870968	0.35483871	-0.03360120	-0.05769801	1.01589902
0.87096774	0.35483871	-0.02293462	-0.05166741	1.01563037
0.90322581	0.35483871	-0.01357036	-0.04230789	1.01509092
0.93548387	0.35483871	-0.00625676	-0.03005704	1.01433823
0.96774194	0.35483871	-0.00160102	-0.01563837	1.01344116
1.00000000	0.35483871	0.00000000	0.00000000	1.01296551
0.00000000	0.38709677	0.00000000	0.00000000	1.00069021
0.03225806	0.38709677	-0.00166051	0.01865710	1.00029011
0.06451613	0.38709677	-0.00588854	0.03340230	0.99959928
0.09677419	0.38709677	-0.01198811	0.04439317	0.99911546
0.12903226	0.38709677	-0.01935342	0.05196164	0.99881377
0.16129032	0.38709677	-0.02748382	0.05653955	0.99866932
0.19354839	0.38709677	-0.03598435	0.05859252	0.99866159
0.22580645	0.38709677	-0.04455596	0.05856712	0.99877629
0.25806452	0.38709677	-0.05297941	0.05685402	0.99900557
0.29032258	0.38709677	-0.06109636	0.05376751	0.99934731
0.32258065	0.38709677	-0.06879041	0.04953946	0.99980387
0.35483871	0.38709677	-0.07596953	0.04432443	1.00038064
0.38709677	0.38709677	-0.08255070	0.03821212	1.00108451
0.41935484	0.38709677	-0.08844688	0.03124429	1.00192229
0.45161290	0.38709677	-0.09355617	0.02343430	1.00289897
0.48387097	0.38709677	-0.09775335	0.01478867	1.00401578
0.51612903	0.38709677	-0.10088433	0.00533089	1.00526801
0.54838710	0.38709677	-0.10276469	-0.00487220	1.00664248
0.58064516	0.38709677	-0.10318423	-0.01568185	1.00811498
0.61290323	0.38709677	-0.10191986	-0.02685828	1.00964795
0.64516129	0.38709677	-0.09875923	-0.03803522	1.01118909
0.67741935	0.38709677	-0.09353640	-0.04870407	1.01267184
0.70967742	0.38709677	-0.08617903	-0.05821634	1.01401855
0.74193548	0.38709677	-0.07676257	-0.06581351	1.01514714
0.77419355	0.38709677	-0.06556221	-0.07069124	1.01598101
0.80645161	0.38709677	-0.05308790	-0.07209865	1.01646082
0.83870968	0.38709677	-0.04008489	-0.06946201	1.01655567
0.87096774	0.38709677	-0.02748533	-0.06250910	1.01627017
0.90322581	0.38709677	-0.01630833	-0.05136090	1.01564506
0.93548387	0.38709677	-0.00752491	-0.03656145	1.01475051
0.96774194	0.38709677	-0.00192190	-0.01903653	1.01367388
1.00000000	0.38709677	0.00000000	0.00000000	1.01310161
0.00000000	0.41935484	0.00000000	0.00000000	0.99933595
0.03225806	0.41935484	-0.00181561	0.02172916	0.99889827
0.06451613	0.41935484	-0.00643157	0.03878636	0.99814231
0.09677419	0.41935484	-0.01307450	0.05140547	0.99761175
0.12903226	0.41935484	-0.02107223	0.06002218	0.99727774
0.16129032	0.41935484	-0.02987442	0.06518143	0.99711110
0.19354839	0.41935484	-0.03905427	0.06745726	0.99708764
0.22580645	0.41935484	-0.04829703	0.06739066	0.99719049
0.25806452	0.41935484	-0.05738061	0.06544772	0.99741049
0.29032258	0.41935484	-0.06615309	0.06199759	0.99774544
0.32258065	0.41935484	-0.07451031	0.05730721	0.99819875
0.35483871	0.41935484	-0.08237533	0.05154839	0.99877786
0.38709677	0.41935484	-0.08968039	0.04481262	0.99949267
0.41935484	0.41935484	-0.09635141	0.03713024	1.00035386
0.45161290	0.41935484	-0.10229432	0.02849214	1.00137116
0.48387097	0.41935484	-0.10738341	0.01887380	1.00255122
0.51612903	0.41935484	-0.11145198	0.00826248	1.00389519
0.54838710	0.41935484	-0.11428677	-0.00331118	1.00539556
0.58064516	0.41935484	-0.11562876	-0.01573686	1.00703272
0.61290323	0.41935484	-0.11518358	-0.02878494	1.00877125
0.64516129	0.41935484	-0.11264558	-0.04206757	1.01055685
0.67741935	0.41935484	-0.10773904	-0.05500857	1.01231506
0.70967742	0.41935484	-0.10027767	-0.06683345	1.01395326
0.74193548	0.41935484	-0.09023927	-0.07659411	1.01536732
0.77419355	0.41935484	-0.07784516	-0.08324140	1.01645354
0.80645161	0.41935484	-0.06362527	-0.08575208	1.01712467
0.83870968	0.41935484	-0.04844189	-0.08330058	1.01732670
0.87096774	0.41935484	-0.03344541	-0.07544396	1.01705138
0.90322581	0.41935484	-0.01994857	-0.06226831	1.01633994
0.93548387	0.41935484	-0.00923649	-0.04444346	1.01527597
0.96774194	0.41935484	-0.00236350	-0.02316327	1.01396943
1.00000000	0.41935484	0.00000000	0.00000000	1.01327032
0.00000000	0.45161290	0.00000000	0.00000000	0.99771895
0.03225806	0.45161290	-0.00199221	0.02508866	0.99723881
0.06451613	0.45161290	-0.00704536	0.04466118	0.99640973
0.09677419	0.45161290	-0.01429273	0.05903382	0.99582739
0.12903226	0.45161290	-0.02298299	0.06876155	0.99545794
0.16129032	0.45161290	-0.03250790	0.07452158	0.99526668
0.19354839	0.45161290	-0.04240512	0.07701513	0.99522457
0.22580645	0.45161290	-0.05234402	0.07689345	0.99531125
0.25806452	0.45161290	-0.06210208	0.07471007	0.99551558
0.29032258	0.45161290	-0.07153789	0.07089721	0.99583486
0.32258065	0.45161290	-0.08056471	0.06576169	0.99627331
0.35483871	0.45161290	-0.08912677	0.05949451	0.99684041
0.38709677	0.45161290	-0.09717857	0.05218820	0.99754922
0.41935484	0.45161290	-0.10466673	0.04385821	0.99841478
0.45161290	0.45161290	-0.11151354	0.03446629	0.99945241
0.48387097	0.45161290	-0.11760158	0.02394632	1.00067566
0.51612903	0.45161290	-0.12275973	0.01223425	1.00209371
0.54838710	0.45161290	-0.12675205	-0.00069542	1.00370787
0.58064516	0.45161290	-0.12927254	-0.01478504	1.00550708
0.61290323	0.45161290	-0.12995033	-0.02984146	1.00746268
0.64516129	0.45161290	-0.12837120	-0.04547975	1.00952291
0.67741935	0.45161290	-0.12412151	-0.06107197	1.01160877
0.70967742	0.45161290	-0.11685915	-0.07571611	1.01361320
0.74193548	0.45161290	-0.10641109	-0.08824601	1.01540633
0.77419355	0.45161290	-0.09288815	-0.09730524	1.01684863
0.80645161	0.45161290	-0.07679425	-0.10150191	1.01781189
0.83870968	0.45161290	-0.05909253	-0.09964186	1.01820407
0.87096774	0.45161290	-0.04118281	-0.09100241	1.01799106
0.90322581	0.45161290	-0.02475608	-0.07556982	1.01720684
0.93548387	0.45161290	-0.01153449	-0.05414651	1.01594738
0.96774194	0.45161290	-0.00296836	-0.02827301	1.01434987
1.00000000	0.45161290	0.00000000	0.00000000	1.01348548
0.00000000	0.48387097	0.00000000	0.00000000	0.99581250
0.03225806	0.48387097	-0.00219547	0.02877451	0.99528398
0.06451613	0.48387097	-0.00774575	0.05108687	0.99437223
0.09677419	0.48387097	-0.01566937	0.06734309	0.99373266
0.12903226	0.48387097	-0.02511875	0.07823735	0.99332500
0.16129032	0.48387097	-0.03541696	0.08460355	0.99310731
0.19354839	0.48387097	-0.04606134	0.08729337	0.99304411
0.22580645	0.48387097	-0.05670525	0.08708761	0.99311021
0.25806452	0.48387097	-0.06712862	0.08464158	0.99329156
0.29032258	0.48387097	-0.07720518	0.08046021	0.99358427
0.32258065	0.48387097	-0.08687142	0.07489609	0.99399294
0.35483871	0.48387097	-0.09609939	0.06816224	0.99452875
0.38709677	0.48387097	-0.10487346	0.06035257	0.99520783
0.41935484	0.48387097	-0.11316988	0.05146521	0.99604969
0.45161290	0.48387097	-0.12093756	0.04142699	0.99707584
0.48387097	0.48387097	-0.12807900	0.03011998	0.99830794
0.51612903	0.48387097	-0.13443105	0.01741294	0.99976549
0.54838710	0.48387097	-0.13974699	0.00320163	1.00146218
0.58064516	0.48387097	-0.14368301	-0.01253858	1.00340071
0.61290323	0.48387097	-0.14579486	-0.02968627	1.00556588
0.64516129	0.48387097	-0.14555240	-0.04789639	1.00791614
0.67741935	0.48387097	-0.14238153	-0.06652061	1.01037510
0.70967742	0.48387097	-0.13574238	-0.08454387	1.01282570
0.74193548	0.48387097	-0.12524881	-0.10056510	1.01511120
0.77419355	0.48387097	-0.11082383	-0.11285823	1.01704734
0.80645161	0.48387097	-0.09286817	-0.11954769	1.01844782
0.83870968	0.48387097	-0.07239478	-0.11891200	1.01916031
0.87096774	0.48387097	-0.05105943	-0.10978041	1.01910282
0.90322581	0.48387097	-0.03101709	-0.09191663	1.01828671
0.93548387	0.48387097	-0.01458348	-0.06623116	1.01681532
0.96774194	0.48387097	-0.00378784	-0.03469775	1.01485750
1.00000000	0.48387097	0.00000000	0.00000000	1.01378101
0.00000000	0.51612903	0.00000000	0.00000000	0.99358478
0.03225806	0.51612903	-0.00243240	0.03283440	0.99300064
0.06451613	0.51612903	-0.00855344	0.05813508	0.99199507
0.09677419	0.51612903	-0.01723765	0.07640681	0.99129300
0.12903226	0.51612903	-0.02751831	0.08850913	0.99084581
0.16129032	0.51612903	-0.03863600	0.09546417	0.99060194
0.19354839	0.51612903	-0.05004207	0.09830341	0.99051720
0.22580645	0.51612903	-0.06137407	0.09796071	0.99055981
0.25806452	0.51612903	-0.07241802	0.09520999	0.99071147
0.29032258	0.51612903	-0.08306817	0.09064001	0.99096616
0.32258065	0.51612903	-0.09329038	0.08465590	0.99132811
0.35483871	0.51612903	-0.10309127	0.07749654	0.99180961
0.38709677	0.51612903	-0.11249275	0.06925868	0.99242929
0.41935484	0.51612903	-0.12150980	0.05992230	0.99321076
0.45161290	0.51612903	-0.13012913	0.04937541	0.99418164
0.48387097	0.51612903	-0.13828687	0.03743982	0.99537244
0.51612903	0.51612903	-0.14584418	0.02390225	0.99681476
0.54838710	0.51612903	-0.15256184	0.00855654	0.99853827
0.58064516	0.51612903	-0.15807679	-0.00873717	1.00056542
0.61290323	0.51612903	-0.16188688	-0.02797206	1.00290323
0.64516129	0.51612903	-0.16335324	-0.04889307	1.00553162
0.67741935	0.51612903	-0.16173296	-0.07088199	1.00838933
0.70967742	0.51612903	-0.15625645	-0.09284883	1.01136005
0.74193548	0.51612903	-0.14626194	-0.11316456	1.01426484
0.77419355	0.51612903	-0.13139056	-0.12968586	1.01686843
0.80645161	0.51612903	-0.11182585	-0.13993095	1.01890670
0.83870968	0.51612903	-0.08852682	-0.14145060	1.02013562
0.87096774	0.51612903	-0.06336021	-0.13238010	1.02039012
0.90322581	0.51612903	-0.03900751	-0.11204575	1.01963067
0.93548387	0.51612903	-0.01856114	-0.08137575	1.01795473
0.96774194	0.51612903	-0.00488163	-0.04285649	1.01556543
1.00000000	0.51612903	0.00000000	0.00000000	1.01422281
0.00000000	0.54838710	0.00000000	0.00000000	0.99099699
0.03225806	0.54838710	-0.00271311	0.03732794	0.99034831
0.06451613	0.54838710	-0.00949719	0.06589212	0.98923599
0.09677419	0.54838710	-0.01904186	0.08630795	0.98846734
0.12903226	0.54838710	-0.03023053	0.09963569	0.98798266
0.16129032	0.54838710	-0.04220391	0.10712731	0.98771726
0.19354839	0.54838710	-0.05436130	0.11003143	0.98761512
0.22580645	0.54838710	-0.06632581	0.10946356	0.98763541
0.25806452	0.54838710	-0.07789467	0.10633568	0.98775384
0.29032258	0.54838710	-0.08898904	0.10133256	0.98796107
0.32258065	0.54838710	-0.09961062	0.09491918	0.98825995
0.35483871	0.54838710	-0.10980703	0.08736461	0.98866291
0.38709677	0.54838710	-0.11964452	0.07877109	0.98919005
0.41935484	0.54838710	-0.12918499	0.06910158	0.98986804
0.45161290	0.54838710	-0.13846361	0.05820407	0.99072975
0.48387097	0.54838710	-0.14746442	0.04583504	0.99181414
0.51612903	0.54838710	-0.15609186	0.03168792	0.99316575
0.54838710	0.54838710	-0.16413839	0.01543424	0.99483306
0.58064516	0.54838710	-0.17125054	-0.00321354	0.99686414
0.61290323	0.54838710	-0.17689941	-0.02440982	0.99929820
0.64516129	0.54838710	-0.18036557	-0.04805031	1.00215138
0.67741935	0.54838710	-0.18075374	-0.07361739	1.00539612
0.70967742	0.54838710	-0.17705657	-0.10001488	1.00893649
0.74193548	0.54838710	-0.16828944	-0.12543098	1.01258598
0.77419355	0.54838710	-0.15371338	-0.14729432	1.01606004
0.80645161	0.54838710	-0.13314624	-0.16241143	1.01899820
0.83870968	0.54838710	-0.10732143	-0.16737764	1.02102471
0.87096774	0.54838710	-0.07818493	-0.15929970	1.02183866
0.90322581	0.54838710	-0.04894094	-0.13671569	1.02130082
0.93548387	0.54838710	-0.02364314	-0.10035704	1.01947420
0.96774194	0.54838710	-0.00631671	-0.05325888	1.01659282
1.00000000	0.54838710	0.00000000	0.00000000	1.01492622
0.00000000	0.58064516	0.00000000	0.00000000	0.98800037
0.03225806	0.58064516	-0.00305266	0.04233158	0.98727594
0.06451613	0.58064516	-0.01061838	0.07446382	0.98604212
0.09677419	0.58064516	-0.02114320	0.09714014	0.98520583
0.12903226	0.58064516	-0.03331906	0.11167117	0.98469213
0.16129032	0.58064516	-0.04616559	0.11959494	0.98441808
0.19354839	0.58064516	-0.05902487	0.12242531	0.98431121
0.22580645	0.58064516	-0.07150971	0.12149407	0.98431831
0.25806452	0.58064516	-0.08343657	0.11787321	0.98440700
0.29032258	0.58064516	-0.09476181	0.11235595	0.98456319
0.32258065	0.58064516	-0.10553008	0.10547388	0.98478721
0.35483871	0.58064516	-0.11583580	0.09753044	0.98509043
0.38709677	0.58064516	-0.12579489	0.08863664	0.98549295
0.41935484	0.58064516	-0.13552212	0.07874138	0.98602276
0.45161290	0.58064516	-0.14510951	0.06765484	0.98671614
0.48387097	0.58064516	-0.15460172	0.05506807	0.98761883
0.51612903	0.58064516	-0.16396567	0.04057622	0.98878757
0.54838710	0.58064516	-0.17305335	0.02371523	0.99029073
0.58064516	0.58064516	-0.18155876	0.00402386	0.99220650
0.61290323	0.58064516	-0.18897373	-0.01885703	0.99461596
0.64516129	0.58064516	-0.19455183	-0.04503874	0.99758790
0.67741935	0.58064516	-0.19729592	-0.07419098	1.00115255
0.70967742	0.58064516	-0.19599256	-0.10531313	1.00526385
0.74193548	0.58064516	-0.18932390	-0.13650775	1.00975654
0.77419355	0.58064516	-0.17609209	-0.16482905	1.01431360
0.80645161	0.58064516	-0.15558333	-0.18632289	1.01846923
0.83870968	0.58064516	-0.12806249	-0.19641191	1.02167229
0.87096774	0.58064516	-0.09530078	-0.19076058	1.02341332
0.90322581	0.58064516	-0.06089166	-0.16658753	1.02337504
0.93548387	0.58064516	-0.02997989	-0.12399996	1.02153074
0.96774194	0.58064516	-0.00816585	-0.06649962	1.01812780
1.00000000	0.58064516	0.00000000	0.00000000	1.01608212
0.00000000	0.61290323	0.00000000	0.00000000	0.98453118
0.03225806	0.61290323	-0.00347414	0.04794631	0.98371670
0.06451613	0.61290323	-0.01197810	0.08398264	0.98234489
0.09677419	0.61290323	-0.02362790	0.10900862	0.98144620
0.12903226	0.61290323	-0.03686745	0.12465807	0.98092368
0.16129032	0.61290323	-0.05057087	0.13283311	0.98066799
0.19354839	0.61290323	-0.06402146	0.13537555	0.98058346
0.22580645	0.61290323	-0.07683194	0.13387525	0.98060009
0.25806452	0.61290323	-0.08885131	0.12958776	0.98067484
0.29032258	0.61290323	-0.10008308	0.12342607	0.98078746
0.32258065	0.61290323	-0.11062351	0.11599318	0.98093476
0.35483871	0.61290323	-0.12061936	0.10762942	0.98112581
0.38709677	0.61290323	-0.13023962	0.09845741	0.98137910
0.41935484	0.61290323	-0.13965488	0.08841620	0.98172175
0.45161290	0.61290323	-0.14901843	0.07728366	0.98219073
0.48387097	0.61290323	-0.15844413	0.06469120	0.98283570
0.51612903	0.61290323	-0.16797751	0.05013955	0.98372295
0.54838710	0.61290323	-0.17755741	0.03302733	0.98493953
0.58064516	0.61290323	-0.18696782	0.01270684	0.98659546
0.61290323	0.61290323	-0.19578164	-0.01141675	0.98882077
0.64516129	0.61290323	-0.20330322	-0.03972811	0.99175224
0.67741935	0.61290323	-0.20852245	-0.07217665	0.99550396
0.70967742	0.61290323	-0.21010368	-0.10798690	1.00011732
0.74193548	0.61290323	-0.20644585	-0.14533145	1.00549280
0.77419355	0.61290323	-0.19586667	-0.18103488	1.01131995
0.80645161	0.61290323	-0.17697399	-0.21044102	1.01704046
0.83870968	0.61290323	-0.14927183	-0.22766018	1.02189287
0.87096774	0.61290323	-0.11396165	-0.22647052	1.02507088
0.90322581	0.61290323	-0.07468786	-0.20203657	1.02596299
0.93548387	0.61290323	-0.03766160	-0.15308283	1.02435534
0.96774194	0.61290323	-0.01050551	-0.08323876	1.02046287
1.00000000	0.61290323	0.00000000	0.00000000	1.01799652
0.00000000	0.64516129	0.00000000	0.00000000	0.98050234
0.03225806	0.64516129	-0.00401406	0.05430968	0.97957924
0.06451613	0.64516129	-0.01366847	0.09461757	0.97805211
0.09677419	0.64516129	-0.02661863	0.12202947	0.97710860
0.12903226	0.64516129	-0.04098374	0.13861413	0.97661793
0.16129032	0.64516129	-0.05546754	0.14674895	0.97643102
0.19354839	0.64516129	-0.06930240	0.14868637	0.97641889
0.22580645	0.64516129	-0.08212264	0.14632392	0.97648878
0.25806452	0.64516129	-0.09383283	0.14112435	0.97658433
0.29032258	0.64516129	-0.10450189	0.13412814	0.97667810
0.32258065	0.64516129	-0.11428975	0.12601016	0.97676288
0.35483871	0.64516129	-0.12340178	0.11714655	0.97684476
0.38709677	0.64516129	-0.13206202	0.10767216	0.97693923
0.41935484	0.64516129	-0.14049643	0.09752019	0.97707041
0.45161290	0.64516129	-0.14891894	0.08644409	0.97727301
0.48387097	0.64516129	-0.15751489	0.07402715	0.97759690
0.51612903	0.64516129	-0.16641753	0.05968950	0.97811398
0.54838710	0.64516129	-0.17567382	0.04270554	0.97892639
0.58064516	0.64516129	-0.18519713	0.02224808	0.98017424
0.61290323	0.64516129	-0.19470545	-0.00252163	0.98203902
0.64516129	0.64516129	-0.20364689	-0.03229792	0.98473580
0.67741935	0.64516129	-0.21111985	-0.06739051	0.98848520
0.70967742	0.64516129	-0.21580533	-0.10738972	0.99345512
0.74193548	0.64516129	-0.21594719	-0.15074476	0.99966780
0.77419355	0.64516129	-0.20944421	-0.19430090	1.00688317
0.80645161	0.64516129	-0.19415478	-0.23291771	1.01449814
0.83870968	0.64516129	-0.16853879	-0.25942423	1.02153560
0.87096774	0.64516129	-0.13271425	-0.26534454	1.02680501
0.90322581	0.64516129	-0.08977247	-0.24288757	1.02924536
0.93548387	0.64516129	-0.04666655	-0.18818230	1.02829819
0.96774194	0.64516129	-0.01341279	-0.10416120	1.02405023
1.00000000	0.64516129	0.00000000	0.00000000	1.02115099
0.00000000	0.67741935	0.00000000	0.00000000	0.97578905
0.03225806	0.67741935	-0.00473217	0.06161478	0.97473302
0.06451613	0.67741935	-0.01583147	0.10658721	0.97303514
0.09677419	0.67741935	-0.03029038	0.13632387	0.97208824
0.12903226	0.67741935	-0.04580169	0.15350698	0.97170551
0.16129032	0.67741935	-0.06088132	0.16115177	0.97167557
0.19354839	0.67741935	-0.07473918	0.16203064	0.97182078
0.22580645	0.67741935	-0.08707375	0.15840567	0.97201814
0.25806452	0.67741935	-0.09788419	0.15196702	0.97219560
0.29032258	0.67741935	-0.10733352	0.14388299	0.97231875
0.32258065	0.67741935	-0.11566313	0.13489306	0.97237709
0.35483871	0.67741935	-0.12314557	0.12540170	0.97237410
0.38709677	0.67741935	-0.13006149	0.11555207	0.97232197
0.41935484	0.67741935	-0.13668879	0.10527312	0.97224047
0.45161290	0.67741935	-0.14329609	0.09430212	0.97215974
0.48387097	0.67741935	-0.15013469	0.08218979	0.97212662
0.51612903	0.67741935	-0.15742439	0.06829848	0.97221436
0.54838710	0.67741935	-0.16532930	0.05180693	0.97253542
0.58064516	0.67741935	-0.17391880	0.03173847	0.97325545
0.61290323	0.67741935	-0.18310943	0.00703302	0.97460465
0.64516129	0.67741935	-0.19258346	-0.02331370	0.97687878
0.67741935	0.67741935	-0.20168293	-0.06001820	0.98041778
0.70967742	0.67741935	-0.20928575	-0.10315955	0.98554678
0.74193548	0.67741935	-0.21368827	-0.15169257	0.99246554
0.77419355	0.67741935	-0.21255633	-0.20282727	1.00108571
0.80645161	0.67741935	-0.20306955	-0.25134642	1.01084808
0.83870968	0.67741935	-0.18246573	-0.28910070	1.02060886
0.87096774	0.67741935	-0.14923397	-0.30523683	1.02873956
0.90322581	0.67741935	-0.10503902	-0.28808426	1.03355019
0.93548387	0.67741935	-0.05678750	-0.22944250	1.03390480
0.96774194	0.67741935	-0.01696211	-0.12990530	1.02958718
1.00000000	0.67741935	0.00000000	0.00000000	1.02629383
0.00000000	0.70967742	0.00000000	0.00000000	0.97020266
0.03225806	0.70967742	-0.00573026	0.07014114	0.96898244
0.06451613	0.70967742	-0.01869017	0.12017577	0.96710817
0.09677419	0.70967742	-0.03489007	0.15199969	0.96624557
0.12903226	0.70967742	-0.05146925	0.16920507	0.96610798
0.16129032	0.70967742	-0.06676547	0.17568643	0.96638281
0.19354839	0.70967742	-0.08003601	0.17487880	0.96682125
0.22580645	0.70967742	-0.09112170	0.16946893	0.96726157
0.25806452	0.70967742	-0.10017974	0.16138412	0.96761558
0.29032258	0.70967742	-0.10751072	0.15190707	0.96784447
0.32258065	0.70967742	-0.11346316	0.14182221	0.96793754
0.35483871	0.70967742	-0.11838876	0.13154491	0.96789815
0.38709677	0.70967742	-0.12262637	0.12121537	0.96773664
0.41935484	0.70967742	-0.12650002	0.11075480	0.96746896
0.45161290	0.70967742	-0.13032197	0.09988999	0.96712022
0.48387097	0.70967742	-0.13439561	0.08815545	0.96673270
0.51612903	0.70967742	-0.13901413	0.07488412	0.96637845
0.54838710	0.70967742	-0.14445081	0.05919996	0.96617631
0.58064516	0.70967742	-0.15093568	0.04002822	0.96631216
0.61290323	0.70967742	-0.15861129	0.01614303	0.96705861
0.64516129	0.70967742	-0.16745840	-0.01372441	0.96878643
0.67741935	0.70967742	-0.17718095	-0.05068821	0.97195413
0.70967742	0.70967742	-0.18704177	-0.09538438	0.97705662
0.74193548	0.70967742	-0.19565225	-0.14747416	0.98451028
0.77419355	0.70967742	-0.20075490	-0.20491961	0.99445782
0.80645161	0.70967742	-0.19911763	-0.26300830	1.00650326
0.83870968	0.70967742	-0.18680297	-0.31325980	1.01945554
0.87096774	0.70967742	-0.16025343	-0.34277124	1.03127334
0.90322581	0.70967742	-0.11866692	-0.33533403	1.03947478
0.93548387	0.70967742	-0.06753361	-0.27625920	1.04203487
0.96774194	0.70967742	-0.02122520	-0.16094869	1.03814518
1.00000000	0.70967742	0.00000000	0.00000000	1.03457641
0.00000000	0.74193548	0.00000000	0.00000000	0.96344091
0.03225806	0.74193548	-0.00718865	0.08030494	0.96201950
0.06451613	0.74193548	-0.02259827	0.13574701	0.95999460
0.09677419	0.74193548	-0.04075033	0.16910295	0.95939508
0.12903226	0.74193548	-0.05809662	0.18538237	0.95974502
0.16129032	0.74193548	-0.07287843	0.18971852	0.96056441
0.19354839	0.74193548	-0.08454812	0.18638687	0.96150281
0.22580645	0.74193548	-0.09322360	0.17854940	0.96235342
0.25806452	0.74193548	-0.09931697	0.16835603	0.96301634
0.29032258	0.74193548	-0.10332681	0.15716641	0.96345576
0.32258065	0.74193548	-0.10574143	0.14577109	0.96366779
0.35483871	0.74193548	-0.10700495	0.13456490	0.96366133
0.38709677	0.74193548	-0.10751447	0.12366333	0.96344920
0.41935484	0.74193548	-0.10763057	0.11296872	0.96304682
0.45161290	0.74193548	-0.10769259	0.10219771	0.96247673
0.48387097	0.74193548	-0.10803417	0.09088195	0.96177838
0.51612903	0.74193548	-0.10899648	0.07835368	0.96102336
0.54838710	0.74193548	-0.11093585	0.06372849	0.96033621
0.58064516	0.74193548	-0.11422073	0.04589896	0.95992002
0.61290323	0.74193548	-0.11920999	0.02355574	0.96008349
0.64516129	0.74193548	-0.12620007	-0.00474403	0.96126222
0.67741935	0.74193548	-0.13532352	-0.04043482	0.96402068
0.70967742	0.74193548	-0.14637558	-0.08468825	0.96901461
0.74193548	0.74193548	-0.15854514	-0.13797943	0.97688612
0.77419355	0.74193548	-0.17004467	-0.19936188	0.98806069
0.80645161	0.74193548	-0.17770644	-0.26529834	1.00242566
0.83870968	0.74193548	-0.17679667	-0.32796489	1.01892381
0.87096774	0.74193548	-0.16163606	-0.37337287	1.03524584
0.90322581	0.74193548	-0.12798887	-0.38080406	1.04804212
0.93548387	0.74193548	-0.07800425	-0.32688421	1.05402929
0.96774194	0.74193548	-0.02627859	-0.19743890	1.05136111
1.00000000	0.74193548	0.00000000	0.00000000	1.04775776
0.00000000	0.77419355	0.00000000	0.00000000	0.95498613
0.03225806	0.77419355	-0.00943713	0.09273940	0.95333315
0.06451613	0.77419355	-0.02810736	0.15373745	0.95127323
0.09677419	0.77419355	-0.04825666	0.18749803	0.95129753
0.12903226	0.77419355	-0.06558556	0.20133315	0.95255672
0.16129032	0.77419355	-0.07848837	0.20213793	0.95429716
0.19354839	0.77419355	-0.08689783	0.19522397	0.95603425
0.22580645	0.77419355	-0.09142400	0.18423777	0.95752036
0.25806452	0.77419355	-0.09286701	0.17148732	0.95865947
0.29032258	0.77419355	-0.09199405	0.15833153	0.95943467
0.32258065	0.77419355	-0.08946323	0.14550035	0.95986206
0.35483871	0.77419355	-0.08581648	0.13331795	0.95996636
0.38709677	0.77419355	-0.08149980	0.12184099	0.95977106
0.41935484	0.77419355	-0.07689198	0.11093292	0.95929788
0.45161290	0.77419355	-0.07233460	0.10029359	0.95857287
0.48387097	0.77419355	-0.06816125	0.08945934	0.95763826
0.51612903	0.77419355	-0.06472523	0.07778580	0.95657026
0.54838710	0.77419355	-0.06242428	0.06442422	0.95550312
0.58064516	0.77419355	-0.06171872	0.04830237	0.95465885
0.61290323	0.77419355	-0.06313601	0.02812238	0.95437977
0.64516129	0.77419355	-0.06724944	0.00238912	0.95515735
0.67741935	0.77419355	-0.07461101	-0.03051269	0.95764493
0.70967742	0.77419355	-0.08560730	-0.07216274	0.96263522
0.74193548	0.77419355	-0.10019121	-0.12380506	0.97097501
0.77419355	0.77419355	-0.11743123	-0.18575830	0.98337987
0.80645161	0.77419355	-0.13484752	-0.25625629	1.00010281
0.83870968	0.77419355	-0.14766607	-0.32933016	1.02042292
0.87096774	0.77419355	-0.14857601	-0.39157902	1.04204004
0.90322581	0.77419355	-0.12939078	-0.41896583	1.06083910
0.93548387	0.77419355	-0.08670722	-0.37796947	1.07191219
0.96774194	0.77419355	-0.03220784	-0.23895293	1.07171679
1.00000000	0.77419355	0.00000000	0.00000000	1.06851969
0.00000000	0.80645161	0.00000000	0.00000000	0.94388285
0.03225806	0.80645161	-0.01308744	0.10841229	0.94202795
0.06451613	0.80645161	-0.03601017	0.17456654	0.94029721
0.09677419	0.80645161	-0.05762394	0.20658114	0.94167157
0.12903226	0.80645161	-0.07312311	0.21561407	0.94455900
0.16129032	0.80645161	-0.08166212	0.21103079	0.94778731
0.19354839	0.80645161	-0.08415706	0.19932250	0.95072790
0.22580645	0.80645161	-0.08201373	0.18451858	0.95312593
0.25806452	0.80645161	-0.07656654	0.16892608	0.95492637
0.29032258	0.80645161	-0.06890127	0.15376263	0.95616125
0.32258065	0.80645161	-0.05984466	0.13959352	0.95688901
0.35483871	0.80645161	-0.05001116	0.12660147	0.95716673
0.38709677	0.80645161	-0.03986054	0.11473883	0.95704133
0.41935484	0.80645161	-0.02975158	0.10380352	0.95655131
0.45161290	0.80645161	-0.01998904	0.09346699	0.95573567
0.48387097	0.80645161	-0.01086601	0.08327259	0.95464850
0.51612903	0.80645161	-0.00270385	0.07261672	0.95337954
0.54838710	0.80645161	0.00410927	0.06072198	0.95208109
0.58064516	0.80645161	0.00908256	0.04661070	0.95100076
0.61290323	0.80645161	0.01159400	0.02908647	0.95051762
0.64516129	0.80645161	0.01087858	0.00673098	0.95117583
0.67741935	0.80645161	0.00604979	-0.02207695	0.95370487
0.70967742	0.80645161	-0.00381569	-0.05910804	0.95900969
0.74193548	0.80645161	-0.01947608	-0.10615549	0.96810681
0.77419355	0.80645161	-0.04110904	-0.16470556	0.98197249
0.80645161	0.80645161	-0.06753908	-0.23506348	1.00124918
0.83870968	0.80645161	-0.09500598	-0.31423638	1.02572112
0.87096774	0.80645161	-0.11578045	-0.39164814	1.05347657
0.90322581	0.80645161	-0.11813891	-0.44267284	1.08001290
0.93548387	0.80645161	-0.09121242	-0.42406715	1.09856687
0.96774194	0.80645161	-0.03903360	-0.28414611	1.10293624
1.00000000	0.80645161	0.00000000	0.00000000	1.10096585
0.00000000	0.83870968	0.00000000	0.00000000	0.92821796
0.03225806	0.83870968	-0.01924366	0.12874957	0.92644933
0.06451613	0.83870968	-0.04713181	0.19827395	0.92609379
0.09677419	0.83870968	-0.06800809	0.22461096	0.93026886
0.12903226	0.83870968	-0.07775980	0.22537133	0.93596693
0.16129032	0.83870968	-0.07758418	0.21317188	0.94148471
0.19354839	0.83870968	-0.07014134	0.19557558	0.94612789
0.22580645	0.83870968	-0.05794731	0.17664725	0.94973023
0.25806452	0.83870968	-0.04293171	0.15837485	0.95235188
0.29032258	0.83870968	-0.02644580	0.14160965	0.95412550
0.32258065	0.83870968	-0.00939355	0.12661024	0.95518690
0.35483871	0.83870968	0.00763305	0.11333383	0.95564945
0.38709677	0.83870968	0.02424547	0.10158142	0.95560045
0.41935484	0.83870968	0.04017684	0.09106142	0.95510831
0.45161290	0.83870968	0.05521934	0.08140802	0.95423611
0.48387097	0.83870968	0.06917243	0.07217415	0.95306025
0.51612903	0.83870968	0.08179576	0.06281053	0.95169427
0.54838710	0.83870968	0.09276311	0.05263782	0.95031854
0.58064516	0.83870968	0.10161589	0.04081765	0.94921535
0.61290323	0.83870968	0.10771829	0.02632636	0.94880731
0.64516129	0.83870968	0.11021911	0.00793335	0.94969387
0.67741935	0.83870968	0.10803075	-0.01581841	0.95267661
0.70967742	0.83870968	0.09984505	-0.04663686	0.95875921
0.74193548	0.83870968	0.08422710	-0.08651170	0.96910276
0.77419355	0.83870968	0.05988136	-0.13769529	0.98491081
0.80645161	0.83870968	0.02629625	-0.20235933	1.00720156
0.83870968	0.83870968	-0.01487144	-0.28108878	1.03637046
0.87096774	0.83870968	-0.05738329	-0.36844607	1.07131635
0.90322581	0.83870968	-0.08785225	-0.44353384	1.10790115
0.93548387	0.83870968	-0.08733178	-0.45707477	1.13771269
0.96774194	0.83870968	-0.04630878	-0.33016534	1.15050423
1.00000000	0.83870968	0.00000000	0.00000000	1.15141960
0.00000000	0.87096774	0.00000000	0.00000000	0.90383262
0.03225806	0.87096774	-0.02960445	0.15554410	0.90339997
0.06451613	0.87096774	-0.06085999	0.22333098	0.90733253
0.09677419	0.87096774	-0.07446652	0.23720913	0.91712375
0.12903226	0.87096774	-0.07063844	0.22519015	0.92745586
0.16129032	0.87096774	-0.05481434	0.20341233	0.93628802
0.19354839	0.87096774	-0.03212073	0.17968563	0.94314868
0.22580645	0.87096774	-0.00615937	0.15730895	0.94816725
0.25806452	0.87096774	0.02082196	0.13742456	0.95165296
0.29032258	0.87096774	0.04751350	0.12022447	0.95392197
0.32258065	0.87096774	0.07319592	0.10551467	0.95523702
0.35483871	0.87096774	0.09750236	0.09296245	0.95579710
0.38709677	0.87096774	0.12026546	0.08219504	0.95574769
0.41935484	0.87096774	0.14141884	0.07282964	0.95519881
0.45161290	0.87096774	0.16092989	0.06447140	0.95424655
0.48387097	0.87096774	0.17874844	0.05669618	0.95299736
0.51612903	0.87096774	0.19476152	0.04902604	0.95159600
0.54838710	0.87096774	0.20874840	0.04090186	0.95025800
0.58064516	0.87096774	0.22033299	0.03165552	0.94930671
0.61290323	0.87096774	0.22893315	0.02048326	0.94921329
0.64516129	0.87096774	0.23370869	0.00641852	0.95063550
0.67741935	0.87096774	0.23351205	-0.01170288	0.95444758
0.70967742	0.87096774	0.22684893	-0.03530437	0.96175026
0.74193548	0.87096774	0.21186567	-0.06619179	0.97384632
0.77419355	0.87096774	0.18641432	-0.10677470	0.99216397
0.80645161	0.87096774	0.14835874	-0.16031067	1.01810383
0.83870968	0.87096774	0.09658112	-0.23055684	1.05275089
0.87096774	0.87096774	0.03363771	-0.31866732	1.09622715
0.90322581	0.87096774	-0.02914722	-0.41272433	1.14596900
0.93548387	0.87096774	-0.06709391	-0.46561060	1.19326722
0.96774194	0.87096774	-0.05170375	-0.37147787	1.22220741
1.00000000	0.87096774	0.00000000	0.00000000	1.22971942
0.00000000	0.90322581	0.00000000	0.00000000	0.86106515
0.03225806	0.90322581	-0.04473437	0.18960955	0.86655377
0.06451613	0.90322581	-0.06825744	0.24313601	0.88273208
0.09677419	0.90322581	-0.05858855	0.23438941	0.90325885
0.12903226	0.90322581	-0.02808294	0.20571915	0.92076036
0.16129032	0.90322581	0.01184097	0.17465416	0.93395845
0.19354839	0.90322581	0.05433668	0.14692060	0.94330099
0.22580645	0.90322581	0.09589502	0.12370456	0.94962598
0.25806452	0.90322581	0.13492038	0.10470198	0.95371858
0.29032258	0.90322581	0.17082154	0.08923569	0.95619164
0.32258065	0.90322581	0.20350689	0.07662138	0.95748624
0.35483871	0.90322581	0.23311640	0.06626429	0.95790782
0.38709677	0.90322581	0.25987967	0.05766495	0.95766709
0.41935484	0.90322581	0.28403835	0.05039699	0.95691716
0.45161290	0.90322581	0.30579923	0.04407842	0.95578669
0.48387097	0.90322581	0.32530019	0.03834253	0.95441137
0.51612903	0.90322581	0.34257902	0.03281057	0.95296621
0.54838710	0.90322581	0.35753974	0.02706636	0.95170054
0.58064516	0.90322581	0.36991346	0.02063291	0.95097651
0.61290323	0.90322581	0.37921285	0.01295067	0.95131017
0.64516129	0.90322581	0.38467996	0.00335445	0.95341237
0.67741935	0.90322581	0.38522733	-0.00895865	0.95822427
0.70967742	0.90322581	0.37937057	-0.02499047	0.96694051
0.74193548	0.90322581	0.36514720	-0.04607708	0.98101180
0.77419355	0.90322581	0.34001825	-0.07418835	1.00211927
0.80645161	0.90322581	0.30079039	-0.11252612	1.03211381
0.83870968	0.90322581	0.24382142	-0.16636774	1.07290914
0.87096774	0.90322581	0.16656209	-0.24271772	1.12625431
0.90322581	0.90322581	0.07311937	-0.34280221	1.19275682
0.93548387	0.90322581	-0.01387830	-0.43451822	1.26722768
0.96774194	0.90322581	-0.04668925	-0.39725923	1.32838177
1.00000000	0.90322581	0.00000000	0.00000000	1.35155917
0.00000000	0.93548387	0.00000000	0.00000000	0.77763656
0.03225806	0.93548387	-0.04816978	0.22380153	0.80376299
0.06451613	0.93548387	-0.02494909	0.23718515	0.85319961
0.09677419	0.93548387	0.03516206	0.19703462	0.89300294
0.12903226	0.93548387	0.10421640	0.15476063	0.92028917
0.16129032	0.93548387	0.17031616	0.12099270	0.93789610
0.19354839	0.93548387	0.22959639	0.09563157	0.94890018
0.22580645	0.93548387	0.28143641	0.07672525	0.95557454
0.25806452	0.93548387	0.32637685	0.06249804	0.95942700
0.29032258	0.93548387	0.36528999	0.05163795	0.96142120
0.32258065	0.93548387	0.39906543	0.04321981	0.96216576
0.35483871	0.93548387	0.42850007	0.03658968	0.96204576
0.38709677	0.93548387	0.45426641	0.03127309	0.96131055
0.41935484	0.93548387	0.47690792	0.02691009	0.96013400
0.45161290	0.93548387	0.49684076	0.02320957	0.95865918
0.48387097	0.93548387	0.51435290	0.01991639	0.95703572
0.51612903	0.93548387	0.52959681	0.01678649	0.95545488
0.54838710	0.93548387	0.54257432	0.01356743	0.95418572
0.58064516	0.93548387	0.55311289	0.00998242	0.95361380
0.61290323	0.93548387	0.56083347	0.00571677	0.95428240
0.64516129	0.93548387	0.56510979	0.00040405	0.95693498
0.67741935	0.93548387	0.56501743	-0.00639348	0.96255635
0.70967742	0.93548387	0.55926714	-0.01522423	0.97241078
0.74193548	0.93548387	0.54610617	-0.02683945	0.98807789
0.77419355	0.93548387	0.52315042	-0.04241787	1.01149536
0.80645161	0.93548387	0.48707483	-0.06411384	1.04503240
0.83870968	0.93548387	0.43308542	-0.09632852	1.09164278
0.87096774	0.93548387	0.35445037	-0.14796526	1.15519429
0.90322581	0.93548387	0.24445184	-0.23228393	1.24106531
0.93548387	0.93548387	0.10906260	-0.34580197	1.35459921
0.96774194	0.93548387	-0.00281868	-0.38535616	1.48087073
1.00000000	0.93548387	0.00000000	0.00000000	1.54291370
0.00000000	0.96774194	0.00000000	0.00000000	0.59760406
0.03225806	0.96774194	0.09665978	0.21455863	0.69415002
0.06451613	0.96774194	0.22380153	0.15980417	0.83536482
0.09677419	0.96774194	0.33384493	0.10522392	0.90201437
0.12903226	0.96774194	0.42083615	0.07056505	0.93543744
0.16129032	0.96774194	0.48860556	0.04927417	0.95296699
0.19354839	0.96774194	0.54182884	0.03580034	0.96223535
0.22580645	0.96774194	0.58423713	0.02692410	0.96694134
0.25806452	0.96774194	0.61855409	0.02084840	0.96900914
0.29032258	0.96774194	0.64673516	0.01654711	0.96949218
0.32258065	0.96774194	0.67019204	0.01341129	0.96898821
0.35483871	0.96774194	0.68995498	0.01106331	0.96784632
0.38709677	0.96774194	0.70678172	0.00925710	0.96627925
0.41935484	0.96774194	0.72122807	0.00782265	0.96443065
0.45161290	0.96774194	0.73369181	0.00663344	0.96242100
0.48387097	0.96774194	0.74443765	0.00558648	0.96038414
0.51612903	0.96774194	0.75360820	0.00458915	0.95850085
0.54838710	0.96774194	0.76122415	0.00355029	0.95703333
0.58064516	0.96774194	0.76717564	0.00237377	0.95636214
0.61290323	0.96774194	0.77120658	0.00095378	0.95702615
0.64516129	0.96774194	0.77289242	-0.00082950	0.95976489
0.67741935	0.96774194	0.77161064	-0.00311598	0.96556306
0.70967742	0.96774194	0.76649895	-0.00607920	0.97569900
0.74193548	0.96774194	0.75638642	-0.00996035	0.99180619
0.77419355	0.96774194	0.73965950	-0.01515699	1.01597505
0.80645161	0.96774194	0.71396856	-0.02246111	1.05096451
0.83870968	0.96774194	0.67554568	-0.03374327	1.10069510
0.87096774	0.96774194	0.61764005	-0.05408413	1.17147020
0.90322581	0.96774194	0.52758044	-0.09741442	1.27509378
0.93548387	0.96774194	0.38535614	-0.18724768	1.43416661
0.96774194	0.96774194	0.18177849	-0.28819662	1.67933906
1.00000000	0.96774194	0.00000000	0.00000000	1.82742214
0.00000000	1.00000000	1.00000000	0.00000000	0.47332330
0.03225806	1.00000000	1.00000000	0.00000000	0.62440321
0.06451613	1.00000000	1.00000000	0.00000000	0.83316951
0.09677419	1.00000000	1.00000000	0.00000000	0.91439124
0.12903226	1.00000000	1.00000000	0.00000000	0.94847245
0.16129032	1.00000000	1.00000000	0.00000000	0.96394385
0.19354839	1.00000000	1.00000000	0.00000000	0.97106526
0.22580645	1.00000000	1.00000000	0.00000000	0.97401755
0.25806452	1.00000000	1.00000000	0.00000000	0.97472735
0.29032258	1.00000000	1.00000000	0.00000000	0.97416672
0.32258065	1.00000000	1.00000000	0.00000000	0.97285570
0.35483871	1.00000000	1.00000000	0.00000000	0.97108368
0.38709677	1.00000000	1.00000000	0.00000000	0.96902008
0.41935484	1.00000000	1.00000000	0.00000000	0.96677747
0.45161290	1.00000000	1.00000000	0.00000000	0.96445381
0.48387097	1.00000000	1.00000000	0.00000000	0.96216610
0.51612903	1.00000000	1.00000000	0.00000000	0.96008187
0.54838710	1.00000000	1.00000000	0.00000000	0.95845188
0.58064516	1.00000000	1.00000000	0.00000000	0.95764570
0.61290323	1.00000000	1.00000000	0.00000000	0.95819048
0.64516129	1.00000000	1.00000000	0.00000000	0.96081293
0.67741935	1.00000000	1.00000000	0.00000000	0.96648439
0.70967742	1.00000000	1.00000000	0.00000000	0.97647235
0.74193548	1.00000000	1.00000000	0.00000000	0.99241022
0.77419355	1.00000000	1.00000000	0.00000000	1.01642032
0.80645161	1.00000000	1.00000000	0.00000000	1.05138347
0.83870968	1.00000000	1.00000000	0.00000000	1.10161011
0.87096774	1.00000000	1.00000000	0.00000000	1.17463641
0.90322581	1.00000000	1.00000000	0.00000000	1.28594109
0.93548387	1.00000000	1.00000000	0.00000000	1.46797549
0.96774194	1.00000000	1.00000000	0.00000000	1.78847430
1.00000000	1.00000000	1.00000000	0.00000000	1.99480460
