VARIABLES="X","Y","U","V","P"
ZONE  F=POINT
I=32, J=32
0.00000000	0.00000000	0.00000000	0.00000000	1.00523108
0.03225806	0.00000000	0.00000000	0.00000000	1.00515539
0.06451613	0.00000000	0.00000000	0.00000000	1.00496239
0.09677419	0.00000000	0.00000000	0.00000000	1.00473188
0.12903226	0.00000000	0.00000000	0.00000000	1.00453901
0.16129032	0.00000000	0.00000000	0.00000000	1.00442976
0.19354839	0.00000000	0.00000000	0.00000000	1.00442873
0.22580645	0.00000000	0.00000000	0.00000000	1.00454675
0.25806452	0.00000000	0.00000000	0.00000000	1.00478631
0.29032258	0.00000000	0.00000000	0.00000000	1.00514505
0.32258065	0.00000000	0.00000000	0.00000000	1.00561770
0.35483871	0.00000000	0.00000000	0.00000000	1.00619693
0.38709677	0.00000000	0.00000000	0.00000000	1.00687358
0.41935484	0.00000000	0.00000000	0.00000000	1.00763635
0.45161290	0.00000000	0.00000000	0.00000000	1.00847140
0.48387097	0.00000000	0.00000000	0.00000000	1.00936184
0.51612903	0.00000000	0.00000000	0.00000000	1.01028741
0.54838710	0.00000000	0.00000000	0.00000000	1.01122445
0.58064516	0.00000000	0.00000000	0.00000000	1.01214621
0.61290323	0.00000000	0.00000000	0.00000000	1.01302367
0.64516129	0.00000000	0.00000000	0.00000000	1.01382690
0.67741935	0.00000000	0.00000000	0.00000000	1.01452690
0.70967742	0.00000000	0.00000000	0.00000000	1.01509779
0.74193548	0.00000000	0.00000000	0.00000000	1.01551939
0.77419355	0.00000000	0.00000000	0.00000000	1.01577976
0.80645161	0.00000000	0.00000000	0.00000000	1.01587761
0.83870968	0.00000000	0.00000000	0.00000000	1.01582463
0.87096774	0.00000000	0.00000000	0.00000000	1.01564753
0.90322581	0.00000000	0.00000000	0.00000000	1.01539034
0.93548387	0.00000000	0.00000000	0.00000000	1.01511688
0.96774194	0.00000000	0.00000000	0.00000000	1.01491140
1.00000000	0.00000000	0.00000000	0.00000000	1.01483743
0.00000000	0.03225806	0.00000000	0.00000000	1.00530677
0.03225806	0.03225806	-0.00001873	0.00001934	1.00523060
0.06451613	0.03225806	-0.00034026	0.00021988	1.00504916
0.09677419	0.03225806	-0.00100898	0.00042867	1.00484554
0.12903226	0.03225806	-0.00197771	0.00059348	1.00468043
0.16129032	0.03225806	-0.00316927	0.00070524	1.00459321
0.19354839	0.03225806	-0.00450376	0.00076882	1.00460623
0.22580645	0.03225806	-0.00590927	0.00079246	1.00473016
0.25806452	0.03225806	-0.00732480	0.00078396	1.00496821
0.29032258	0.03225806	-0.00869959	0.00074949	1.00531893
0.32258065	0.03225806	-0.00999112	0.00069341	1.00577792
0.35483871	0.03225806	-0.01116279	0.00061845	1.00633861
0.38709677	0.03225806	-0.01218198	0.00052624	1.00699244
0.41935484	0.03225806	-0.01301875	0.00041775	1.00772861
0.45161290	0.03225806	-0.01364531	0.00029387	1.00853378
0.48387097	0.03225806	-0.01403633	0.00015593	1.00939162
0.51612903	0.03225806	-0.01416998	0.00000612	1.01028257
0.54838710	0.03225806	-0.01402972	-0.00015211	1.01118385
0.58064516	0.03225806	-0.01360649	-0.00031381	1.01206983
0.61290323	0.03225806	-0.01290123	-0.00047248	1.01291287
0.64516129	0.03225806	-0.01192728	-0.00062012	1.01368462
0.67741935	0.03225806	-0.01071250	-0.00074766	1.01435781
0.70967742	0.03225806	-0.00930047	-0.00084543	1.01490836
0.74193548	0.03225806	-0.00775069	-0.00090399	1.01531777
0.77419355	0.03225806	-0.00613732	-0.00091492	1.01557550
0.80645161	0.03225806	-0.00454636	-0.00087173	1.01568118
0.83870968	0.03225806	-0.00307117	-0.00077079	1.01564653
0.87096774	0.03225806	-0.00180590	-0.00061269	1.01549686
0.90322581	0.03225806	-0.00083604	-0.00040539	1.01527242
0.93548387	0.03225806	-0.00022315	-0.00017311	1.01502910
0.96774194	0.03225806	0.00002306	0.00001880	1.01483708
1.00000000	0.03225806	0.00000000	0.00000000	1.01476347
0.00000000	0.06451613	0.00000000	0.00000000	1.00550196
0.03225806	0.06451613	-0.00022324	0.00034025	1.00541104
0.06451613	0.06451613	-0.00100660	0.00099023	1.00522550
0.09677419	0.06451613	-0.00234624	0.00163744	1.00505189
0.12903226	0.06451613	-0.00416071	0.00216028	1.00492505
0.16129032	0.06451613	-0.00633290	0.00252603	1.00487090
0.19354839	0.06451613	-0.00873818	0.00273999	1.00490599
0.22580645	0.06451613	-0.01125950	0.00282103	1.00503928
0.25806452	0.06451613	-0.01379354	0.00279031	1.00527425
0.29032258	0.06451613	-0.01625146	0.00266631	1.00561060
0.32258065	0.06451613	-0.01855712	0.00246318	1.00604530
0.35483871	0.06451613	-0.02064430	0.00219085	1.00657310
0.38709677	0.06451613	-0.02245405	0.00185595	1.00718664
0.41935484	0.06451613	-0.02393292	0.00146333	1.00787627
0.45161290	0.06451613	-0.02503221	0.00101757	1.00862970
0.48387097	0.06451613	-0.02570849	0.00052466	1.00943179
0.51612903	0.06451613	-0.02592541	-0.00000661	1.01026429
0.54838710	0.06451613	-0.02565645	-0.00056349	1.01110601
0.58064516	0.06451613	-0.02488850	-0.00112850	1.01193317
0.61290323	0.06451613	-0.02362585	-0.00167921	1.01272029
0.64516129	0.06451613	-0.02189400	-0.00218873	1.01344139
0.67741935	0.06451613	-0.01974287	-0.00262681	1.01407175
0.70967742	0.06451613	-0.01724862	-0.00296181	1.01458986
0.74193548	0.06451613	-0.01451358	-0.00316316	1.01497960
0.77419355	0.06451613	-0.01166376	-0.00320433	1.01523233
0.80645161	0.06451613	-0.00884357	-0.00306614	1.01534868
0.83870968	0.06451613	-0.00620745	-0.00274046	1.01533983
0.87096774	0.06451613	-0.00390804	-0.00223513	1.01522803
0.90322581	0.06451613	-0.00208018	-0.00158275	1.01504613
0.93548387	0.06451613	-0.00081917	-0.00085910	1.01483573
0.96774194	0.06451613	-0.00015165	-0.00022315	1.01464288
1.00000000	0.06451613	0.00000000	0.00000000	1.01455669
0.00000000	0.09677419	0.00000000	0.00000000	1.00574024
0.03225806	0.09677419	-0.00045100	0.00102592	1.00561614
0.06451613	0.09677419	-0.00172256	0.00234287	1.00538781
0.09677419	0.09677419	-0.00371666	0.00358277	1.00520722
0.12903226	0.09677419	-0.00630176	0.00458013	1.00509005
0.16129032	0.09677419	-0.00932581	0.00528269	1.00504975
0.19354839	0.09677419	-0.01263321	0.00569540	1.00509568
0.22580645	0.09677419	-0.01607703	0.00584780	1.00523324
0.25806452	0.09677419	-0.01952516	0.00577590	1.00546457
0.29032258	0.09677419	-0.02286182	0.00551307	1.00578936
0.32258065	0.09677419	-0.02598610	0.00508624	1.00620528
0.35483871	0.09677419	-0.02880934	0.00451538	1.00670814
0.38709677	0.09677419	-0.03125241	0.00381486	1.00729178
0.41935484	0.09677419	-0.03324374	0.00299589	1.00794775
0.45161290	0.09677419	-0.03471867	0.00206943	1.00866501
0.48387097	0.09677419	-0.03562016	0.00104913	1.00942961
0.51612903	0.09677419	-0.03590101	-0.00004592	1.01022450
0.54838710	0.09677419	-0.03552741	-0.00118902	1.01102960
0.58064516	0.09677419	-0.03448342	-0.00234442	1.01182225
0.61290323	0.09677419	-0.03277593	-0.00346699	1.01257796
0.64516129	0.09677419	-0.03043955	-0.00450310	1.01327174
0.67741935	0.09677419	-0.02754053	-0.00539304	1.01387970
0.70967742	0.09677419	-0.02417907	-0.00607472	1.01438106
0.74193548	0.09677419	-0.02048891	-0.00648885	1.01476026
0.77419355	0.09677419	-0.01663389	-0.00658493	1.01500890
0.80645161	0.09677419	-0.01280061	-0.00632804	1.01512733
0.83870968	0.09677419	-0.00918718	-0.00570631	1.01512539
0.87096774	0.09677419	-0.00598800	-0.00473995	1.01502214
0.90322581	0.09677419	-0.00337488	-0.00349427	1.01484432
0.93548387	0.09677419	-0.00147575	-0.00210164	1.01462304
0.96774194	0.09677419	-0.00035422	-0.00080037	1.01438845
1.00000000	0.09677419	0.00000000	0.00000000	1.01427134
0.00000000	0.12903226	0.00000000	0.00000000	1.00594620
0.03225806	0.12903226	-0.00065670	0.00206280	1.00578380
0.06451613	0.12903226	-0.00238900	0.00425588	1.00549789
0.09677419	0.12903226	-0.00499817	0.00621662	1.00529073
0.12903226	0.12903226	-0.00829183	0.00776941	1.00516520
0.16129032	0.12903226	-0.01207929	0.00885747	1.00512491
0.19354839	0.12903226	-0.01617701	0.00949119	1.00517257
0.22580645	0.12903226	-0.02041503	0.00971296	1.00530959
0.25806452	0.12903226	-0.02464067	0.00957509	1.00553618
0.29032258	0.12903226	-0.02871921	0.00912724	1.00585142
0.32258065	0.12903226	-0.03253219	0.00841070	1.00625329
0.35483871	0.12903226	-0.03597472	0.00745714	1.00673844
0.38709677	0.12903226	-0.03895265	0.00629034	1.00730184
0.41935484	0.12903226	-0.04138056	0.00492958	1.00793632
0.45161290	0.12903226	-0.04318109	0.00339398	1.00863211
0.48387097	0.12903226	-0.04428587	0.00170699	1.00937639
0.51612903	0.12903226	-0.04463804	-0.00009936	1.01015308
0.54838710	0.12903226	-0.04419643	-0.00198109	1.01094283
0.58064516	0.12903226	-0.04294078	-0.00387999	1.01172335
0.61290323	0.12903226	-0.04087770	-0.00572309	1.01247021
0.64516129	0.12903226	-0.03804660	-0.00742412	1.01315810
0.67741935	0.12903226	-0.03452455	-0.00888729	1.01376251
0.70967742	0.12903226	-0.03042916	-0.01001344	1.01426184
0.74193548	0.12903226	-0.02591844	-0.01070834	1.01463959
0.77419355	0.12903226	-0.02118660	-0.01089263	1.01488635
0.80645161	0.12903226	-0.01645531	-0.01051285	1.01500131
0.83870968	0.12903226	-0.01196031	-0.00955307	1.01499276
0.87096774	0.12903226	-0.00793399	-0.00804743	1.01487737
0.90322581	0.12903226	-0.00458549	-0.00609500	1.01467796
0.93548387	0.12903226	-0.00208137	-0.00387977	1.01441974
0.96774194	0.12903226	-0.00053280	-0.00169889	1.01412491
1.00000000	0.12903226	0.00000000	0.00000000	1.01397073
0.00000000	0.16129032	0.00000000	0.00000000	1.00606803
0.03225806	0.16129032	-0.00083391	0.00341491	1.00586797
0.06451613	0.16129032	-0.00298326	0.00668433	1.00552138
0.09677419	0.16129032	-0.00615885	0.00948558	1.00527866
0.12903226	0.16129032	-0.01010555	0.01166124	1.00513448
0.16129032	0.16129032	-0.01459095	0.01316786	1.00508517
0.19354839	0.16129032	-0.01940317	0.01403114	1.00512799
0.22580645	0.16129032	-0.02435171	0.01431145	1.00526075
0.25806452	0.16129032	-0.02926777	0.01408006	1.00548165
0.29032258	0.16129032	-0.03400291	0.01340457	1.00578905
0.32258065	0.16129032	-0.03842647	0.01234174	1.00618107
0.35483871	0.16129032	-0.04242212	0.01093583	1.00665513
0.38709677	0.16129032	-0.04588471	0.00922068	1.00720732
0.41935484	0.16129032	-0.04871801	0.00722433	1.00783177
0.45161290	0.16129032	-0.05083388	0.00497473	1.00851994
0.48387097	0.16129032	-0.05215322	0.00250608	1.00926013
0.51612903	0.16129032	-0.05260883	-0.00013536	1.01003703
0.54838710	0.16129032	-0.05215004	-0.00288629	1.01083161
0.58064516	0.16129032	-0.05074882	-0.00566316	1.01162135
0.61290323	0.16129032	-0.04840694	-0.00836116	1.01238098
0.64516129	0.16129032	-0.04516321	-0.01085626	1.01308376
0.67741935	0.16129032	-0.04109985	-0.01301048	1.01370325
0.70967742	0.16129032	-0.03634666	-0.01468083	1.01421566
0.74193548	0.16129032	-0.03108163	-0.01573141	1.01460218
0.77419355	0.16129032	-0.02552672	-0.01604807	1.01485132
0.80645161	0.16129032	-0.01993821	-0.01555433	1.01496050
0.83870968	0.16129032	-0.01459138	-0.01422762	1.01493656
0.87096774	0.16129032	-0.00976100	-0.01211476	1.01479487
0.90322581	0.16129032	-0.00569988	-0.00934688	1.01455687
0.93548387	0.16129032	-0.00261984	-0.00615433	1.01424608
0.96774194	0.16129032	-0.00068130	-0.00288174	1.01388309
1.00000000	0.16129032	0.00000000	0.00000000	1.01369075
0.00000000	0.19354839	0.00000000	0.00000000	1.00607015
0.03225806	0.19354839	-0.00098757	0.00504604	1.00583480
0.06451613	0.19354839	-0.00351276	0.00958080	1.00542906
0.09677419	0.19354839	-0.00720932	0.01333890	1.00514748
0.12903226	0.19354839	-0.01176261	0.01620150	1.00497932
0.16129032	0.19354839	-0.01689784	0.01815507	1.00491561
0.19354839	0.19354839	-0.02237427	0.01925194	1.00494931
0.22580645	0.19354839	-0.02798178	0.01957755	1.00507526
0.25806452	0.19354839	-0.03353780	0.01922628	1.00528995
0.29032258	0.19354839	-0.03888367	0.01828593	1.00559111
0.32258065	0.19354839	-0.04388024	0.01682989	1.00597707
0.35483871	0.19354839	-0.04840337	0.01491538	1.00644604
0.38709677	0.19354839	-0.05233992	0.01258623	1.00699531
0.41935484	0.19354839	-0.05558492	0.00987874	1.00762031
0.45161290	0.19354839	-0.05804027	0.00682918	1.00831386
0.48387097	0.19354839	-0.05961564	0.00348194	1.00906531
0.51612903	0.19354839	-0.06023133	-0.00010255	1.00986002
0.54838710	0.19354839	-0.05982350	-0.00384110	1.01067898
0.58064516	0.19354839	-0.05835128	-0.00762309	1.01149894
0.61290323	0.19354839	-0.05580536	-0.01130870	1.01229300
0.64516129	0.19354839	-0.05221730	-0.01473122	1.01303196
0.67741935	0.19354839	-0.04766812	-0.01770384	1.01368622
0.70967742	0.19354839	-0.04229477	-0.02003167	1.01422837
0.74193548	0.19354839	-0.03629249	-0.02152827	1.01463601
0.77419355	0.19354839	-0.02991152	-0.02203605	1.01489447
0.80645161	0.19354839	-0.02344671	-0.02144819	1.01499879
0.83870968	0.19354839	-0.01722037	-0.01973028	1.01495451
0.87096774	0.19354839	-0.01155943	-0.01693893	1.01477685
0.90322581	0.19354839	-0.00677054	-0.01323615	1.01448812
0.93548387	0.19354839	-0.00311785	-0.00889834	1.01411376
0.96774194	0.19354839	-0.00080967	-0.00431873	1.01367737
1.00000000	0.19354839	0.00000000	0.00000000	1.01344633
0.00000000	0.22580645	0.00000000	0.00000000	1.00592669
0.03225806	0.22580645	-0.00112500	0.00692765	1.00565839
0.06451613	0.22580645	-0.00399493	0.01290606	1.00519608
0.09677419	0.22580645	-0.00817759	0.01773542	1.00487489
0.12903226	0.22580645	-0.01330338	0.02134974	1.00468025
0.16129032	0.22580645	-0.01905633	0.02377951	1.00459912
0.19354839	0.22580645	-0.02516698	0.02511506	1.00462109
0.22580645	0.22580645	-0.03140623	0.02547497	1.00473864
0.25806452	0.22580645	-0.03757944	0.02498195	1.00494691
0.29032258	0.22580645	-0.04352011	0.02374700	1.00524325
0.32258065	0.22580645	-0.04908352	0.02186143	1.00562634
0.35483871	0.22580645	-0.05414058	0.01939550	1.00609537
0.38709677	0.22580645	-0.05857253	0.01640223	1.00664890
0.41935484	0.22580645	-0.06226709	0.01292467	1.00728391
0.45161290	0.22580645	-0.06511651	0.00900545	1.00799464
0.48387097	0.22580645	-0.06701785	0.00469713	1.00877165
0.51612903	0.22580645	-0.06787588	0.00007250	1.00960097
0.54838710	0.22580645	-0.06760871	-0.00476635	1.01046347
0.58064516	0.22580645	-0.06615599	-0.00968130	1.01133479
0.61290323	0.22580645	-0.06348945	-0.01449514	1.01218578
0.64516129	0.22580645	-0.05962488	-0.01899350	1.01298378
0.67741935	0.22580645	-0.05463416	-0.02293301	1.01369476
0.70967742	0.22580645	-0.04865529	-0.02605645	1.01428622
0.74193548	0.22580645	-0.04189804	-0.02811466	1.01473064
0.77419355	0.22580645	-0.03464267	-0.02889385	1.01500885
0.80645161	0.22580645	-0.02722960	-0.02824548	1.01511271
0.83870968	0.22580645	-0.02003969	-0.02611490	1.01504640
0.87096774	0.22580645	-0.01346655	-0.02256459	1.01482588
0.90322581	0.22580645	-0.00788497	-0.01778846	1.01447635
0.93548387	0.22580645	-0.00362143	-0.01211520	1.01402800
0.96774194	0.22580645	-0.00093303	-0.00599959	1.01351090
1.00000000	0.22580645	0.00000000	0.00000000	1.01323873
0.00000000	0.25806452	0.00000000	0.00000000	1.00561716
0.03225806	0.25806452	-0.00125314	0.00904096	1.00531748
0.06451613	0.25806452	-0.00444896	0.01663337	1.00480059
0.09677419	0.25806452	-0.00909638	0.02264734	1.00443981
0.12903226	0.25806452	-0.01477478	0.02708023	1.00421747
0.16129032	0.25806452	-0.02112861	0.03001866	1.00411720
0.19354839	0.25806452	-0.02786044	0.03160183	1.00412580
0.22580645	0.25806452	-0.03472314	0.03199000	1.00423381
0.25806452	0.25806452	-0.04151148	0.03134014	1.00443539
0.29032258	0.25806452	-0.04805335	0.02979000	1.00472775
0.32258065	0.25806452	-0.05420105	0.02745035	1.00511018
0.35483871	0.25806452	-0.05982310	0.02440437	1.00558302
0.38709677	0.25806452	-0.06479736	0.02071273	1.00614643
0.41935484	0.25806452	-0.06900563	0.01642271	1.00679911
0.45161290	0.25806452	-0.07233058	0.01157992	1.00753710
0.48387097	0.25806452	-0.07465515	0.00624131	1.00835241
0.51612903	0.25806452	-0.07586505	0.00048831	1.00923198
0.54838710	0.25806452	-0.07585454	-0.00556100	1.01015667
0.58064516	0.25806452	-0.07453584	-0.01174235	1.01110086
0.61290323	0.25806452	-0.07185185	-0.01783981	1.01203267
0.64516129	0.25806452	-0.06779171	-0.02358650	1.01291509
0.67741935	0.25806452	-0.06240740	-0.02867344	1.01370832
0.70967742	0.25806452	-0.05582934	-0.03276778	1.01437307
0.74193548	0.25806452	-0.04827721	-0.03554089	1.01487479
0.77419355	0.25806452	-0.04006263	-0.03670448	1.01518803
0.80645161	0.25806452	-0.03157994	-0.03605117	1.01530013
0.83870968	0.25806452	-0.02328365	-0.03349333	1.01521342
0.87096774	0.25806452	-0.01565366	-0.02909364	1.01494516
0.90322581	0.25806452	-0.00915319	-0.02308127	1.01452495
0.93548387	0.25806452	-0.00418706	-0.01585028	1.01399017
0.96774194	0.25806452	-0.00106850	-0.00794016	1.01338014
1.00000000	0.25806452	0.00000000	0.00000000	1.01306114
0.00000000	0.29032258	0.00000000	0.00000000	1.00512364
0.03225806	0.29032258	-0.00137790	0.01137660	1.00479318
0.06451613	0.29032258	-0.00489257	0.02074929	1.00422243
0.09677419	0.29032258	-0.00999724	0.02806122	1.00382189
0.12903226	0.29032258	-0.01622244	0.03338196	1.00357098
0.16129032	0.29032258	-0.02317425	0.03686516	1.00345030
0.19354839	0.29032258	-0.03052819	0.03870958	1.00344411
0.22580645	0.29032258	-0.03802028	0.03912600	1.00354132
0.25806452	0.29032258	-0.04543647	0.03831215	1.00373532
0.29032258	0.29032258	-0.05260139	0.03643655	1.00402341
0.32258065	0.29032258	-0.05936707	0.03363117	1.00440575
0.35483871	0.29032258	-0.06560256	0.02999181	1.00488409
0.38709677	0.29032258	-0.07118482	0.02558475	1.00546050
0.41935484	0.29032258	-0.07599156	0.02045788	1.00613588
0.45161290	0.29032258	-0.07989643	0.01465496	1.00690846
0.48387097	0.29032258	-0.08276707	0.00823159	1.00777231
0.51612903	0.29032258	-0.08446666	0.00127188	1.00871578
0.54838710	0.29032258	-0.08485949	-0.00609557	1.00972017
0.58064516	0.29032258	-0.08382122	-0.01368399	1.01075883
0.61290323	0.29032258	-0.08125409	-0.02123928	1.01179694
0.64516129	0.29032258	-0.07710658	-0.02843796	1.01279245
0.67741935	0.29032258	-0.07139627	-0.03489538	1.01369838
0.70967742	0.29032258	-0.06423295	-0.04018665	1.01446664
0.74193548	0.29032258	-0.05583767	-0.04388137	1.01505317
0.77419355	0.29032258	-0.04655211	-0.04559112	1.01542367
0.80645161	0.29032258	-0.03683272	-0.04502445	1.01555880
0.83870968	0.29032258	-0.02722571	-0.04204118	1.01545775
0.87096774	0.29032258	-0.01832298	-0.03669505	1.01513894
0.90322581	0.29032258	-0.01070485	-0.02925506	1.01463757
0.93548387	0.29032258	-0.00488004	-0.02019989	1.01400034
0.96774194	0.29032258	-0.00123488	-0.01018664	1.01327837
1.00000000	0.29032258	0.00000000	0.00000000	1.01290263
0.00000000	0.32258065	0.00000000	0.00000000	1.00442900
0.03225806	0.32258065	-0.00150411	0.01393352	1.00406742
0.06451613	0.32258065	-0.00534103	0.02525271	1.00344209
0.09677419	0.32258065	-0.01090806	0.03397719	1.00300090
0.12903226	0.32258065	-0.01768690	0.04025723	1.00272029
0.16129032	0.32258065	-0.02524552	0.04432440	1.00257775
0.19354839	0.32258065	-0.03323306	0.04644785	1.00255505
0.22580645	0.32258065	-0.04137000	0.04689827	1.00263947
0.25806452	0.32258065	-0.04943556	0.04592124	1.00282377
0.29032258	0.32258065	-0.05725384	0.04372059	1.00310550
0.32258065	0.32258065	-0.06467990	0.04045152	1.00348586
0.35483871	0.32258065	-0.07158674	0.03622212	1.00396837
0.38709677	0.32258065	-0.07785376	0.03110173	1.00455736
0.41935484	0.32258065	-0.08335732	0.02513432	1.00525647
0.45161290	0.32258065	-0.08796365	0.01835543	1.00606687
0.48387097	0.32258065	-0.09152497	0.01081154	1.00698547
0.51612903	0.32258065	-0.09387927	0.00258072	1.00800299
0.54838710	0.32258065	-0.09485502	-0.00620645	1.00910212
0.58064516	0.32258065	-0.09428174	-0.01534775	1.01025591
0.61290323	0.32258065	-0.09200732	-0.02455445	1.01142697
0.64516129	0.32258065	-0.08792241	-0.03344432	1.01256783
0.67741935	0.32258065	-0.08199075	-0.04154706	1.01362303
0.70967742	0.32258065	-0.07428249	-0.04832639	1.01453337
0.74193548	0.32258065	-0.06500499	-0.05322174	1.01524205
0.77419355	0.32258065	-0.05452341	-0.05570943	1.01570220
0.80645161	0.32258065	-0.04336194	-0.05537756	1.01588429
0.83870968	0.32258065	-0.03217831	-0.05200306	1.01578175
0.87096774	0.32258065	-0.02170894	-0.04561450	1.01541311
0.90322581	0.32258065	-0.01269101	-0.03652421	1.01481977
0.93548387	0.32258065	-0.00577598	-0.02532024	1.01405970
0.96774194	0.32258065	-0.00145352	-0.01282019	1.01319863
1.00000000	0.32258065	0.00000000	0.00000000	1.01275125
0.00000000	0.35483871	0.00000000	0.00000000	1.00351582
0.03225806	0.35483871	-0.00163570	0.01671762	1.00312191
0.06451613	0.35483871	-0.00580710	0.03015323	1.00243985
0.09677419	0.35483871	-0.01185242	0.04040709	1.00195626
0.12903226	0.35483871	-0.01920224	0.04771941	1.00164421
0.16129032	0.35483871	-0.02738532	0.05241131	1.00147780
0.19354839	0.35483871	-0.03602451	0.05483405	1.00143606
0.22580645	0.35483871	-0.04482607	0.05532849	1.00150451
0.25806452	0.35483871	-0.05356484	0.05419598	1.00167519
0.29032258	0.35483871	-0.06206767	0.05168088	1.00194594
0.32258065	0.35483871	-0.07019655	0.04796405	1.00231916
0.35483871	0.35483871	-0.07783278	0.04316566	1.00280037
0.38709677	0.35483871	-0.08486265	0.03735532	1.00339665
0.41935484	0.35483871	-0.09116522	0.03056777	1.00411499
0.45161290	0.35483871	-0.09660260	0.02282261	1.00496036
0.48387097	0.35483871	-0.10101316	0.01414720	1.00593373
0.51612903	0.35483871	-0.10420883	0.00460193	1.00702962
0.54838710	0.35483871	-0.10597778	-0.00569310	1.00823367
0.58064516	0.35483871	-0.10609424	-0.01653169	1.00952024
0.61290323	0.35483871	-0.10433728	-0.02759860	1.01085052
0.64516129	0.35483871	-0.10051966	-0.03845452	1.01217199
0.67741935	0.35483871	-0.09452671	-0.04853530	1.01341989
0.70967742	0.35483871	-0.08636243	-0.05717240	1.01452138
0.74193548	0.35483871	-0.07619647	-0.06364045	1.01540287
0.77419355	0.35483871	-0.06440188	-0.06723417	1.01599967
0.80645161	0.35483871	-0.05156999	-0.06736955	1.01626652
0.83870968	0.35483871	-0.03848899	-0.06369418	1.01618647
0.87096774	0.35483871	-0.02607883	-0.05618234	1.01577540
0.90322581	0.35483871	-0.01528663	-0.04518802	1.01508057
0.93548387	0.35483871	-0.00696309	-0.03143737	1.01417314
0.96774194	0.35483871	-0.00174931	-0.01596261	1.01313664
1.00000000	0.35483871	0.00000000	0.00000000	1.01259694
0.00000000	0.38709677	0.00000000	0.00000000	1.00236563
0.03225806	0.38709677	-0.00177596	0.01974061	1.00193739
0.06451613	0.38709677	-0.00630167	0.03546941	1.00119513
0.09677419	0.38709677	-0.01285018	0.04737231	1.00066644
0.12903226	0.38709677	-0.02079636	0.05579012	1.00032053
0.16129032	0.38709677	-0.02962698	0.06114666	1.00012753
0.19354839	0.38709677	-0.03893791	0.06388859	1.00006324
0.22580645	0.38709677	-0.04842225	0.06443859	1.00011101
0.25806452	0.38709677	-0.05785307	0.06316283	1.00026194
0.29032258	0.38709677	-0.06706369	0.06035230	1.00051402
0.32258065	0.38709677	-0.07592767	0.05621662	1.00087085
0.35483871	0.38709677	-0.08433987	0.05088820	1.00134015
0.38709677	0.38709677	-0.09219916	0.04443416	1.00193213
0.41935484	0.38709677	-0.09939309	0.03687427	1.00265777
0.45161290	0.38709677	-0.10578492	0.02820337	1.00352693
0.48387097	0.38709677	-0.11120333	0.01841776	1.00454605
0.51612903	0.38709677	-0.11543604	0.00754534	1.00571547
0.54838710	0.38709677	-0.11822918	-0.00432104	1.00702619
0.58064516	0.38709677	-0.11929479	-0.01698826	1.00845652
0.61290323	0.38709677	-0.11832949	-0.03012904	1.00996874
0.64516129	0.38709677	-0.11504691	-0.04325488	1.01150700
0.67741935	0.38709677	-0.10922510	-0.05570429	1.01299734
0.70967742	0.38709677	-0.10076741	-0.06665663	1.01435120
0.74193548	0.38709677	-0.08977044	-0.07518227	1.01547339
0.77419355	0.38709677	-0.07658637	-0.08033590	1.01627426
0.80645161	0.38709677	-0.06186116	-0.08129044	1.01668445
0.83870968	0.38709677	-0.04652640	-0.07749422	1.01666875
0.87096774	0.38709677	-0.03172807	-0.06881685	1.01623489
0.90322581	0.38709677	-0.01869101	-0.05563995	1.01543401
0.93548387	0.38709677	-0.00854398	-0.03885756	1.01435198
0.96774194	0.38709677	-0.00215170	-0.01978328	1.01309408
1.00000000	0.38709677	0.00000000	0.00000000	1.01243499
0.00000000	0.41935484	0.00000000	0.00000000	1.00095839
0.03225806	0.41935484	-0.00192793	0.02301928	1.00049308
0.06451613	0.41935484	-0.00683462	0.04122743	0.99968591
0.09677419	0.41935484	-0.01391891	0.05490176	0.99910865
0.12903226	0.41935484	-0.02249252	0.06449620	0.99872587
0.16129032	0.41935484	-0.03199563	0.07055285	0.99850296
0.19354839	0.41935484	-0.04199536	0.07362932	0.99841168
0.22580645	0.41935484	-0.05217239	0.07424365	0.99843260
0.25806452	0.41935484	-0.06230063	0.07283741	0.99855535
0.29032258	0.41935484	-0.07222401	0.06975547	0.99877773
0.32258065	0.41935484	-0.08183287	0.06524024	0.99910439
0.35483871	0.41935484	-0.09104175	0.05943715	0.99954522
0.38709677	0.41935484	-0.09976893	0.05240854	1.00011375
0.41935484	0.41935484	-0.10791788	0.04415353	1.00082558
0.45161290	0.41935484	-0.11536065	0.03463284	1.00169645
0.48387097	0.41935484	-0.12192343	0.02379831	1.00273999
0.51612903	0.41935484	-0.12737545	0.01162777	1.00396479
0.54838710	0.41935484	-0.13142344	-0.00183435	1.00537055
0.58064516	0.41935484	-0.13371488	-0.01643138	1.00694353
0.61290323	0.41935484	-0.13385416	-0.03184648	1.00865146
0.64516129	0.41935484	-0.13143637	-0.04755891	1.01043900
0.67741935	0.41935484	-0.12610181	-0.06281480	1.01222515
0.70967742	0.41935484	-0.11761220	-0.07662706	1.01390478
0.74193548	0.41935484	-0.10594318	-0.08782148	1.01535620
0.77419355	0.41935484	-0.09137979	-0.09514344	1.01645571
0.80645161	0.41935484	-0.07459069	-0.09742952	1.01709771
0.83870968	0.41935484	-0.05664877	-0.09382727	1.01721607
0.87096774	0.41935484	-0.03896524	-0.08401773	1.01680031
0.90322581	0.41935484	-0.02312330	-0.06837210	1.01590033
0.93548387	0.41935484	-0.01063569	-0.04797668	1.01461726
0.96774194	0.41935484	-0.00269522	-0.02450659	1.01308288
1.00000000	0.41935484	0.00000000	0.00000000	1.01227048
0.00000000	0.45161290	0.00000000	0.00000000	0.99927206
0.03225806	0.45161290	-0.00209487	0.02657523	0.99876619
0.06451613	0.45161290	-0.00741631	0.04746039	0.99788822
0.09677419	0.45161290	-0.01507607	0.06303020	0.99725831
0.12903226	0.45161290	-0.02431201	0.07386683	0.99683550
0.16129032	0.45161290	-0.03451083	0.08064949	0.99657925
0.19354839	0.45161290	-0.04520785	0.08406533	0.99645620
0.22580645	0.45161290	-0.05607160	0.08474385	0.99644313
0.25806452	0.45161290	-0.06687949	0.08321444	0.99652742
0.29032258	0.45161290	-0.07749036	0.07988453	0.99670608
0.32258065	0.45161290	-0.08781686	0.07503437	0.99698432
0.35483871	0.45161290	-0.09779979	0.06882425	0.99737390
0.38709677	0.45161290	-0.10738451	0.06131028	0.99789166
0.41935484	0.45161290	-0.11649919	0.05246599	0.99855804
0.45161290	0.45161290	-0.12503453	0.04220892	0.99939551
0.48387097	0.45161290	-0.13282474	0.03043256	1.00042654
0.51612903	0.45161290	-0.13963097	0.01704535	1.00167071
0.54838710	0.45161290	-0.14512936	0.00201839	1.00314054
0.58064516	0.45161290	-0.14890770	-0.01455753	1.00483581
0.61290323	0.45161290	-0.15047616	-0.03240754	1.00673633
0.64516129	0.45161290	-0.14929862	-0.05100723	1.00879415
0.67741935	0.45161290	-0.14485077	-0.06952846	1.01092679
0.70967742	0.45161290	-0.13670926	-0.08681525	1.01301460
0.74193548	0.45161290	-0.12467000	-0.10141468	1.01490582
0.77419355	0.45161290	-0.10888378	-0.11168839	1.01643222
0.80645161	0.45161290	-0.08998204	-0.11602146	1.01743539
0.83870968	0.45161290	-0.06914850	-0.11311966	1.01779890
0.87096774	0.45161290	-0.04808221	-0.10234232	1.01747668
0.90322581	0.45161290	-0.02881098	-0.08396948	1.01650675
0.93548387	0.45161290	-0.01336738	-0.05928562	1.01500360
0.96774194	0.45161290	-0.00341980	-0.03041896	1.01313088
1.00000000	0.45161290	0.00000000	0.00000000	1.01212454
0.00000000	0.48387097	0.00000000	0.00000000	0.99728201
0.03225806	0.48387097	-0.00228099	0.03043558	0.99673122
0.06451613	0.48387097	-0.00805946	0.05420862	0.99577535
0.09677419	0.48387097	-0.01634208	0.07179746	0.99508854
0.12903226	0.48387097	-0.02627785	0.08393095	0.99462313
0.16129032	0.48387097	-0.03719021	0.09144868	0.99433106
0.19354839	0.48387097	-0.04857836	0.09519008	0.99417227
0.22580645	0.48387097	-0.06009843	0.09591528	0.99411837
0.25806452	0.48387097	-0.07153400	0.09425616	0.99415329
0.29032258	0.48387097	-0.08276314	0.09069283	0.99427234
0.32258065	0.48387097	-0.09372641	0.08554967	0.99448047
0.35483871	0.48387097	-0.10439742	0.07900479	0.99479067
0.38709677	0.48387097	-0.11475643	0.07110793	0.99522252
0.41935484	0.48387097	-0.12476578	0.06180355	0.99580111
0.45161290	0.48387097	-0.13434627	0.05095839	0.99655599
0.48387097	0.48387097	-0.14335375	0.03839476	0.99751971
0.51612903	0.48387097	-0.15155675	0.02393239	0.99872552
0.54838710	0.48387097	-0.15861706	0.00744237	1.00020329
0.58064516	0.48387097	-0.16407779	-0.01108458	1.00197317
0.61290323	0.48387097	-0.16736511	-0.03145556	1.00403623
0.64516129	0.48387097	-0.16781209	-0.05318430	1.00636262
0.67741935	0.48387097	-0.16471421	-0.07540416	1.00887884
0.70967742	0.48387097	-0.15742512	-0.09680783	1.01145795
0.74193548	0.48387097	-0.14549695	-0.11564695	1.01391835
0.77419355	0.48387097	-0.12885901	-0.12983139	1.01603739
0.80645161	0.48387097	-0.10800956	-0.13716479	1.01758316
0.83870968	0.48387097	-0.08416783	-0.13572709	1.01836082
0.87096774	0.48387097	-0.05930497	-0.12435525	1.01826047
0.90322581	0.48387097	-0.03596881	-0.10308692	1.01728808
0.93548387	0.48387097	-0.01687504	-0.07336785	1.01556434
0.96774194	0.48387097	-0.00437060	-0.03787396	1.01328975
1.00000000	0.48387097	0.00000000	0.00000000	1.01204321
0.00000000	0.51612903	0.00000000	0.00000000	0.99496014
0.03225806	0.51612903	-0.00249238	0.03463468	0.99435891
0.06451613	0.51612903	-0.00878189	0.06152147	0.99331675
0.09677419	0.51612903	-0.01774454	0.08124858	0.99256933
0.12903226	0.51612903	-0.02841961	0.09471495	0.99206068
0.16129032	0.51612903	-0.04005421	0.10295000	0.99173305
0.19354839	0.51612903	-0.05210565	0.10697355	0.99153742
0.22580645	0.51612903	-0.06421733	0.10769947	0.99143829
0.25806452	0.51612903	-0.07618182	0.10587915	0.99141460
0.29032258	0.51612903	-0.08790099	0.10207694	0.99145858
0.32258065	0.51612903	-0.09934853	0.09666864	0.99157378
0.35483871	0.51612903	-0.11053694	0.08985427	0.99177329
0.38709677	0.51612903	-0.12148854	0.08167864	0.99207839
0.41935484	0.51612903	-0.13220899	0.07205583	0.99251794
0.45161290	0.51612903	-0.14266118	0.06079689	0.99312808
0.48387097	0.51612903	-0.15273837	0.04764304	0.99395192
0.51612903	0.51612903	-0.16223648	0.03230866	0.99503832
0.54838710	0.51612903	-0.17082717	0.01453944	0.99643888
0.58064516	0.51612903	-0.17803584	-0.00580948	0.99820160
0.61290323	0.51612903	-0.18323109	-0.02867324	1.00036002
0.64516129	0.51612903	-0.18563537	-0.05365813	1.00291715
0.67741935	0.51612903	-0.18436906	-0.07991543	1.00582507
0.70967742	0.51612903	-0.17854189	-0.10603251	1.00896443
0.74193548	0.51612903	-0.16740434	-0.12998079	1.01213152
0.77419355	0.51612903	-0.15056389	-0.14917577	1.01504376
0.80645161	0.51612903	-0.12825118	-0.16071263	1.01737325
0.83870968	0.51612903	-0.10158376	-0.16182424	1.01880922
0.87096774	0.51612903	-0.07272144	-0.15054132	1.01913474
0.90322581	0.51612903	-0.04476569	-0.12639941	1.01828809
0.93548387	0.51612903	-0.02129257	-0.09088383	1.01637886
0.96774194	0.51612903	-0.00559774	-0.04729399	1.01364649
1.00000000	0.51612903	0.00000000	0.00000000	1.01211039
0.00000000	0.54838710	0.00000000	0.00000000	0.99227326
0.03225806	0.54838710	-0.00273842	0.03921745	0.99161453
0.06451613	0.54838710	-0.00961026	0.06946078	0.99047621
0.09677419	0.54838710	-0.01932382	0.09143517	0.98966612
0.12903226	0.54838710	-0.03077965	0.10624061	0.98911773
0.16129032	0.54838710	-0.04313145	0.11513472	0.98876039
0.19354839	0.54838710	-0.05578805	0.11935319	0.98853293
0.22580645	0.54838710	-0.06838041	0.11999143	0.98839007
0.25806452	0.54838710	-0.08071402	0.11793981	0.98830366
0.29032258	0.54838710	-0.09271958	0.11385954	0.98826119
0.32258065	0.54838710	-0.10440902	0.10818561	0.98826334
0.35483871	0.54838710	-0.11583880	0.10114479	0.98832174
0.38709677	0.54838710	-0.12707914	0.09277998	0.98845780
0.41935484	0.54838710	-0.13818667	0.08297619	0.98870248
0.45161290	0.54838710	-0.14917749	0.07148777	0.98909712
0.48387097	0.54838710	-0.15999853	0.05797006	0.98969461
0.51612903	0.54838710	-0.17049613	0.04202120	0.99056017
0.54838710	0.54838710	-0.18038280	0.02324174	0.99177030
0.58064516	0.54838710	-0.18920511	0.00131934	0.99340782
0.61290323	0.54838710	-0.19631881	-0.02385603	0.99555078
0.64516129	0.54838710	-0.20088074	-0.05204633	0.99825278
0.67741935	0.54838710	-0.20187131	-0.08249763	1.00151423
0.70967742	0.54838710	-0.19816623	-0.11377254	1.00524778
0.74193548	0.54838710	-0.18867975	-0.14362495	1.00924693
0.77419355	0.54838710	-0.17260067	-0.16898455	1.01317405
0.80645161	0.54838710	-0.14972736	-0.18614491	1.01658657
0.83870968	0.54838710	-0.12086692	-0.19125682	1.01901313
0.87096774	0.54838710	-0.08818316	-0.18117332	1.02006831
0.90322581	0.54838710	-0.05527545	-0.15451578	1.01956443
0.93548387	0.54838710	-0.02673745	-0.11253578	1.01756434
0.96774194	0.54838710	-0.00715549	-0.05916652	1.01434051
1.00000000	0.54838710	0.00000000	0.00000000	1.01246698
0.00000000	0.58064516	0.00000000	0.00000000	0.98918038
0.03225806	0.58064516	-0.00303397	0.04424494	0.98845483
0.06451613	0.58064516	-0.01058571	0.07810686	0.98720883
0.09677419	0.58064516	-0.02114078	0.10241795	0.98633762
0.12903226	0.58064516	-0.03342068	0.11852257	0.98576064
0.16129032	0.58064516	-0.04646433	0.12795840	0.98538946
0.19354839	0.58064516	-0.05962585	0.13222250	0.98514606
0.22580645	0.58064516	-0.07252668	0.13262544	0.98497171
0.25806452	0.58064516	-0.08499172	0.13021831	0.98482853
0.29032258	0.58064516	-0.09698724	0.12577193	0.98469739
0.32258065	0.58064516	-0.10856894	0.11978786	0.98457436
0.35483871	0.58064516	-0.11984151	0.11252439	0.98446795
0.38709677	0.58064516	-0.13092700	0.10402651	0.98439765
0.41935484	0.58064516	-0.14193829	0.09415417	0.98439434
0.45161290	0.58064516	-0.15295338	0.08260874	0.98450217
0.48387097	0.58064516	-0.16398742	0.06896168	0.98478180
0.51612903	0.58064516	-0.17496041	0.05269293	0.98531381
0.54838710	0.58064516	-0.18566028	0.03324842	0.98620076
0.58064516	0.58064516	-0.19570260	0.01012654	0.98756530
0.61290323	0.58064516	-0.20449140	-0.01699760	0.98954068
0.64516129	0.58064516	-0.21118864	-0.04810562	0.99224940
0.67741935	0.58064516	-0.21470568	-0.08262994	0.99576698
0.70967742	0.58064516	-0.21373781	-0.11922406	1.00007149
0.74193548	0.58064516	-0.20687284	-0.15554634	1.00498754
0.77419355	0.58064516	-0.19281433	-0.18812816	1.01014462
0.80645161	0.58064516	-0.17075827	-0.21244637	1.01498035
0.83870968	0.58064516	-0.14092885	-0.22336843	1.01881860
0.87096774	0.58064516	-0.10518189	-0.21613279	1.02102653
0.90322581	0.58064516	-0.06740741	-0.18784511	1.02120180
0.93548387	0.58064516	-0.03328845	-0.13900378	1.01929549
0.96774194	0.58064516	-0.00910061	-0.07403143	1.01558983
1.00000000	0.58064516	0.00000000	0.00000000	1.01333976
0.00000000	0.61290323	0.00000000	0.00000000	0.98562791
0.03225806	0.61290323	-0.00340285	0.04980315	0.98482296
0.06451613	0.61290323	-0.01177217	0.08756758	0.98345600
0.09677419	0.61290323	-0.02328736	0.11427013	0.98253224
0.12903226	0.61290323	-0.03643476	0.13156416	0.98195119
0.16129032	0.61290323	-0.05011332	0.14133989	0.98159870
0.19354839	0.61290323	-0.06361966	0.14541553	0.98137288
0.22580645	0.61290323	-0.07657459	0.14535730	0.98119648
0.25806452	0.61290323	-0.08883449	0.14240036	0.98101880
0.29032258	0.61290323	-0.10041180	0.13743676	0.98081202
0.32258065	0.61290323	-0.11141330	0.13103987	0.98056615
0.35483871	0.61290323	-0.12199606	0.12350285	0.98028495
0.38709677	0.61290323	-0.13233632	0.11487677	0.97998407
0.41935484	0.61290323	-0.14260556	0.10500257	0.97969181
0.45161290	0.61290323	-0.15294859	0.09353689	0.97945232
0.48387097	0.61290323	-0.16345922	0.07997709	0.97933101
0.51612903	0.61290323	-0.17415085	0.06369406	0.97942119
0.54838710	0.61290323	-0.18491974	0.04398392	0.97985027
0.58064516	0.61290323	-0.19550078	0.02015046	0.98078246
0.61290323	0.61290323	-0.20541677	-0.00836998	0.98241320
0.64516129	0.61290323	-0.21392557	-0.04183204	0.98494902
0.67741935	0.61290323	-0.21997476	-0.07994845	0.98856669
0.70967742	0.61290323	-0.22218346	-0.12160537	0.99334818
0.74193548	0.61290323	-0.21888682	-0.16454842	0.99919652
0.77419355	0.61290323	-0.20830119	-0.20509911	1.00575296
0.80645161	0.61290323	-0.18888824	-0.23803038	1.01235579
0.83870968	0.61290323	-0.15998902	-0.25683319	1.01809556
0.87096774	0.61290323	-0.12271130	-0.25469475	1.02200412
0.90322581	0.61290323	-0.08081396	-0.22640922	1.02334111
0.93548387	0.61290323	-0.04095224	-0.17084257	1.02183755
0.96774194	0.61290323	-0.01148933	-0.09245496	1.01773050
1.00000000	0.61290323	0.00000000	0.00000000	1.01508407
0.00000000	0.64516129	0.00000000	0.00000000	0.98154132
0.03225806	0.64516129	-0.00388381	0.05601710	0.98063967
0.06451613	0.64516129	-0.01326963	0.09799137	0.97913727
0.09677419	0.64516129	-0.02590135	0.12708053	0.97818273
0.12903226	0.64516129	-0.03995280	0.14534853	0.97764476
0.16129032	0.64516129	-0.05415670	0.15514329	0.97737011
0.19354839	0.64516129	-0.06775892	0.15868377	0.97722221
0.22580645	0.64516129	-0.08040046	0.15784027	0.97709853
0.25806452	0.64516129	-0.09199157	0.15405551	0.97693195
0.29032258	0.64516129	-0.10260856	0.14835073	0.97668439
0.32258065	0.64516129	-0.11242061	0.14137212	0.97633892
0.35483871	0.64516129	-0.12164275	0.13344740	0.97589365
0.38709677	0.64516129	-0.13050690	0.12463601	0.97535911
0.41935484	0.64516129	-0.13924279	0.11476644	0.97475908
0.45161290	0.64516129	-0.14806234	0.10346240	0.97413512
0.48387097	0.64516129	-0.15714230	0.09016394	0.97355423
0.51612903	0.64516129	-0.16660152	0.07415345	0.97311899
0.54838710	0.64516129	-0.17646949	0.05459836	0.97297848
0.58064516	0.64516129	-0.18664373	0.03062358	0.97333664
0.61290323	0.64516129	-0.19683362	0.00142719	0.97445264
0.64516129	0.64516129	-0.20649024	-0.03354763	0.97662528
0.67741935	0.64516129	-0.21472529	-0.07437204	0.98015188
0.70967742	0.64516129	-0.22023224	-0.12031199	0.98525364
0.74193548	0.64516129	-0.22124191	-0.16942859	0.99196574
0.77419355	0.64516129	-0.21557915	-0.21812674	1.00000699
0.80645161	0.64516129	-0.20093538	-0.26075854	1.00867235
0.83870968	0.64516129	-0.17551026	-0.28954536	1.01682686
0.87096774	0.64516129	-0.13913978	-0.29530784	1.02309102
0.90322581	0.64516129	-0.09477992	-0.26960416	1.02623317
0.93548387	0.64516129	-0.04961731	-0.20832840	1.02559939
0.96774194	0.64516129	-0.01437351	-0.11498367	1.02127527
1.00000000	0.64516129	0.00000000	0.00000000	1.01824589
0.00000000	0.67741935	0.00000000	0.00000000	0.97681046
0.03225806	0.67741935	-0.00454117	0.06307277	0.97578826
0.06451613	0.67741935	-0.01523506	0.10958512	0.97413703
0.09677419	0.67741935	-0.02918604	0.14095330	0.97319827
0.12903226	0.67741935	-0.04415119	0.15981950	0.97278850
0.16129032	0.67741935	-0.05867785	0.16914600	0.97269224
0.19354839	0.67741935	-0.07198890	0.17165929	0.97272164
0.22580645	0.67741935	-0.08378819	0.16958995	0.97274001
0.25806452	0.67741935	-0.09407925	0.16460847	0.97266051
0.29032258	0.67741935	-0.10303130	0.15786579	0.97243435
0.32258065	0.67741935	-0.11089387	0.15007406	0.97203822
0.35483871	0.67741935	-0.11794864	0.14158913	0.97146522
0.38709677	0.67741935	-0.12448503	0.13247680	0.97072082
0.41935484	0.67741935	-0.13078847	0.12255801	0.96982382
0.45161290	0.67741935	-0.13713354	0.11143641	0.96881192
0.48387097	0.67741935	-0.14377646	0.09851628	0.96775168
0.51612903	0.67741935	-0.15094258	0.08302125	0.96675204
0.54838710	0.67741935	-0.15880510	0.06402613	0.96597996
0.58064516	0.67741935	-0.16745032	0.04051460	0.96567481
0.61290323	0.67741935	-0.17682447	0.01147654	0.96615569
0.64516129	0.67741935	-0.18665605	-0.02394037	0.96781286
0.67741935	0.67741935	-0.19634901	-0.06620644	0.97107135
0.70967742	0.67741935	-0.20484806	-0.11508875	0.97631418
0.74193548	0.67741935	-0.21049515	-0.16920150	0.98375565
0.77419355	0.67741935	-0.21093616	-0.22540562	0.99326783
0.80645161	0.67741935	-0.20321052	-0.27809927	1.00419394
0.83870968	0.67741935	-0.18425725	-0.31862878	1.01523727
0.87096774	0.67741935	-0.15213653	-0.33542508	1.02457562
0.90322581	0.67741935	-0.10810908	-0.31593168	1.03032399
0.93548387	0.67741935	-0.05899649	-0.25124897	1.03121407
0.96774194	0.67741935	-0.01779882	-0.14207225	1.02699837
1.00000000	0.67741935	0.00000000	0.00000000	1.02365019
0.00000000	0.70967742	0.00000000	0.00000000	0.97126264
0.03225806	0.70967742	-0.00548453	0.07125215	0.97008775
0.06451613	0.70967742	-0.01791594	0.12263623	0.96828274
0.09677419	0.70967742	-0.03343330	0.15599666	0.96745363
0.12903226	0.70967742	-0.04924519	0.17484034	0.96732102
0.16129032	0.70967742	-0.06372132	0.18298100	0.96756680
0.19354839	0.70967742	-0.07613148	0.18379410	0.96792721
0.22580645	0.70967742	-0.08632180	0.17993061	0.96822116
0.25806452	0.70967742	-0.09445400	0.17329862	0.96834040
0.29032258	0.70967742	-0.10083480	0.16516535	0.96822765
0.32258065	0.70967742	-0.10582055	0.15628946	0.96785644
0.35483871	0.70967742	-0.10977213	0.14703857	0.96721789
0.38709677	0.70967742	-0.11303890	0.13747584	0.96631494
0.41935484	0.70967742	-0.11595737	0.12741495	0.96516321
0.45161290	0.70967742	-0.11885543	0.11645039	0.96379775
0.48387097	0.70967742	-0.12205682	0.10397298	0.96228504
0.51612903	0.70967742	-0.12588161	0.08918210	0.96073966
0.54838710	0.70967742	-0.13063849	0.07110610	0.95934408
0.58064516	0.70967742	-0.13660379	0.04864296	0.95836857
0.61290323	0.70967742	-0.14397980	0.02063294	0.95818520
0.64516129	0.70967742	-0.15282277	-0.01402309	0.95926719
0.67741935	0.70967742	-0.16292811	-0.05618003	0.96216067
0.70967742	0.70967742	-0.17366018	-0.10616584	0.96741356
0.74193548	0.70967742	-0.18372316	-0.16334048	0.97544537
0.77419355	0.70967742	-0.19090315	-0.22541136	0.98634686
0.80645161	0.70967742	-0.19189713	-0.28743744	0.99962057
0.83870968	0.70967742	-0.18250730	-0.34061933	1.01393403
0.87096774	0.70967742	-0.15869170	-0.37145600	1.02707289
0.90322581	0.70967742	-0.11903068	-0.36274419	1.03636962
0.93548387	0.70967742	-0.06856092	-0.29863864	1.03965230
0.96774194	0.70967742	-0.02181087	-0.17398014	1.03605628
1.00000000	0.70967742	0.00000000	0.00000000	1.03252675
0.00000000	0.74193548	0.00000000	0.00000000	0.96461088
0.03225806	0.74193548	-0.00690599	0.08098871	0.96324371
0.06451613	0.74193548	-0.02170111	0.13753388	0.96130956
0.09677419	0.74193548	-0.03903907	0.17228255	0.96077593
0.12903226	0.74193548	-0.05543904	0.19010752	0.96117689
0.16129032	0.74193548	-0.06917289	0.19603229	0.96202257
0.19354839	0.74193548	-0.07970613	0.19425976	0.96293986
0.22580645	0.74193548	-0.08716395	0.18791246	0.96369478
0.25806452	0.74193548	-0.09196501	0.17912146	0.96416120
0.29032258	0.74193548	-0.09461519	0.16923235	0.96428064
0.32258065	0.74193548	-0.09561102	0.15901139	0.96403108
0.35483871	0.74193548	-0.09540641	0.14880748	0.96340841
0.38709677	0.74193548	-0.09441139	0.13866204	0.96241879
0.41935484	0.74193548	-0.09300500	0.12837453	0.96107966
0.45161290	0.74193548	-0.09155310	0.11753587	0.95942780
0.48387097	0.74193548	-0.09042621	0.10554246	0.95753334
0.51612903	0.74193548	-0.09001415	0.09160292	0.95551917
0.54838710	0.74193548	-0.09073382	0.07474832	0.95358413
0.58064516	0.74193548	-0.09302523	0.05385592	0.95202713
0.61290323	0.74193548	-0.09732820	0.02769553	0.95126667
0.64516129	0.74193548	-0.10402846	-0.00499205	0.95184710
0.67741935	0.74193548	-0.11335617	-0.04536902	0.95441938
0.70967742	0.74193548	-0.12521282	-0.09429368	0.95968067
0.74193548	0.74193548	-0.13889675	-0.15195852	0.96825339
0.77419355	0.74193548	-0.15271028	-0.21723165	0.98048176
0.80645161	0.74193548	-0.16349973	-0.28649511	0.99612856
0.83870968	0.74193548	-0.16637543	-0.35183420	1.01399600
0.87096774	0.74193548	-0.15523361	-0.39890168	1.03163532
0.90322581	0.74193548	-0.12513490	-0.40606244	1.04555990
0.93548387	0.74193548	-0.07745866	-0.34846877	1.05236870
0.96774194	0.74193548	-0.02647410	-0.21063316	1.05016030
1.00000000	0.74193548	0.00000000	0.00000000	1.04669491
0.00000000	0.77419355	0.00000000	0.00000000	0.95634855
0.03225806	0.77419355	-0.00915103	0.09295326	0.95475414
0.06451613	0.77419355	-0.02718642	0.15476930	0.95280325
0.09677419	0.77419355	-0.04646686	0.18973458	0.95293325
0.12903226	0.77419355	-0.06274954	0.20497415	0.95430409
0.16129032	0.77419355	-0.07445638	0.20724808	0.95614353
0.19354839	0.77419355	-0.08153541	0.20178516	0.95793304
0.22580645	0.77419355	-0.08460786	0.19218950	0.95938810
0.25806452	0.77419355	-0.08448360	0.18074986	0.96037988
0.29032258	0.77419355	-0.08193869	0.16881135	0.96086527
0.32258065	0.77419355	-0.07763987	0.15708067	0.96084107
0.35483871	0.77419355	-0.07213956	0.14583894	0.96031972
0.38709677	0.77419355	-0.06589935	0.13507443	0.95932042
0.41935484	0.77419355	-0.05932272	0.12455666	0.95787103
0.45161290	0.77419355	-0.05278881	0.11387160	0.95601783
0.48387097	0.77419355	-0.04668436	0.10243404	0.95384181
0.51612903	0.77419355	-0.04143215	0.08948971	0.95148047
0.54838710	0.77419355	-0.03751379	0.07411719	0.94915361
0.58064516	0.77419355	-0.03548317	0.05523735	0.94719044
0.61290323	0.77419355	-0.03596437	0.03163617	0.94605279
0.64516129	0.77419355	-0.03962380	0.00200489	0.94634634
0.67741935	0.77419355	-0.04710006	-0.03499566	0.94880906
0.70967742	0.77419355	-0.05886268	-0.08062525	0.95426224
0.74193548	0.77419355	-0.07495179	-0.13584301	0.96350638
0.77419355	0.77419355	-0.09452953	-0.20080838	0.97713608
0.80645161	0.77419355	-0.11518961	-0.27377227	0.99523613
0.83870968	0.77419355	-0.13212908	-0.34888543	1.01691944
0.87096774	0.77419355	-0.13776810	-0.41269652	1.03976624
0.90322581	0.77419355	-0.12329275	-0.44051913	1.05959547
0.93548387	0.77419355	-0.08437422	-0.39729943	1.07146449
0.96774194	0.77419355	-0.03189068	-0.25143879	1.07182656
1.00000000	0.77419355	0.00000000	0.00000000	1.06885072
0.00000000	0.80645161	0.00000000	0.00000000	0.94552058
0.03225806	0.80645161	-0.01284840	0.10817512	0.94372236
0.06451613	0.80645161	-0.03520952	0.17484970	0.94211363
0.09677419	0.80645161	-0.05600918	0.20784567	0.94363970
0.12903226	0.80645161	-0.07047822	0.21809704	0.94671118
0.16129032	0.80645161	-0.07779404	0.21481816	0.95012316
0.19354839	0.80645161	-0.07889060	0.20441123	0.95319870
0.22580645	0.80645161	-0.07518891	0.19086065	0.95563552
0.25806452	0.80645161	-0.06803572	0.17645229	0.95733995
0.29032258	0.80645161	-0.05852642	0.16238861	0.95831572
0.32258065	0.80645161	-0.04749631	0.14921226	0.95860251
0.35483871	0.80645161	-0.03557087	0.13706696	0.95824751
0.38709677	0.80645161	-0.02322817	0.12584521	0.95729730
0.41935484	0.80645161	-0.01085760	0.11526400	0.95580202
0.45161290	0.80645161	0.00118854	0.10489751	0.95382802
0.48387097	0.80645161	0.01254972	0.09418581	0.95147678
0.51612903	0.80645161	0.02281712	0.08243235	0.94890910
0.54838710	0.80645161	0.03149850	0.06879934	0.94637309
0.58064516	0.80645161	0.03799018	0.05230651	0.94423321
0.61290323	0.80645161	0.04155971	0.03183617	0.94299570
0.64516129	0.80645161	0.04134659	0.00614365	0.94332312
0.67741935	0.80645161	0.03639295	-0.02613013	0.94602831
0.70967742	0.80645161	0.02572846	-0.06644194	0.95203551
0.74193548	0.80645161	0.00855918	-0.11629166	0.96229401
0.77419355	0.80645161	-0.01533986	-0.17699381	0.97762281
0.80645161	0.80645161	-0.04486502	-0.24889554	0.99844507
0.83870968	0.80645161	-0.07631464	-0.32925570	1.02432690
0.87096774	0.80645161	-0.10187703	-0.40773800	1.05321894
0.90322581	0.80645161	-0.10941300	-0.45945630	1.08060700
0.93548387	0.80645161	-0.08719249	-0.43987083	1.09981110
0.96774194	0.80645161	-0.03814087	-0.29500737	1.10473759
1.00000000	0.80645161	0.00000000	0.00000000	1.10303564
0.00000000	0.83870968	0.00000000	0.00000000	0.93019407
0.03225806	0.83870968	-0.01911261	0.12816278	0.92847329
0.06451613	0.83870968	-0.04661995	0.19793008	0.92824561
0.09677419	0.83870968	-0.06686436	0.22500328	0.93262055
0.12903226	0.83870968	-0.07574095	0.22675900	0.93857913
0.16129032	0.83870968	-0.07446241	0.21566046	0.94436663
0.19354839	0.83870968	-0.06570693	0.19918003	0.94922450
0.22580645	0.83870968	-0.05200706	0.18133462	0.95292945
0.25806452	0.83870968	-0.03530505	0.16408737	0.95549907
0.29032258	0.83870968	-0.01696132	0.14827194	0.95703766
0.32258065	0.83870968	0.00211166	0.13412512	0.95766458
0.35483871	0.83870968	0.02130962	0.12157080	0.95748712
0.38709677	0.83870968	0.04022249	0.11036116	0.95659727
0.41935484	0.83870968	0.05854715	0.10013996	0.95508122
0.45161290	0.83870968	0.07602006	0.09046428	0.95303661
0.48387097	0.83870968	0.09236248	0.08080546	0.95059511
0.51612903	0.83870968	0.10723344	0.07054094	0.94794940
0.54838710	0.83870968	0.12018779	0.05894414	0.94538310
0.58064516	0.83870968	0.13063898	0.04517615	0.94330130
0.61290323	0.83870968	0.13782825	0.02827976	0.94225753
0.64516129	0.83870968	0.14080348	0.00717166	0.94297090
0.67741935	0.83870968	0.13841404	-0.01937751	0.94632492
0.70967742	0.83870968	0.12933451	-0.05279147	0.95333794
0.74193548	0.83870968	0.11215084	-0.09477468	0.96509395
0.77419355	0.83870968	0.08559781	-0.14738417	0.98261916
0.80645161	0.83870968	0.04916114	-0.21279747	1.00667525
0.83870968	0.83870968	0.00443966	-0.29187341	1.03738323
0.87096774	0.83870968	-0.04237771	-0.37959815	1.07344917
0.90322581	0.83870968	-0.07775058	-0.45520366	1.11072320
0.93548387	0.83870968	-0.08213145	-0.46857154	1.14097797
0.96774194	0.83870968	-0.04488962	-0.33863126	1.15423057
1.00000000	0.83870968	0.00000000	0.00000000	1.15541315
0.00000000	0.87096774	0.00000000	0.00000000	0.90615871
0.03225806	0.87096774	-0.02962995	0.15479507	0.90575930
0.06451613	0.87096774	-0.06077126	0.22260144	0.90981734
0.09677419	0.87096774	-0.07403743	0.23696666	0.91985157
0.12903226	0.87096774	-0.06961674	0.22569509	0.93051349
0.16129032	0.87096774	-0.05295005	0.20478413	0.93969023
0.19354839	0.87096774	-0.02917596	0.18195588	0.94683121
0.22580645	0.87096774	-0.00190904	0.16045877	0.95200174
0.25806452	0.87096774	0.02659246	0.14140655	0.95546707
0.29032258	0.87096774	0.05501006	0.12497190	0.95751680
0.32258065	0.87096774	0.08261439	0.11094132	0.95840065
0.35483871	0.87096774	0.10902292	0.09895614	0.95831599
0.38709677	0.87096774	0.13404203	0.08860767	0.95741820
0.41935484	0.87096774	0.15756349	0.07946642	0.95584094
0.45161290	0.87096774	0.17949289	0.07108219	0.95372100
0.48387097	0.87096774	0.19969555	0.06297244	0.95122612
0.51612903	0.87096774	0.21795130	0.05460705	0.94858529
0.54838710	0.87096774	0.23391356	0.04539381	0.94612061
0.58064516	0.87096774	0.24707086	0.03466605	0.94427923
0.61290323	0.87096774	0.25671075	0.02167168	0.94366181
0.64516129	0.87096774	0.26188660	0.00555787	0.94504250
0.67741935	0.87096774	0.26138845	-0.01466116	0.94937397
0.70967742	0.87096774	0.25371926	-0.04017873	0.95776965
0.74193548	0.87096774	0.23708555	-0.07255495	0.97145530
0.77419355	0.87096774	0.20944339	-0.11400410	0.99168160
0.80645161	0.87096774	0.16875681	-0.16773738	1.01958408
0.83870968	0.87096774	0.11393894	-0.23771683	1.05594298
0.87096774	0.87096774	0.04748087	-0.32554775	1.10062808
0.90322581	0.87096774	-0.01934293	-0.41970255	1.15100618
0.93548387	0.87096774	-0.06160465	-0.47273177	1.19857880
0.96774194	0.87096774	-0.04996743	-0.37713881	1.22783399
1.00000000	0.87096774	0.00000000	0.00000000	1.23556875
0.00000000	0.90322581	0.00000000	0.00000000	0.86366687
0.03225806	0.90322581	-0.04490916	0.18893403	0.86917241
0.06451613	0.90322581	-0.06859158	0.24233756	0.88546770
0.09677419	0.90322581	-0.05891102	0.23384876	0.90626942
0.12903226	0.90322581	-0.02816121	0.20567162	0.92415439
0.16129032	0.90322581	0.01225968	0.17521967	0.93775343
0.19354839	0.90322581	0.05550804	0.14813901	0.94742395
0.22580645	0.90322581	0.09807038	0.12556620	0.95393603
0.25806452	0.90322581	0.13834354	0.10716827	0.95803141
0.29032258	0.90322581	0.17572596	0.09225001	0.96029888
0.32258065	0.90322581	0.21011142	0.08011227	0.96116988
0.35483871	0.90322581	0.24161815	0.07014316	0.96095215
0.38709677	0.90322581	0.27044339	0.06182059	0.95987068
0.41935484	0.90322581	0.29678185	0.05468910	0.95810677
0.45161290	0.90322581	0.32077534	0.04833223	0.95583407
0.48387097	0.90322581	0.34247639	0.04234706	0.95325294
0.51612903	0.90322581	0.36181711	0.03632294	0.95062416
0.54838710	0.90322581	0.37857899	0.02982458	0.94830277
0.58064516	0.90322581	0.39236197	0.02237897	0.94677087
0.61290323	0.90322581	0.40255224	0.01346403	0.94666759
0.64516129	0.90322581	0.40828811	0.00249397	0.94881260
0.67741935	0.90322581	0.40842204	-0.01121016	0.95421917
0.70967742	0.90322581	0.40147258	-0.02848856	0.96409278
0.74193548	0.90322581	0.38555510	-0.05049879	0.97981271
0.77419355	0.90322581	0.35827818	-0.07905541	1.00289631
0.80645161	0.90322581	0.31663212	-0.11729301	1.03494734
0.83870968	0.90322581	0.25712326	-0.17059745	1.07758420
0.87096774	0.90322581	0.17722616	-0.24631626	1.13228091
0.90322581	0.90322581	0.08093086	-0.34611813	1.19950457
0.93548387	0.90322581	-0.00919417	-0.43794703	1.27420992
0.96774194	0.90322581	-0.04501201	-0.40023589	1.33555994
1.00000000	0.90322581	0.00000000	0.00000000	1.35889703
0.00000000	0.93548387	0.00000000	0.00000000	0.78035552
0.03225806	0.93548387	-0.04839344	0.22338665	0.80648874
0.06451613	0.93548387	-0.02549296	0.23660330	0.85603650
0.09677419	0.93548387	0.03437711	0.19653629	0.89613580
0.12903226	0.93548387	0.10336647	0.15452438	0.92384293
0.16129032	0.93548387	0.16962914	0.12111488	0.94189107
0.19354839	0.93548387	0.22932306	0.09614519	0.95325950
0.22580645	0.93548387	0.28183190	0.07762327	0.96015196
0.25806452	0.93548387	0.32768911	0.06375097	0.96403347
0.29032258	0.93548387	0.36775197	0.05320402	0.96584502
0.32258065	0.93548387	0.40288877	0.04504913	0.96618747
0.35483871	0.93548387	0.43386826	0.03862417	0.96545056
0.38709677	0.93548387	0.46132602	0.03344398	0.96390059
0.41935484	0.93548387	0.48575728	0.02913447	0.96174218
0.45161290	0.93548387	0.50751604	0.02538765	0.95916540
0.48387097	0.93548387	0.52681242	0.02193067	0.95638516
0.51612903	0.93548387	0.54370556	0.01850446	0.95367713
0.54838710	0.93548387	0.55809139	0.01484895	0.95141207
0.58064516	0.93548387	0.56968586	0.01069281	0.95008883
0.61290323	0.93548387	0.57800407	0.00574555	0.95036502
0.64516129	0.93548387	0.58233502	-0.00031192	0.95308372
0.67741935	0.93548387	0.58170904	-0.00784561	0.95929496
0.70967742	0.93548387	0.57484936	-0.01731178	0.97027260
0.74193548	0.93548387	0.56008690	-0.02936054	0.98753268
0.77419355	0.93548387	0.53519441	-0.04508112	1.01286805
0.80645161	0.93548387	0.49705792	-0.06658245	1.04843017
0.83870968	0.93548387	0.44109639	-0.09831086	1.09691106
0.87096774	0.93548387	0.36069962	-0.14935533	1.16192377
0.90322581	0.93548387	0.24908362	-0.23328219	1.24867582
0.93548387	0.93548387	0.11200961	-0.34678888	1.36254843
0.96774194	0.93548387	-0.00164170	-0.38633296	1.48898002
1.00000000	0.93548387	0.00000000	0.00000000	1.55112657
0.00000000	0.96774194	0.00000000	0.00000000	0.60029434
0.03225806	0.96774194	0.09652885	0.21442698	0.69684330
0.06451613	0.96774194	0.22338665	0.15956700	0.83816508
0.09677419	0.96774194	0.33313215	0.10498932	0.90512084
0.12903226	0.96774194	0.41992294	0.07041959	0.93899241
0.16129032	0.96774194	0.48765653	0.04926309	0.95700024
0.19354839	0.96774194	0.54103781	0.03593626	0.96667440
0.22580645	0.96774194	0.58380172	0.02720015	0.97164126
0.25806452	0.96774194	0.61866108	0.02124820	0.97378024
0.29032258	0.96774194	0.64755268	0.01705034	0.97412103
0.32258065	0.96774194	0.67186510	0.01399598	0.97325346
0.35483871	0.96774194	0.69260182	0.01170592	0.97153174
0.38709677	0.96774194	0.71048927	0.00993158	0.96918621
0.41935484	0.96774194	0.72604580	0.00849909	0.96639176
0.45161290	0.96774194	0.73962375	0.00727708	0.96331559
0.48387097	0.96774194	0.75143346	0.00615754	0.96015535
0.51612903	0.96774194	0.76155443	0.00504398	0.95717331
0.54838710	0.96774194	0.76993793	0.00384429	0.95472881
0.58064516	0.96774194	0.77640339	0.00246630	0.95330985
0.61290323	0.96774194	0.78063075	0.00081489	0.95356331
0.64516129	0.96774194	0.78214895	-0.00121099	0.95632319
0.67741935	0.96774194	0.78031884	-0.00372449	0.96263733
0.70967742	0.96774194	0.77430335	-0.00686640	0.97379713
0.74193548	0.96774194	0.76300707	-0.01084382	0.99138333
0.77419355	0.96774194	0.74494283	-0.01602642	1.01736037
0.80645161	0.96774194	0.71792597	-0.02319498	1.05429472
0.83870968	0.96774194	0.67836039	-0.03423914	1.10587311
0.87096774	0.96774194	0.61961512	-0.05430348	1.17816803
0.90322581	0.96774194	0.52900508	-0.09742810	1.28281493
0.93548387	0.96774194	0.38633295	-0.18722169	1.44238670
0.96774194	0.96774194	0.18221621	-0.28822626	1.68774854
1.00000000	0.96774194	0.00000000	0.00000000	1.83589445
0.00000000	1.00000000	1.00000000	0.00000000	0.47597415
0.03225806	1.00000000	1.00000000	0.00000000	0.62705559
0.06451613	1.00000000	1.00000000	0.00000000	0.83592536
0.09677419	1.00000000	1.00000000	0.00000000	0.91745520
0.12903226	1.00000000	1.00000000	0.00000000	0.95199737
0.16129032	1.00000000	1.00000000	0.00000000	0.96796709
0.19354839	1.00000000	1.00000000	0.00000000	0.97551891
0.22580645	1.00000000	1.00000000	0.00000000	0.97875859
0.25806452	1.00000000	1.00000000	0.00000000	0.97956598
0.29032258	1.00000000	1.00000000	0.00000000	0.97888822
0.32258065	1.00000000	1.00000000	0.00000000	0.97723682
0.35483871	1.00000000	1.00000000	0.00000000	0.97490605
0.38709677	1.00000000	1.00000000	0.00000000	0.97208282
0.41935484	1.00000000	1.00000000	0.00000000	0.96891064
0.45161290	1.00000000	1.00000000	0.00000000	0.96553353
0.48387097	1.00000000	1.00000000	0.00000000	0.96213121
0.51612903	1.00000000	1.00000000	0.00000000	0.95895102
0.54838710	1.00000000	1.00000000	0.00000000	0.95633885
0.58064516	1.00000000	1.00000000	0.00000000	0.95476951
0.61290323	1.00000000	1.00000000	0.00000000	0.95487640
0.64516129	1.00000000	1.00000000	0.00000000	0.95747991
0.67741935	1.00000000	1.00000000	0.00000000	0.96361559
0.70967742	1.00000000	1.00000000	0.00000000	0.97456762
0.74193548	1.00000000	1.00000000	0.00000000	0.99192316
0.77419355	1.00000000	1.00000000	0.00000000	1.01768760
0.80645161	1.00000000	1.00000000	0.00000000	1.05455943
0.83870968	1.00000000	1.00000000	0.00000000	1.10662413
0.87096774	1.00000000	1.00000000	0.00000000	1.18119266
0.90322581	1.00000000	1.00000000	0.00000000	1.29357756
0.93548387	1.00000000	1.00000000	0.00000000	1.47618796
0.96774194	1.00000000	1.00000000	0.00000000	1.79689927
1.00000000	1.00000000	1.00000000	0.00000000	2.00327567
