VARIABLES="X","Y","U","V","P"
ZONE  F=POINT
I=32, J=32
0.00000000	0.00000000	0.00000000	0.00000000	1.00656478
0.03225806	0.00000000	0.00000000	0.00000000	1.00648706
0.06451613	0.00000000	0.00000000	0.00000000	1.00628562
0.09677419	0.00000000	0.00000000	0.00000000	1.00603914
0.12903226	0.00000000	0.00000000	0.00000000	1.00582534
0.16129032	0.00000000	0.00000000	0.00000000	1.00569269
0.19354839	0.00000000	0.00000000	0.00000000	1.00566781
0.22580645	0.00000000	0.00000000	0.00000000	1.00576305
0.25806452	0.00000000	0.00000000	0.00000000	1.00598213
0.29032258	0.00000000	0.00000000	0.00000000	1.00632367
0.32258065	0.00000000	0.00000000	0.00000000	1.00678314
0.35483871	0.00000000	0.00000000	0.00000000	1.00735375
0.38709677	0.00000000	0.00000000	0.00000000	1.00802655
0.41935484	0.00000000	0.00000000	0.00000000	1.00879007
0.45161290	0.00000000	0.00000000	0.00000000	1.00962977
0.48387097	0.00000000	0.00000000	0.00000000	1.01052749
0.51612903	0.00000000	0.00000000	0.00000000	1.01146108
0.54838710	0.00000000	0.00000000	0.00000000	1.01240440
0.58064516	0.00000000	0.00000000	0.00000000	1.01332785
0.61290323	0.00000000	0.00000000	0.00000000	1.01419948
0.64516129	0.00000000	0.00000000	0.00000000	1.01498675
0.67741935	0.00000000	0.00000000	0.00000000	1.01565878
0.70967742	0.00000000	0.00000000	0.00000000	1.01618910
0.74193548	0.00000000	0.00000000	0.00000000	1.01655855
0.77419355	0.00000000	0.00000000	0.00000000	1.01675797
0.80645161	0.00000000	0.00000000	0.00000000	1.01679066
0.83870968	0.00000000	0.00000000	0.00000000	1.01667422
0.87096774	0.00000000	0.00000000	0.00000000	1.01644195
0.90322581	0.00000000	0.00000000	0.00000000	1.01614412
0.93548387	0.00000000	0.00000000	0.00000000	1.01584887
0.96774194	0.00000000	0.00000000	0.00000000	1.01564037
1.00000000	0.00000000	0.00000000	0.00000000	1.01556920
0.00000000	0.03225806	0.00000000	0.00000000	1.00664250
0.03225806	0.03225806	-0.00001111	0.00001176	1.00656425
0.06451613	0.03225806	-0.00032786	0.00021537	1.00637475
0.09677419	0.03225806	-0.00100390	0.00043230	1.00615638
0.12903226	0.03225806	-0.00199595	0.00060687	1.00597211
0.16129032	0.03225806	-0.00322760	0.00072822	1.00586343
0.19354839	0.03225806	-0.00461785	0.00080033	1.00585442
0.22580645	0.03225806	-0.00609258	0.00083095	1.00595710
0.25806452	0.03225806	-0.00758771	0.00082753	1.00617574
0.29032258	0.03225806	-0.00904874	0.00079593	1.00650975
0.32258065	0.03225806	-0.01042879	0.00074020	1.00695540
0.35483871	0.03225806	-0.01168640	0.00066279	1.00750660
0.38709677	0.03225806	-0.01278363	0.00056510	1.00815498
0.41935484	0.03225806	-0.01368500	0.00044800	1.00888958
0.45161290	0.03225806	-0.01435728	0.00031248	1.00969645
0.48387097	0.03225806	-0.01477017	0.00016026	1.01055810
0.51612903	0.03225806	-0.01489793	-0.00000576	1.01145325
0.54838710	0.03225806	-0.01472174	-0.00018102	1.01235693
0.58064516	0.03225806	-0.01423250	-0.00035913	1.01324095
0.61290323	0.03225806	-0.01343380	-0.00053187	1.01407509
0.64516129	0.03225806	-0.01234459	-0.00068951	1.01482867
0.67741935	0.03225806	-0.01100109	-0.00082137	1.01547285
0.70967742	0.03225806	-0.00945755	-0.00091669	1.01598310
0.74193548	0.03225806	-0.00778537	-0.00096563	1.01634197
0.77419355	0.03225806	-0.00607043	-0.00096038	1.01654158
0.80645161	0.03225806	-0.00440860	-0.00089611	1.01658575
0.83870968	0.03225806	-0.00289942	-0.00077201	1.01649158
0.87096774	0.03225806	-0.00163792	-0.00059251	1.01629030
0.90322581	0.03225806	-0.00070381	-0.00037032	1.01602769
0.93548387	0.03225806	-0.00014537	-0.00013500	1.01576355
0.96774194	0.03225806	0.00004824	0.00004364	1.01556872
1.00000000	0.03225806	0.00000000	0.00000000	1.01549802
0.00000000	0.06451613	0.00000000	0.00000000	1.00684634
0.03225806	0.06451613	-0.00021913	0.00032784	1.00675269
0.06451613	0.06451613	-0.00101084	0.00099277	1.00655874
0.09677419	0.06451613	-0.00238188	0.00166808	1.00637178
0.12903226	0.06451613	-0.00425556	0.00222369	1.00622833
0.16129032	0.06451613	-0.00651560	0.00262189	1.00615578
0.19354839	0.06451613	-0.00903550	0.00286497	1.00617183
0.22580645	0.06451613	-0.01169436	0.00296984	1.00628636
0.25806452	0.06451613	-0.01438342	0.00295615	1.00650360
0.29032258	0.06451613	-0.01700705	0.00284107	1.00682387
0.32258065	0.06451613	-0.01948118	0.00263764	1.00724467
0.35483871	0.06451613	-0.02173069	0.00235482	1.00776113
0.38709677	0.06451613	-0.02368705	0.00199860	1.00836609
0.41935484	0.06451613	-0.02528693	0.00157365	1.00904979
0.45161290	0.06451613	-0.02647206	0.00108516	1.00979950
0.48387097	0.06451613	-0.02719046	0.00054064	1.01059916
0.51612903	0.06451613	-0.02739918	-0.00004844	1.01142919
0.54838710	0.06451613	-0.02706797	-0.00066543	1.01226661
0.58064516	0.06451613	-0.02618390	-0.00128794	1.01308560
0.61290323	0.06451613	-0.02475594	-0.00188792	1.01385857
0.64516129	0.06451613	-0.02281917	-0.00243272	1.01455773
0.67741935	0.06451613	-0.02043772	-0.00288704	1.01515714
0.70967742	0.06451613	-0.01770562	-0.00321572	1.01563508
0.74193548	0.06451613	-0.01474515	-0.00338712	1.01597643
0.77419355	0.06451613	-0.01170200	-0.00337677	1.01617495
0.80645161	0.06451613	-0.00873730	-0.00317101	1.01623489
0.83870968	0.06451613	-0.00601637	-0.00277068	1.01617200
0.87096774	0.06451613	-0.00369437	-0.00219562	1.01601341
0.90322581	0.06451613	-0.00189832	-0.00149256	1.01579656
0.93548387	0.06451613	-0.00070463	-0.00075205	1.01556655
0.96774194	0.06451613	-0.00011053	-0.00014537	1.01537140
1.00000000	0.06451613	0.00000000	0.00000000	1.01528854
0.00000000	0.09677419	0.00000000	0.00000000	1.00710129
0.03225806	0.09677419	-0.00045701	0.00102258	1.00697269
0.06451613	0.09677419	-0.00176166	0.00237811	1.00673355
0.09677419	0.09677419	-0.00382382	0.00367702	1.00653915
0.12903226	0.09677419	-0.00651515	0.00474057	1.00640625
0.16129032	0.09677419	-0.00968334	0.00550813	1.00634912
0.19354839	0.09677419	-0.01316979	0.00597908	1.00637774
0.22580645	0.09677419	-0.01682222	0.00617886	1.00649795
0.25806452	0.09677419	-0.02050114	0.00614021	1.00671234
0.29032258	0.09677419	-0.02408152	0.00589369	1.00702098
0.32258065	0.09677419	-0.02745162	0.00546382	1.00742193
0.35483871	0.09677419	-0.03051065	0.00486865	1.00791136
0.38709677	0.09677419	-0.03316644	0.00412133	1.00848333
0.41935484	0.09677419	-0.03533407	0.00323300	1.00912946
0.45161290	0.09677419	-0.03693598	0.00221601	1.00983843
0.48387097	0.09677419	-0.03790365	0.00108737	1.01059566
0.51612903	0.09677419	-0.03818101	-0.00012826	1.01138301
0.54838710	0.09677419	-0.03772919	-0.00139630	1.01217897
0.58064516	0.09677419	-0.03653216	-0.00267117	1.01295910
0.61290323	0.09677419	-0.03460262	-0.00389660	1.01369709
0.64516129	0.09677419	-0.03198726	-0.00500773	1.01436628
0.67741935	0.09677419	-0.02877046	-0.00593492	1.01494168
0.70967742	0.09677419	-0.02507538	-0.00660926	1.01540225
0.74193548	0.09677419	-0.02106172	-0.00696926	1.01573334
0.77419355	0.09677419	-0.01691929	-0.00696823	1.01592871
0.80645161	0.09677419	-0.01285740	-0.00658174	1.01599198
0.83870968	0.09677419	-0.00909000	-0.00581494	1.01593716
0.87096774	0.09677419	-0.00581721	-0.00471056	1.01578778
0.90322581	0.09677419	-0.00320406	-0.00336006	1.01557486
0.93548387	0.09677419	-0.00135808	-0.00192279	1.01533313
0.96774194	0.09677419	-0.00030909	-0.00066099	1.01509559
1.00000000	0.09677419	0.00000000	0.00000000	1.01498168
0.00000000	0.12903226	0.00000000	0.00000000	1.00732915
0.03225806	0.12903226	-0.00067656	0.00208948	1.00715960
0.06451613	0.12903226	-0.00247445	0.00435956	1.00685886
0.09677419	0.12903226	-0.00519753	0.00642155	1.00663601
0.12903226	0.12903226	-0.00865337	0.00808319	1.00649433
0.16129032	0.12903226	-0.01264892	0.00927652	1.00643760
0.19354839	0.12903226	-0.01699608	0.01000384	1.00646857
0.22580645	0.12903226	-0.02151805	0.01030119	1.00658869
0.25806452	0.12903226	-0.02605309	0.01021543	1.00679824
0.29032258	0.12903226	-0.03045529	0.00979154	1.00709651
0.32258065	0.12903226	-0.03459308	0.00906676	1.00748176
0.35483871	0.12903226	-0.03834687	0.00806962	1.00795101
0.38709677	0.12903226	-0.04160666	0.00682201	1.00849958
0.41935484	0.12903226	-0.04427078	0.00534318	1.00912051
0.45161290	0.12903226	-0.04624604	0.00365472	1.00980398
0.48387097	0.12903226	-0.04744984	0.00178566	1.01053682
0.51612903	0.12903226	-0.04781405	-0.00022290	1.01130212
0.54838710	0.12903226	-0.04729055	-0.00231429	1.01207929
0.58064516	0.12903226	-0.04585788	-0.00441452	1.01284443
0.61290323	0.12903226	-0.04352835	-0.00643283	1.01357132
0.64516129	0.12903226	-0.04035450	-0.00826488	1.01423294
0.67741935	0.12903226	-0.03643386	-0.00979892	1.01480356
0.70967742	0.12903226	-0.03191081	-0.01092446	1.01526112
0.74193548	0.12903226	-0.02697427	-0.01154321	1.01558979
0.77419355	0.12903226	-0.02185040	-0.01158108	1.01578206
0.80645161	0.12903226	-0.01678998	-0.01100030	1.01584023
0.83870968	0.12903226	-0.01205078	-0.00981088	1.01577658
0.87096774	0.12903226	-0.00787610	-0.00808156	1.01561220
0.90322581	0.12903226	-0.00447180	-0.00595168	1.01537429
0.93548387	0.12903226	-0.00198516	-0.00364701	1.01509194
0.96774194	0.12903226	-0.00049171	-0.00150345	1.01479068
1.00000000	0.12903226	0.00000000	0.00000000	1.01463810
0.00000000	0.16129032	0.00000000	0.00000000	1.00747474
0.03225806	0.16129032	-0.00086967	0.00349702	1.00726432
0.06451613	0.16129032	-0.00312191	0.00689906	1.00689779
0.09677419	0.16129032	-0.00646331	0.00985592	1.00663653
0.12903226	0.16129032	-0.01063435	0.01219195	1.00647482
0.16129032	0.16129032	-0.01539751	0.01385084	1.00640849
0.19354839	0.16129032	-0.02053448	0.01484820	1.00643429
0.22580645	0.16129032	-0.02584650	0.01523585	1.00654962
0.25806452	0.16129032	-0.03115433	0.01507743	1.00675248
0.29032258	0.16129032	-0.03629690	0.01443367	1.00704124
0.32258065	0.16129032	-0.04112871	0.01335539	1.00741428
0.35483871	0.16129032	-0.04551673	0.01188221	1.00786942
0.38709677	0.16129032	-0.04933771	0.01004523	1.00840326
0.41935484	0.16129032	-0.05247660	0.00787237	1.00901035
0.45161290	0.16129032	-0.05482665	0.00539506	1.00968241
0.48387097	0.16129032	-0.05629161	0.00265537	1.01040761
0.51612903	0.16129032	-0.05679002	-0.00028756	1.01117007
0.54838710	0.16129032	-0.05626146	-0.00335247	1.01194968
0.58064516	0.16129032	-0.05467432	-0.00643336	1.01272236
0.61290323	0.16129032	-0.05203436	-0.00939999	1.01346096
0.64516129	0.16129032	-0.04839296	-0.01210223	1.01413682
0.67741935	0.16129032	-0.04385372	-0.01437861	1.01472194
0.70967742	0.16129032	-0.03857587	-0.01606885	1.01519168
0.74193548	0.16129032	-0.03277287	-0.01702966	1.01552754
0.77419355	0.16129032	-0.02670498	-0.01715252	1.01571963
0.80645161	0.16129032	-0.02066519	-0.01638137	1.01576829
0.83870968	0.16129032	-0.01495895	-0.01472883	1.01568436
0.87096774	0.16129032	-0.00987959	-0.01228954	1.01548780
0.90322581	0.16129032	-0.00568268	-0.00925099	1.01520472
0.93548387	0.16129032	-0.00256430	-0.00590287	1.01486299
0.96774194	0.16129032	-0.00064957	-0.00264614	1.01448695
1.00000000	0.16129032	0.00000000	0.00000000	1.01429301
0.00000000	0.19354839	0.00000000	0.00000000	1.00749890
0.03225806	0.19354839	-0.00104012	0.00521138	1.00724972
0.06451613	0.19354839	-0.00370772	0.00995318	1.00681838
0.09677419	0.19354839	-0.00762493	0.01393398	1.00651480
0.12903226	0.19354839	-0.01246782	0.01701738	1.00632704
0.16129032	0.19354839	-0.01795352	0.01917663	1.00624494
0.19354839	0.19354839	-0.02383296	0.02045282	1.00626039
0.22580645	0.19354839	-0.02988649	0.02092102	1.00636743
0.25806452	0.19354839	-0.03592018	0.02066582	1.00656207
0.29032258	0.19354839	-0.04176173	0.01976590	1.00684193
0.32258065	0.19354839	-0.04725605	0.01828658	1.00720558
0.35483871	0.19354839	-0.05226087	0.01627862	1.00765177
0.38709677	0.19354839	-0.05664314	0.01378187	1.00817847
0.41935484	0.19354839	-0.06027673	0.01083211	1.00878185
0.45161290	0.19354839	-0.06304217	0.00746973	1.00945525
0.48387097	0.19354839	-0.06482857	0.00374902	1.01018825
0.51612903	0.19354839	-0.06553820	-0.00025306	1.01096588
0.54838710	0.19354839	-0.06509338	-0.00443000	1.01176820
0.58064516	0.19354839	-0.06344557	-0.00864162	1.01257039
0.61290323	0.19354839	-0.06058592	-0.01271419	1.01334353
0.64516129	0.19354839	-0.05655602	-0.01644552	1.01405612
0.67741935	0.19354839	-0.05145748	-0.01961601	1.01467647
0.70967742	0.19354839	-0.04545819	-0.02200532	1.01517578
0.74193548	0.19354839	-0.03879313	-0.02341411	1.01553134
0.77419355	0.19354839	-0.03175783	-0.02368877	1.01572966
0.80645161	0.19354839	-0.02469324	-0.02274633	1.01576846
0.83870968	0.19354839	-0.01796253	-0.02059647	1.01565731
0.87096774	0.19354839	-0.01192191	-0.01735782	1.01541629
0.90322581	0.19354839	-0.00688996	-0.01326696	1.01507289
0.93548387	0.19354839	-0.00312139	-0.00868013	1.01465750
0.96774194	0.19354839	-0.00079181	-0.00406775	1.01419819
1.00000000	0.19354839	0.00000000	0.00000000	1.01396074
0.00000000	0.22580645	0.00000000	0.00000000	1.00737217
0.03225806	0.22580645	-0.00119421	0.00720473	1.00708653
0.06451613	0.22580645	-0.00424590	0.01348385	1.00659286
0.09677419	0.22580645	-0.00870378	0.01861600	1.00624595
0.12903226	0.22580645	-0.01418423	0.02252054	1.00602917
0.16129032	0.22580645	-0.02036024	0.02521596	1.00592761
0.19354839	0.22580645	-0.02695240	0.02678115	1.00592923
0.22580645	0.22580645	-0.03372125	0.02732307	1.00602532
0.25806452	0.22580645	-0.04046028	0.02695266	1.00621035
0.29032258	0.22580645	-0.04698902	0.02576952	1.00648146
0.32258065	0.22580645	-0.05314627	0.02385452	1.00683765
0.35483871	0.22580645	-0.05878400	0.02126929	1.00727876
0.38709677	0.22580645	-0.06376215	0.01806109	1.00780435
0.41935484	0.22580645	-0.06794527	0.01427139	1.00841243
0.45161290	0.22580645	-0.07120123	0.00994689	1.00909819
0.48387097	0.22580645	-0.07340273	0.00515140	1.00985278
0.51612903	0.22580645	-0.07443165	-0.00002276	1.01066224
0.54838710	0.22580645	-0.07418664	-0.00544510	1.01150673
0.58064516	0.22580645	-0.07259369	-0.01094082	1.01236034
0.61290323	0.22580645	-0.06961907	-0.01628955	1.01319168
0.64516129	0.22580645	-0.06528376	-0.02123068	1.01396533
0.67741935	0.22580645	-0.05967725	-0.02547645	1.01464450
0.70967742	0.22580645	-0.05296849	-0.02873320	1.01519446
0.74193548	0.22580645	-0.04541065	-0.03073003	1.01558654
0.77419355	0.22580645	-0.03733697	-0.03125241	1.01580204
0.80645161	0.22580645	-0.02914531	-0.03017667	1.01583508
0.83870968	0.22580645	-0.02127123	-0.02750016	1.01569379
0.87096774	0.22580645	-0.01415214	-0.02336211	1.01539935
0.90322581	0.22580645	-0.00818791	-0.01805152	1.01498275
0.93548387	0.22580645	-0.00370536	-0.01200103	1.01448001
0.96774194	0.22580645	-0.00093425	-0.00576753	1.01392660
1.00000000	0.22580645	0.00000000	0.00000000	1.01364143
0.00000000	0.25806452	0.00000000	0.00000000	1.00707051
0.03225806	0.25806452	-0.00133793	0.00945727	1.00675019
0.06451613	0.25806452	-0.00475227	0.01746273	1.00619648
0.09677419	0.25806452	-0.00972605	0.02387229	1.00580628
0.12903226	0.25806452	-0.01582035	0.02867383	1.00555898
0.16129032	0.25806452	-0.02266619	0.03194479	1.00543560
0.19354839	0.25806452	-0.02995509	0.03381382	1.00542081
0.22580645	0.25806452	-0.03742924	0.03442890	1.00550361
0.25806452	0.25806452	-0.04487170	0.03393357	1.00567733
0.29032258	0.25806452	-0.05209669	0.03245188	1.00593892
0.32258065	0.25806452	-0.05894023	0.03008156	1.00628809
0.35483871	0.25806452	-0.06525172	0.02689449	1.00672607
0.38709677	0.25806452	-0.07088686	0.02294313	1.00725429
0.41935484	0.25806452	-0.07570249	0.01827118	1.00787295
0.45161290	0.25806452	-0.07955395	0.01292718	1.00857949
0.48387097	0.25806452	-0.08229538	0.00697943	1.00936706
0.51612903	0.25806452	-0.08378372	0.00053085	1.01022307
0.54838710	0.25806452	-0.08388658	-0.00626796	1.01112803
0.58064516	0.25806452	-0.08249425	-0.01320920	1.01205493
0.61290323	0.25806452	-0.07953574	-0.02002412	1.01296946
0.64516129	0.25806452	-0.07499762	-0.02638734	1.01383138
0.67741935	0.25806452	-0.06894390	-0.03193128	1.01459724
0.70967742	0.25806452	-0.06153371	-0.03627192	1.01522442
0.74193548	0.25806452	-0.05303269	-0.03904562	1.01567601
0.77419355	0.25806452	-0.04381339	-0.03995410	1.01592589
0.80645161	0.25806452	-0.03434081	-0.03881207	1.01596289
0.83870968	0.25806452	-0.02514146	-0.03558964	1.01579300
0.87096774	0.25806452	-0.01675813	-0.03044114	1.01543891
0.90322581	0.25806452	-0.00969718	-0.02371374	1.01493682
0.93548387	0.25806452	-0.00437812	-0.01593379	1.01433102
0.96774194	0.25806452	-0.00109563	-0.00777311	1.01366740
1.00000000	0.25806452	0.00000000	0.00000000	1.01332678
0.00000000	0.29032258	0.00000000	0.00000000	1.00657265
0.03225806	0.29032258	-0.00147620	0.01195699	1.00621873
0.06451613	0.29032258	-0.00524118	0.02187196	1.00560638
0.09677419	0.29032258	-0.01071663	0.02968407	1.00517294
0.12903226	0.29032258	-0.01741146	0.03546067	1.00489405
0.16129032	0.29032258	-0.02491678	0.03935069	1.00474695
0.19354839	0.29032258	-0.03289666	0.04154418	1.00471328
0.22580645	0.29032258	-0.04107685	0.04223967	1.00478010
0.25806452	0.29032258	-0.04923249	0.04162011	1.00493983
0.29032258	0.29032258	-0.05717555	0.03983804	1.00518953
0.32258065	0.29032258	-0.06474276	0.03700954	1.00552987
0.35483871	0.29032258	-0.07178457	0.03321592	1.00596379
0.38709677	0.29032258	-0.07815554	0.02851186	1.00649499
0.41935484	0.29032258	-0.08370703	0.02293847	1.00712638
0.45161290	0.29032258	-0.08828242	0.01653977	1.00785824
0.48387097	0.29032258	-0.09171579	0.00938117	1.00868644
0.51612903	0.29032258	-0.09383475	0.00156843	1.00960055
0.54838710	0.29032258	-0.09446814	-0.00673458	1.01058212
0.58064516	0.29032258	-0.09345936	-0.01529166	1.01160351
0.61290323	0.29032258	-0.09068553	-0.02378618	1.01262752
0.64516129	0.29032258	-0.08608177	-0.03182252	1.01360839
0.67741935	0.29032258	-0.07966880	-0.03894036	1.01449456
0.70967742	0.29032258	-0.07158012	-0.04464441	1.01523313
0.74193548	0.29032258	-0.06208321	-0.04845035	1.01577596
0.77419355	0.29032258	-0.05158809	-0.04994429	1.01608634
0.80645161	0.29032258	-0.04063640	-0.04884860	1.01614504
0.83870968	0.29032258	-0.02986694	-0.04508284	1.01595412
0.87096774	0.29032258	-0.01995863	-0.03880639	1.01553750
0.90322581	0.29032258	-0.01155887	-0.03043152	1.01493773
0.93548387	0.29032258	-0.00521116	-0.02060257	1.01420972
0.96774194	0.29032258	-0.00129674	-0.01014565	1.01341271
1.00000000	0.29032258	0.00000000	0.00000000	1.01300438
0.00000000	0.32258065	0.00000000	0.00000000	1.00585854
0.03225806	0.32258065	-0.00161283	0.01469844	1.00547132
0.06451613	0.32258065	-0.00572445	0.02670315	1.00480065
0.09677419	0.32258065	-0.01169661	0.03604256	1.00432356
0.12903226	0.32258065	-0.01898747	0.04287397	1.00401179
0.16129032	0.32258065	-0.02714951	0.04742997	1.00383881
0.19354839	0.32258065	-0.03582093	0.04997388	1.00378330
0.22580645	0.32258065	-0.04471318	0.05076472	1.00383043
0.25806452	0.32258065	-0.05359626	0.05003226	1.00397184
0.29032258	0.32258065	-0.06228345	0.04796215	1.00420487
0.32258065	0.32258065	-0.07061622	0.04469057	1.00453138
0.35483871	0.32258065	-0.07845025	0.04030726	1.00495632
0.38709677	0.32258065	-0.08564302	0.03486559	1.00548612
0.41935484	0.32258065	-0.09204362	0.02839806	1.00612700
0.45161290	0.32258065	-0.09748538	0.02093594	1.00688296
0.48387097	0.32258065	-0.10178206	0.01253176	1.00775369
0.51612903	0.32258065	-0.10472869	0.00328319	1.00873217
0.54838710	0.32258065	-0.10610840	-0.00664336	1.00980237
0.58064516	0.32258065	-0.10570629	-0.01699181	1.01093720
0.61290323	0.32258065	-0.10333152	-0.02740171	1.01209733
0.64516129	0.32258065	-0.09884758	-0.03740407	1.01323137
0.67741935	0.32258065	-0.09220909	-0.04643293	1.01427831
0.70967742	0.32258065	-0.08350137	-0.05385751	1.01517236
0.74193548	0.32258065	-0.07297570	-0.05903766	1.01585027
0.77419355	0.32258065	-0.06107098	-0.06140092	1.01626013
0.80645161	0.32258065	-0.04841110	-0.06053322	1.01637016
0.83870968	0.32258065	-0.03576939	-0.05626741	1.01617511
0.87096774	0.32258065	-0.02399824	-0.04874920	1.01569853
0.90322581	0.32258065	-0.01393240	-0.03846121	1.01498982
0.93548387	0.32258065	-0.00628511	-0.02619592	1.01411672
0.96774194	0.32258065	-0.00156066	-0.01298427	1.01315492
1.00000000	0.32258065	0.00000000	0.00000000	1.01266146
0.00000000	0.35483871	0.00000000	0.00000000	1.00490835
0.03225806	0.35483871	-0.00175072	0.01768143	1.00448752
0.06451613	0.35483871	-0.00621135	0.03195572	1.00375777
0.09677419	0.35483871	-0.01268268	0.04294708	1.00323587
0.12903226	0.35483871	-0.02057152	0.05091356	1.00288938
0.16129032	0.35483871	-0.02939189	0.05618414	1.00268774
0.19354839	0.35483871	-0.03875722	0.05910784	1.00260643
0.22580645	0.35483871	-0.04836666	0.06001499	1.00262862
0.25806452	0.35483871	-0.05798821	0.05919037	1.00274512
0.29032258	0.35483871	-0.06744037	0.05685799	1.00295354
0.32258065	0.35483871	-0.07657399	0.05317633	1.00325706
0.35483871	0.35483871	-0.08525506	0.04824271	1.00366286
0.38709677	0.35483871	-0.09334908	0.04210522	1.00418056
0.41935484	0.35483871	-0.10070765	0.03478083	1.00482039
0.45161290	0.35483871	-0.10715779	0.02627820	1.00559113
0.48387097	0.35483871	-0.11249482	0.01662447	1.00649775
0.51612903	0.35483871	-0.11648033	0.00589478	1.00753855
0.54838710	0.35483871	-0.11884683	-0.00575699	1.00870209
0.58064516	0.35483871	-0.11931112	-0.01806854	1.00996411
0.61290323	0.35483871	-0.11759843	-0.03064489	1.01128500
0.64516129	0.35483871	-0.11347836	-0.04294495	1.01260869
0.67741935	0.35483871	-0.10681192	-0.05428656	1.01386409
0.70967742	0.35483871	-0.09760600	-0.06387780	1.01496980
0.74193548	0.35483871	-0.08606752	-0.07088074	1.01584263
0.77419355	0.35483871	-0.07264496	-0.07450888	1.01640905
0.80645161	0.35483871	-0.05804140	-0.07415018	1.01661777
0.83870968	0.35483871	-0.04318389	-0.06949569	1.01645027
0.87096774	0.35483871	-0.02914073	-0.06064338	1.01592603
0.90322581	0.35483871	-0.01699360	-0.04814465	1.01510066
0.93548387	0.35483871	-0.00769003	-0.03297430	1.01405672
0.96774194	0.35483871	-0.00191323	-0.01643075	1.01289005
1.00000000	0.35483871	0.00000000	0.00000000	1.01228836
0.00000000	0.38709677	0.00000000	0.00000000	1.00370201
0.03225806	0.38709677	-0.00189208	0.02090978	1.00324668
0.06451613	0.38709677	-0.00670918	0.03763510	1.00245609
0.09677419	0.38709677	-0.01368772	0.05040272	1.00188748
0.12903226	0.38709677	-0.02218044	0.05958318	1.00150378
0.16129032	0.38709677	-0.03166150	0.06561566	1.00126988
0.19354839	0.38709677	-0.04171976	0.06894864	1.00115766
0.22580645	0.38709677	-0.05204387	0.06999570	1.00114787
0.25806452	0.38709677	-0.06240286	0.06910595	1.00123022
0.29032258	0.38709677	-0.07262475	0.06654792	1.00140242
0.32258065	0.38709677	-0.08257492	0.06250525	1.00166884
0.35483871	0.38709677	-0.09213551	0.05708234	1.00203903
0.38709677	0.38709677	-0.10118640	0.05031818	1.00252609
0.41935484	0.38709677	-0.10958816	0.04220676	1.00314496
0.45161290	0.38709677	-0.11716754	0.03272310	1.00391038
0.48387097	0.38709677	-0.12370636	0.02185430	1.00483437
0.51612903	0.38709677	-0.12893543	0.00963520	1.00592307
0.54838710	0.38709677	-0.13253562	-0.00381258	1.00717286
0.58064516	0.38709677	-0.13414912	-0.01824022	1.00856590
0.61290323	0.38709677	-0.13340387	-0.03323447	1.01006588
0.64516129	0.38709677	-0.12995381	-0.04819057	1.01161476
0.67741935	0.38709677	-0.12353578	-0.06230529	1.01313214
0.70967742	0.38709677	-0.11404063	-0.07460191	1.01451896
0.74193548	0.38709677	-0.10159070	-0.08399869	1.01566655
0.77419355	0.38709677	-0.08660928	-0.08942703	1.01647117
0.80645161	0.38709677	-0.06986034	-0.08999428	1.01685167
0.83870968	0.38709677	-0.05243382	-0.08516808	1.01676633
0.87096774	0.38709677	-0.03565687	-0.07493949	1.01622350
0.90322581	0.38709677	-0.02093092	-0.05991190	1.01528217
0.93548387	0.38709677	-0.00952520	-0.04127628	1.01404135
0.96774194	0.38709677	-0.00238352	-0.02067429	1.01262148
1.00000000	0.38709677	0.00000000	0.00000000	1.01188251
0.00000000	0.41935484	0.00000000	0.00000000	1.00221896
0.03225806	0.41935484	-0.00203887	0.02439060	1.00172769
0.06451613	0.41935484	-0.00722436	0.04375136	1.00087360
0.09677419	0.41935484	-0.01472246	0.05841832	1.00025575
0.12903226	0.41935484	-0.02382656	0.06888733	0.99983181
0.16129032	0.41935484	-0.03396770	0.07572345	0.99956147
0.19354839	0.41935484	-0.04470914	0.07949020	0.99941224
0.22580645	0.41935484	-0.05573016	0.08069808	0.99936184
0.25806452	0.41935484	-0.06680379	0.07977124	0.99939827
0.29032258	0.41935484	-0.07777181	0.07703004	0.99951886
0.32258065	0.41935484	-0.08851958	0.07268708	0.99972888
0.35483871	0.41935484	-0.09895184	0.06685418	1.00004003
0.38709677	0.41935484	-0.10897017	0.05955787	1.00046897
0.41935484	0.41935484	-0.11845220	0.05076196	1.00103585
0.45161290	0.41935484	-0.12723304	0.04039639	1.00176246
0.48387097	0.41935484	-0.13508954	0.02839236	1.00266986
0.51612903	0.41935484	-0.14172917	0.01472403	1.00377508
0.54838710	0.41935484	-0.14678610	-0.00054330	1.00508647
0.58064516	0.41935484	-0.14982808	-0.01720029	1.00659798
0.61290323	0.41935484	-0.15037866	-0.03484020	1.00828238
0.64516129	0.41935484	-0.14795887	-0.05281304	1.01008500
0.67741935	0.41935484	-0.14215171	-0.07019974	1.01191956
0.70967742	0.41935484	-0.13268934	-0.08582288	1.01366904
0.74193548	0.41935484	-0.11955686	-0.09831209	1.01519402
0.77419355	0.41935484	-0.10309792	-0.10623925	1.01634982
0.80645161	0.41935484	-0.08409540	-0.10832563	1.01701081
0.83870968	0.41935484	-0.06379060	-0.10369915	1.01709651
0.87096774	0.41935484	-0.04380357	-0.09214627	1.01659151
0.90322581	0.41935484	-0.02593771	-0.07427631	1.01555157
0.93548387	0.41935484	-0.01189786	-0.05152170	1.01409242
0.96774194	0.41935484	-0.00300410	-0.02595595	1.01236453
1.00000000	0.41935484	0.00000000	0.00000000	1.01145342
0.00000000	0.45161290	0.00000000	0.00000000	1.00043790
0.03225806	0.45161290	-0.00219337	0.02813413	0.99990871
0.06451613	0.45161290	-0.00776399	0.05031868	0.99898756
0.09677419	0.45161290	-0.01579803	0.06700491	0.99831752
0.12903226	0.45161290	-0.02552102	0.07882840	0.99785033
0.16129032	0.45161290	-0.03631514	0.08649823	0.99753941
0.19354839	0.45161290	-0.04771557	0.09071110	0.99734690
0.22580645	0.45161290	-0.05939256	0.09209034	0.99724644
0.25806452	0.45161290	-0.07112560	0.09114759	0.99722343
0.29032258	0.45161290	-0.08277436	0.08826370	0.99727402
0.32258065	0.45161290	-0.09424955	0.08368527	0.99740365
0.35483871	0.45161290	-0.10548506	0.07753292	0.99762563
0.38709677	0.45161290	-0.11641204	0.06981854	0.99795986
0.41935484	0.45161290	-0.12693458	0.06046963	0.99843177
0.45161290	0.45161290	-0.13690708	0.04936043	0.99907100
0.48387097	0.45161290	-0.14611383	0.03635043	0.99990950
0.51612903	0.45161290	-0.15425217	0.02133176	1.00097843
0.54838710	0.45161290	-0.16092217	0.00428633	1.00230323
0.58064516	0.45161290	-0.16562700	-0.01464765	1.00389651
0.61290323	0.45161290	-0.16778928	-0.03510368	1.00574867
0.64516129	0.45161290	-0.16679001	-0.05641752	1.00781731
0.67741935	0.45161290	-0.16203563	-0.07757482	1.01001773
0.70967742	0.45161290	-0.15305733	-0.09719676	1.01221838
0.74193548	0.45161290	-0.13964062	-0.11359011	1.01424571
0.77419355	0.45161290	-0.12197322	-0.12488849	1.01590240
0.80645161	0.45161290	-0.10078250	-0.12930159	1.01699897
0.83870968	0.45161290	-0.07741430	-0.12545991	1.01739302
0.87096774	0.45161290	-0.05379082	-0.11279238	1.01702435
0.90322581	0.45161290	-0.03219894	-0.09181761	1.01593215
0.93548387	0.45161290	-0.01492034	-0.06420989	1.01424610
0.96774194	0.45161290	-0.00381132	-0.03257214	1.01215257
1.00000000	0.45161290	0.00000000	0.00000000	1.01102940
0.00000000	0.48387097	0.00000000	0.00000000	0.99833658
0.03225806	0.48387097	-0.00235894	0.03215458	0.99776673
0.06451613	0.48387097	-0.00833816	0.05735601	0.99677403
0.09677419	0.48387097	-0.01692976	0.07617534	0.99604892
0.12903226	0.48387097	-0.02727853	0.08940443	0.99553631
0.16129032	0.48387097	-0.03870905	0.09791800	0.99518204
0.19354839	0.48387097	-0.05072416	0.10256761	0.99494131
0.22580645	0.48387097	-0.06298457	0.10410810	0.99478224
0.25806452	0.48387097	-0.07527829	0.10315304	0.99468630
0.29032258	0.48387097	-0.08748665	0.10015398	0.99464726
0.32258065	0.48387097	-0.09955063	0.09539778	0.99466962
0.35483871	0.48387097	-0.11143949	0.08901667	0.99476725
0.38709677	0.48387097	-0.12312169	0.08100738	0.99496244
0.41935484	0.48387097	-0.13453768	0.07125700	0.99528539
0.45161290	0.48387097	-0.14557390	0.05957564	0.99577374
0.48387097	0.48387097	-0.15603797	0.04573744	0.99647162
0.51612903	0.48387097	-0.16563625	0.02953237	0.99742738
0.54838710	0.48387097	-0.17395632	0.01083153	0.99868895
0.58064516	0.48387097	-0.18045861	-0.01033318	1.00029585
0.61290323	0.48387097	-0.18448338	-0.03367718	1.00226711
0.64516129	0.48387097	-0.18528078	-0.05856668	1.00458571
0.67741935	0.48387097	-0.18207299	-0.08393242	1.00718154
0.70967742	0.48387097	-0.17415723	-0.10821789	1.00991790
0.74193548	0.48387097	-0.16105477	-0.12939619	1.01258863
0.77419355	0.48387097	-0.14270166	-0.14509736	1.01493350
0.80645161	0.48387097	-0.11965690	-0.15288455	1.01667608
0.83870968	0.48387097	-0.09327218	-0.15069083	1.01757982
0.87096774	0.48387097	-0.06573290	-0.13736162	1.01750656
0.90322581	0.48387097	-0.03986997	-0.11314678	1.01645474
0.93548387	0.48387097	-0.01870491	-0.07990931	1.01455869
0.96774194	0.48387097	-0.00484537	-0.04087628	1.01204569
1.00000000	0.48387097	0.00000000	0.00000000	1.01066723
0.00000000	0.51612903	0.00000000	0.00000000	0.99589108
0.03225806	0.51612903	-0.00254111	0.03647228	0.99527682
0.06451613	0.51612903	-0.00896311	0.06488949	0.99420694
0.09677419	0.51612903	-0.01814229	0.08594527	0.99342467
0.12903226	0.51612903	-0.02912377	0.10060768	0.99286692
0.16129032	0.51612903	-0.04116204	0.10994385	0.99246998
0.19354839	0.51612903	-0.05372167	0.11498661	0.99217998
0.22580645	0.51612903	-0.06645273	0.11664447	0.99195744
0.25806452	0.51612903	-0.07915371	0.11564967	0.99177811
0.29032258	0.51612903	-0.09173107	0.11253604	0.99163173
0.32258065	0.51612903	-0.10416052	0.10763811	0.99152033
0.35483871	0.51612903	-0.11645204	0.10110398	0.99145681
0.38709677	0.51612903	-0.12861834	0.09291673	0.99146440
0.41935484	0.51612903	-0.14064582	0.08292184	0.99157679
0.45161290	0.51612903	-0.15246627	0.07086071	0.99183892
0.48387097	0.51612903	-0.16392906	0.05641278	0.99230747
0.51612903	0.51612903	-0.17477386	0.03925011	0.99305014
0.54838710	0.51612903	-0.18460601	0.01910870	0.99414227
0.58064516	0.51612903	-0.19287829	-0.00412059	0.99565884
0.61290323	0.51612903	-0.19888493	-0.03028152	0.99766041
0.64516129	0.51612903	-0.20177652	-0.05882790	1.00017220
0.67741935	0.51612903	-0.20060716	-0.08869835	1.00315788
0.70967742	0.51612903	-0.19442804	-0.11821499	1.00649335
0.74193548	0.51612903	-0.18244217	-0.14504568	1.00994997
0.77419355	0.51612903	-0.16422909	-0.16628635	1.01320029
0.80645161	0.51612903	-0.14002913	-0.17873106	1.01585748
0.83870968	0.51612903	-0.11103562	-0.17938390	1.01754974
0.87096774	0.51612903	-0.07958047	-0.16619459	1.01801226
0.90322581	0.51612903	-0.04904428	-0.13884559	1.01716160
0.93548387	0.51612903	-0.02335475	-0.09923448	1.01511563
0.96774194	0.51612903	-0.00614988	-0.05127705	1.01214349
1.00000000	0.51612903	0.00000000	0.00000000	1.01046632
0.00000000	0.54838710	0.00000000	0.00000000	0.99307454
0.03225806	0.54838710	-0.00274927	0.04111768	0.99241051
0.06451613	0.54838710	-0.00966575	0.07295717	0.99125641
0.09677419	0.54838710	-0.01947650	0.09633598	0.99041685
0.12903226	0.54838710	-0.03109959	0.11242418	0.98981910
0.16129032	0.54838710	-0.04370252	0.12251590	0.98938698
0.19354839	0.54838710	-0.05670432	0.12785829	0.98905435
0.22580645	0.54838710	-0.06974377	0.12954012	0.98877132
0.25806452	0.54838710	-0.08263260	0.12843137	0.98850550
0.29032258	0.54838710	-0.09530636	0.12516079	0.98824060
0.32258065	0.54838710	-0.10777965	0.12011874	0.98797428
0.35483871	0.54838710	-0.12010759	0.11347449	0.98771659
0.38709677	0.54838710	-0.13235281	0.10520116	0.98748965
0.41935484	0.54838710	-0.14455579	0.09510492	0.98732873
0.45161290	0.54838710	-0.15670637	0.08285888	0.98728436
0.48387097	0.54838710	-0.16871463	0.06804503	0.98742488
0.51612903	0.54838710	-0.18038080	0.05020932	0.98783814
0.54838710	0.54838710	-0.19136493	0.02893596	0.98863031
0.58064516	0.54838710	-0.20115873	0.00394575	0.98991939
0.61290323	0.54838710	-0.20906466	-0.02477894	0.99182031
0.64516129	0.54838710	-0.21418983	-0.05684445	0.99441962
0.67741935	0.54838710	-0.21546752	-0.09128090	0.99773939
0.70967742	0.54838710	-0.21172475	-0.12638287	1.00169502
0.74193548	0.54838710	-0.20182093	-0.15959514	1.00605787
0.77419355	0.54838710	-0.18488484	-0.18751039	1.01044116
0.80645161	0.54838710	-0.16066456	-0.20607801	1.01433065
0.83870968	0.54838710	-0.12996181	-0.21113949	1.01717332
0.87096774	0.54838710	-0.09503163	-0.19935295	1.01851177
0.90322581	0.54838710	-0.05970625	-0.16937248	1.01811596
0.93548387	0.54838710	-0.02894929	-0.12280371	1.01604611
0.96774194	0.54838710	-0.00777080	-0.06423103	1.01260421
1.00000000	0.54838710	0.00000000	0.00000000	1.01058970
0.00000000	0.58064516	0.00000000	0.00000000	0.98985444
0.03225806	0.58064516	-0.00299902	0.04613802	0.98913288
0.06451613	0.58064516	-0.01049002	0.08161672	0.98788569
0.09677419	0.58064516	-0.02099887	0.10737911	0.98699272
0.12903226	0.58064516	-0.03327716	0.12483369	0.98636880
0.16129032	0.58064516	-0.04638369	0.13554857	0.98592067
0.19354839	0.58064516	-0.05968489	0.14102786	0.98556516
0.22580645	0.58064516	-0.07281005	0.14257275	0.98523800
0.25806452	0.58064516	-0.08558959	0.14121225	0.98489569
0.29032258	0.58064516	-0.09799403	0.13768309	0.98451352
0.32258065	0.58064516	-0.11008169	0.13243933	0.98408277
0.35483871	0.58064516	-0.12195678	0.12567713	0.98360858
0.38709677	0.58064516	-0.13373599	0.11736493	0.98310977
0.41935484	0.58064516	-0.14552007	0.10727540	0.98262074
0.45161290	0.58064516	-0.15736720	0.09501955	0.98219519
0.48387097	0.58064516	-0.16926542	0.08008722	0.98191108
0.51612903	0.58064516	-0.18110240	0.06190041	0.98187544
0.54838710	0.58064516	-0.19263197	0.03988662	0.98222652
0.58064516	0.58064516	-0.20343816	0.01357914	0.98313024
0.61290323	0.58064516	-0.21289934	-0.01725042	0.98476648
0.64516129	0.58064516	-0.22015798	-0.05242503	0.98730119
0.67741935	0.58064516	-0.22410758	-0.09116343	0.99084170
0.70967742	0.58064516	-0.22341692	-0.13186157	0.99537735
0.74193548	0.58064516	-0.21662534	-0.17188558	1.00071588
0.77419355	0.58064516	-0.20235620	-0.20744271	1.00643756
0.80645161	0.58064516	-0.17969902	-0.23365408	1.01190033
0.83870968	0.58064516	-0.14877875	-0.24501682	1.01632884
0.87096774	0.58064516	-0.11142657	-0.23645014	1.01899294
0.90322581	0.58064516	-0.07166656	-0.20492793	1.01942195
0.93548387	0.58064516	-0.03552157	-0.15116992	1.01754661
0.96774194	0.58064516	-0.00975393	-0.08022632	1.01367316
1.00000000	0.58064516	0.00000000	0.00000000	1.01129471
0.00000000	0.61290323	0.00000000	0.00000000	0.98618787
0.03225806	0.61290323	-0.00331605	0.05160770	0.98539734
0.06451613	0.61290323	-0.01150632	0.09095702	0.98404607
0.09677419	0.61290323	-0.02281388	0.11912312	0.98311100
0.12903226	0.61290323	-0.03576766	0.13780898	0.98248944
0.16129032	0.61290323	-0.04929174	0.14892362	0.98206330
0.19354839	0.61290323	-0.06269621	0.15428465	0.98172506
0.22580645	0.61290323	-0.07560883	0.15544482	0.98139057
0.25806452	0.61290323	-0.08789021	0.15361535	0.98100150
0.29032258	0.61290323	-0.09955607	0.14965289	0.98052237
0.32258065	0.61290323	-0.11071570	0.14408149	0.97993618
0.35483871	0.61290323	-0.12152694	0.13712879	0.97924146
0.38709677	0.61290323	-0.13216359	0.12876445	0.97845177
0.41935484	0.61290323	-0.14279039	0.11873613	0.97759832
0.45161290	0.61290323	-0.15354070	0.10660424	0.97673537
0.48387097	0.61290323	-0.16449332	0.09178023	0.97594782
0.51612903	0.61290323	-0.17564549	0.07357586	0.97535946
0.54838710	0.61290323	-0.18688009	0.05127173	0.97513941
0.58064516	0.61290323	-0.19792555	0.02421312	0.97550279
0.61290323	0.61290323	-0.20830817	-0.00805912	0.97670028
0.64516129	0.61290323	-0.21729870	-0.04563620	0.97899051
0.67741935	0.61290323	-0.22386057	-0.08802196	0.98258993
0.70967742	0.61290323	-0.22661755	-0.13386510	0.98759838
0.74193548	0.61290323	-0.22387769	-0.18065585	0.99390728
0.77419355	0.61290323	-0.21377714	-0.22443669	1.00111189
0.80645161	0.61290323	-0.19463462	-0.25965545	1.00846970
0.83870968	0.61290323	-0.16560607	-0.27941193	1.01496264
0.87096774	0.61290323	-0.12764083	-0.27646514	1.01950506
0.90322581	0.61290323	-0.08448225	-0.24527748	1.02126112
0.93548387	0.61290323	-0.04302698	-0.18471633	1.01991781
0.96774194	0.61290323	-0.01214135	-0.09975259	1.01572383
1.00000000	0.61290323	0.00000000	0.00000000	1.01297663
0.00000000	0.64516129	0.00000000	0.00000000	0.98201290
0.03225806	0.64516129	-0.00374245	0.05764434	0.98113661
0.06451613	0.64516129	-0.01282578	0.10111455	0.97966831
0.09677419	0.64516129	-0.02508064	0.13164044	0.97871612
0.12903226	0.64516129	-0.03873456	0.15131154	0.97814969
0.16129032	0.64516129	-0.05254935	0.16247712	0.97781266
0.19354839	0.64516129	-0.06578454	0.16734494	0.97756176
0.22580645	0.64516129	-0.07808691	0.16776674	0.97728534
0.25806452	0.64516129	-0.08936974	0.16515949	0.97690605
0.29032258	0.64516129	-0.09971208	0.16050858	0.97637550
0.32258065	0.64516129	-0.10928624	0.15441020	0.97566744
0.35483871	0.64516129	-0.11831020	0.14712501	0.97477291
0.38709677	0.64516129	-0.12701783	0.13862838	0.97369924
0.41935484	0.64516129	-0.13563918	0.12865252	0.97247305
0.45161290	0.64516129	-0.14438513	0.11672248	0.97114726
0.48387097	0.64516129	-0.15343130	0.10219201	0.96981126
0.51612903	0.64516129	-0.16289777	0.08428718	0.96860277
0.54838710	0.64516129	-0.17282104	0.06216669	0.96771877
0.58064516	0.64516129	-0.18311503	0.03500723	0.96742121
0.61290323	0.64516129	-0.19351756	0.00212274	0.96803149
0.64516129	0.64516129	-0.20351970	-0.03687263	0.96990613
0.67741935	0.64516129	-0.21227884	-0.08184458	0.97338565
0.70967742	0.64516129	-0.21852568	-0.13184444	0.97871075
0.74193548	0.64516129	-0.22049628	-0.18472597	0.98590616
0.77419355	0.64516129	-0.21595855	-0.23668577	0.99464749
0.80645161	0.64516129	-0.20245760	-0.28182514	1.00415347
0.83870968	0.64516129	-0.17795460	-0.31201060	1.01318275
0.87096774	0.64516129	-0.14200540	-0.31757396	1.02023100
0.90322581	0.64516129	-0.09737062	-0.28954177	1.02395109
0.93548387	0.64516129	-0.05130468	-0.22351080	1.02361996
0.96774194	0.64516129	-0.01496838	-0.12325329	1.01931619
1.00000000	0.64516129	0.00000000	0.00000000	1.01622926
0.00000000	0.67741935	0.00000000	0.00000000	0.97723330
0.03225806	0.67741935	-0.00434779	0.06443347	0.97624695
0.06451613	0.67741935	-0.01462226	0.11229521	0.97464869
0.09677419	0.67741935	-0.02803423	0.14503190	0.97372963
0.12903226	0.67741935	-0.04240257	0.16527769	0.97331088
0.16129032	0.67741935	-0.05630585	0.17597359	0.97317407
0.19354839	0.67741935	-0.06898031	0.17982220	0.97312243
0.22580645	0.67741935	-0.08013483	0.17903002	0.97300683
0.25806452	0.67741935	-0.08977567	0.17524052	0.97272670
0.29032258	0.67741935	-0.09807542	0.16956938	0.97221988
0.32258065	0.67741935	-0.10528861	0.16267961	0.97145138
0.35483871	0.67741935	-0.11170349	0.15486038	0.97040573
0.38709677	0.67741935	-0.11761733	0.14609342	0.96908476
0.41935484	0.67741935	-0.12332474	0.13610343	0.96751092
0.45161290	0.67741935	-0.12911133	0.12439637	0.96573565
0.48387097	0.67741935	-0.13524730	0.11029287	0.96385189
0.51612903	0.67741935	-0.14197660	0.09296560	0.96200929
0.54838710	0.67741935	-0.14949771	0.07148899	0.96042941
0.58064516	0.67741935	-0.15793110	0.04490965	0.95941639
0.61290323	0.67741935	-0.16726780	0.01234556	0.95935711
0.64516129	0.67741935	-0.17729198	-0.02687491	0.96070213
0.67741935	0.67741935	-0.18747090	-0.07301597	0.96391823
0.70967742	0.67741935	-0.19681034	-0.12564766	0.96940270
0.74193548	0.67741935	-0.20369104	-0.18322297	0.97735282
0.77419355	0.67741935	-0.20574261	-0.24247537	0.98759414
0.80645161	0.67741935	-0.19989213	-0.29765938	0.99939814
0.83870968	0.67741935	-0.18283840	-0.33986412	1.01137380
0.87096774	0.67741935	-0.15228678	-0.35704911	1.02158502
0.90322581	0.67741935	-0.10913283	-0.33597818	1.02802899
0.93548387	0.67741935	-0.06003566	-0.26711856	1.02935133
0.96774194	0.67741935	-0.01826475	-0.15105726	1.02527739
1.00000000	0.67741935	0.00000000	0.00000000	1.02192804
0.00000000	0.70967742	0.00000000	0.00000000	0.97169046
0.03225806	0.70967742	-0.00524914	0.07226660	0.97056025
0.06451613	0.70967742	-0.01716655	0.12480098	0.96882613
0.09677419	0.70967742	-0.03200957	0.15942074	0.96803822
0.12903226	0.70967742	-0.04705178	0.17958316	0.96792522
0.16129032	0.70967742	-0.06069423	0.18905486	0.96816495
0.19354839	0.70967742	-0.07221981	0.19117392	0.96848070
0.22580645	0.70967742	-0.08148007	0.18856210	0.96867409
0.25806452	0.70967742	-0.08864064	0.18310007	0.96861878
0.29032258	0.70967742	-0.09401371	0.17602152	0.96824073
0.32258065	0.70967742	-0.09796374	0.16803827	0.96749963
0.35483871	0.70967742	-0.10086287	0.15945373	0.96637718
0.38709677	0.70967742	-0.10307536	0.15024963	0.96487318
0.41935484	0.70967742	-0.10495683	0.14014652	0.96300893
0.45161290	0.70967742	-0.10685920	0.12864505	0.96083683
0.48387097	0.70967742	-0.10913568	0.11505729	0.95845502
0.51612903	0.70967742	-0.11214154	0.09853760	0.95602537
0.54838710	0.70967742	-0.11622630	0.07812119	0.95379219
0.58064516	0.70967742	-0.12171262	0.05277733	0.95209730
0.61290323	0.70967742	-0.12885460	0.02148364	0.95138514
0.64516129	0.70967742	-0.13776623	-0.01666952	0.95218988
0.67741935	0.70967742	-0.14830676	-0.06232621	0.95509435
0.70967742	0.70967742	-0.15990790	-0.11562429	0.96064960
0.74193548	0.70967742	-0.17133402	-0.17579369	0.96924278
0.77419355	0.70967742	-0.18039841	-0.24048466	0.98090426
0.80645161	0.70967742	-0.18374674	-0.30472934	0.99506095
0.83870968	0.70967742	-0.17699468	-0.35961594	1.01029907
0.87096774	0.70967742	-0.15574431	-0.39127952	1.02431701
0.90322581	0.70967742	-0.11810004	-0.38179287	1.03435282
0.93548387	0.70967742	-0.06869877	-0.31437886	1.03815282
0.96774194	0.70967742	-0.02206629	-0.18328894	1.03481363
1.00000000	0.70967742	0.00000000	0.00000000	1.03134602
0.00000000	0.74193548	0.00000000	0.00000000	0.96510973
0.03225806	0.74193548	-0.00664849	0.08160002	0.96379297
0.06451613	0.74193548	-0.02087676	0.13905563	0.96194506
0.09677419	0.74193548	-0.03745550	0.17491713	0.96147866
0.12903226	0.74193548	-0.05296539	0.19396235	0.96193801
0.16129032	0.74193548	-0.06570771	0.20114162	0.96282552
0.19354839	0.74193548	-0.07516137	0.20060803	0.96374874
0.22580645	0.74193548	-0.08145884	0.19545085	0.96444992
0.25806452	0.74193548	-0.08502537	0.18777416	0.96477967
0.29032258	0.74193548	-0.08637528	0.17889248	0.96465943
0.32258065	0.74193548	-0.08601677	0.16952876	0.96405177
0.35483871	0.74193548	-0.08441988	0.15997200	0.96294318
0.38709677	0.74193548	-0.08201649	0.15018739	0.96133836
0.41935484	0.74193548	-0.07921452	0.13988727	0.95926367
0.45161290	0.74193548	-0.07641651	0.12857522	0.95677809
0.48387097	0.74193548	-0.07403733	0.11557522	0.95398966
0.51612903	0.74193548	-0.07251738	0.10005623	0.95107583
0.54838710	0.74193548	-0.07232781	0.08106008	0.94830479
0.58064516	0.74193548	-0.07396336	0.05753795	0.94605362
0.61290323	0.74193548	-0.07791636	0.02839918	0.94481741
0.64516129	0.74193548	-0.08462214	-0.00742273	0.94520154
0.67741935	0.74193548	-0.09435984	-0.05087429	0.94788772
0.70967742	0.74193548	-0.10708377	-0.10262039	0.95356273
0.74193548	0.74193548	-0.12215098	-0.16273245	0.96279592
0.77419355	0.74193548	-0.13791780	-0.23006264	0.97584696
0.80645161	0.74193548	-0.15124383	-0.30106310	0.99238476
0.83870968	0.74193548	-0.15714475	-0.36786654	1.01113150
0.87096774	0.74193548	-0.14923687	-0.41594374	1.02958048
0.90322581	0.74193548	-0.12209126	-0.42302370	1.04419755
0.93548387	0.74193548	-0.07651175	-0.36315229	1.05153652
0.96774194	0.74193548	-0.02644080	-0.21975602	1.04966866
1.00000000	0.74193548	0.00000000	0.00000000	1.04632466
0.00000000	0.77419355	0.00000000	0.00000000	0.95699171
0.03225806	0.77419355	-0.00890291	0.09314335	0.95544899
0.06451613	0.77419355	-0.02638105	0.15560799	0.95359563
0.09677419	0.77419355	-0.04489246	0.19150937	0.95382323
0.12903226	0.77419355	-0.06024445	0.20783537	0.95530098
0.16129032	0.77419355	-0.07088458	0.21125083	0.95724178
0.19354839	0.77419355	-0.07677516	0.20692504	0.95909869
0.22580645	0.77419355	-0.07854763	0.19842610	0.96055563
0.25806452	0.77419355	-0.07702156	0.18801651	0.96145521
0.29032258	0.77419355	-0.07298417	0.17701291	0.96173144
0.32258065	0.77419355	-0.06711665	0.16608287	0.96136512
0.35483871	0.77419355	-0.05999119	0.15545345	0.96036049
0.38709677	0.77419355	-0.05209683	0.14504427	0.95873807
0.41935484	0.77419355	-0.04387408	0.13454655	0.95653896
0.45161290	0.77419355	-0.03574967	0.12346786	0.95383724
0.48387097	0.77419355	-0.02816772	0.11115815	0.95075848
0.51612903	0.77419355	-0.02161537	0.09682808	0.94750189
0.54838710	0.77419355	-0.01664061	0.07956717	0.94436361
0.58064516	0.77419355	-0.01385965	0.05836589	0.94175692
0.61290323	0.77419355	-0.01394871	0.03214243	0.94022398
0.64516129	0.77419355	-0.01761291	-0.00022603	0.94043191
0.67741935	0.77419355	-0.02551773	-0.03986457	0.94314482
0.70967742	0.77419355	-0.03815599	-0.08783314	0.94916233
0.74193548	0.77419355	-0.05560003	-0.14495965	0.95921212
0.77419355	0.77419355	-0.07706128	-0.21139180	0.97377621
0.80645161	0.77419355	-0.10018604	-0.28550237	0.99281487
0.83870968	0.77419355	-0.12017133	-0.36162289	1.01534214
0.87096774	0.77419355	-0.12928537	-0.42633300	1.03889353
0.90322581	0.77419355	-0.11831554	-0.45451798	1.05929360
0.93548387	0.77419355	-0.08230260	-0.41002931	1.07162335
0.96774194	0.77419355	-0.03151347	-0.25980067	1.07235600
1.00000000	0.77419355	0.00000000	0.00000000	1.06954507
0.00000000	0.80645161	0.00000000	0.00000000	0.94637850
0.03225806	0.80645161	-0.01265189	0.10798107	0.94462787
0.06451613	0.80645161	-0.03454453	0.17504518	0.94312263
0.09677419	0.80645161	-0.05465986	0.20878052	0.94477972
0.12903226	0.80645161	-0.06825975	0.21995447	0.94801324
0.16129032	0.80645161	-0.07454156	0.21767233	0.95159244
0.19354839	0.80645161	-0.07445426	0.20827107	0.95480083
0.22580645	0.80645161	-0.06943149	0.19569724	0.95729637
0.25806452	0.80645161	-0.06083168	0.18221071	0.95895223
0.29032258	0.80645161	-0.04976258	0.16898757	0.95974773
0.32258065	0.80645161	-0.03707490	0.15653579	0.95970716
0.35483871	0.80645161	-0.02341568	0.14495218	0.95887192
0.38709677	0.80645161	-0.00929384	0.13407027	0.95729362
0.41935484	0.80645161	0.00485853	0.12354011	0.95504051
0.45161290	0.80645161	0.01863347	0.11286888	0.95221246
0.48387097	0.80645161	0.03160294	0.10144092	0.94896166
0.51612903	0.80645161	0.04328237	0.08852912	0.94551674
0.54838710	0.80645161	0.05310204	0.07330437	0.94220754
0.58064516	0.80645161	0.06038750	0.05484605	0.93948679
0.61290323	0.80645161	0.06435128	0.03215244	0.93794358
0.64516129	0.80645161	0.06410030	0.00414629	0.93830234
0.67741935	0.80645161	0.05866828	-0.03033120	0.94139980
0.70967742	0.80645161	0.04709367	-0.07253808	0.94813216
0.74193548	0.80645161	0.02859204	-0.12382715	0.95936301
0.77419355	0.80645161	0.00292656	-0.18547661	0.97577650
0.80645161	0.80645161	-0.02884541	-0.25795304	0.99763878
0.83870968	0.80645161	-0.06307910	-0.33876720	1.02438213
0.87096774	0.80645161	-0.09194252	-0.41779952	1.05389704
0.90322581	0.80645161	-0.10306187	-0.47000646	1.08170767
0.93548387	0.80645161	-0.08416271	-0.44995435	1.10123936
0.96774194	0.80645161	-0.03741156	-0.30205861	1.10650304
1.00000000	0.80645161	0.00000000	0.00000000	1.10498292
0.00000000	0.83870968	0.00000000	0.00000000	0.93131709
0.03225806	0.83870968	-0.01901355	0.12768787	0.92963449
0.06451613	0.83870968	-0.04622269	0.19761595	0.92951011
0.09677419	0.83870968	-0.06596570	0.22522458	0.93404913
0.12903226	0.83870968	-0.07414356	0.22771707	0.94022505
0.16129032	0.83870968	-0.07198084	0.21744535	0.94624340
0.19354839	0.83870968	-0.06216929	0.20181496	0.95129429
0.22580645	0.83870968	-0.04725404	0.18480352	0.95510750
0.25806452	0.83870968	-0.02918861	0.16834760	0.95766441
0.29032258	0.83870968	-0.00934500	0.15325613	0.95904493
0.32258065	0.83870968	0.01134944	0.13973597	0.95935496
0.35483871	0.83870968	0.03226859	0.12767239	0.95869924
0.38709677	0.83870968	0.05296990	0.11677007	0.95717896
0.41935484	0.83870968	0.07310439	0.10661924	0.95490317
0.45161290	0.83870968	0.09234800	0.09672345	0.95200804
0.48387097	0.83870968	0.11034793	0.08650927	0.94868073
0.51612903	0.83870968	0.12667951	0.07532899	0.94518580
0.54838710	0.83870968	0.14081123	0.06246204	0.94189147
0.58064516	0.83870968	0.15207707	0.04711666	0.93929260
0.61290323	0.83870968	0.15965652	0.02842964	0.93802591
0.64516129	0.83870968	0.16256337	0.00545697	0.93887188
0.67741935	0.83870968	0.15964638	-0.02285793	0.94273706
0.70967742	0.83870968	0.14961111	-0.05775689	0.95061035
0.74193548	0.83870968	0.13109315	-0.10079254	0.96348638
0.77419355	0.83870968	0.10287018	-0.15395434	0.98224693
0.80645161	0.83870968	0.06443207	-0.21949670	1.00747585
0.83870968	0.83870968	0.01732717	-0.29852577	1.03912544
0.87096774	0.83870968	-0.03231803	-0.38635021	1.07580341
0.90322581	0.83870968	-0.07090593	-0.46229777	1.11339076
0.93548387	0.83870968	-0.07853957	-0.47567961	1.14382464
0.96774194	0.83870968	-0.04387155	-0.34396337	1.15732912
1.00000000	0.83870968	0.00000000	0.00000000	1.15867991
0.00000000	0.87096774	0.00000000	0.00000000	0.90755252
0.03225806	0.87096774	-0.02965911	0.15420376	0.90717798
0.06451613	0.87096774	-0.06072729	0.22199732	0.91133283
0.09677419	0.87096774	-0.07374704	0.23670138	0.92155863
0.12903226	0.87096774	-0.06888469	0.22596961	0.93248527
0.16129032	0.87096774	-0.05158122	0.20569806	0.94194548
0.19354839	0.87096774	-0.02698273	0.18354427	0.94932676
0.22580645	0.87096774	0.00128758	0.16271656	0.95464231
0.25806452	0.87096774	0.03096303	0.14430167	0.95812018
0.29032258	0.87096774	0.06071528	0.12844952	0.96002691
0.32258065	0.87096774	0.08980073	0.11492220	0.96060154
0.35483871	0.87096774	0.11781472	0.10333173	0.96004230
0.38709677	0.87096774	0.14453022	0.09323448	0.95851770
0.41935484	0.87096774	0.16979166	0.08416202	0.95618818
0.45161290	0.87096774	0.19344219	0.07562534	0.95323268
0.48387097	0.87096774	0.21527057	0.06710941	0.94987717
0.51612903	0.87096774	0.23496952	0.05806583	0.94642393
0.54838710	0.87096774	0.25210149	0.04790682	0.94327952
0.58064516	0.87096774	0.26606959	0.03600077	0.94097920
0.61290323	0.87096774	0.27609284	0.02166615	0.94020426
0.64516129	0.87096774	0.28118462	0.00415645	0.94178792
0.67741935	0.87096774	0.28013266	-0.01737892	0.94670500
0.70967742	0.87096774	0.27147910	-0.04398484	0.95604100
0.74193548	0.87096774	0.25350546	-0.07708621	0.97093610
0.77419355	0.87096774	0.22425957	-0.11881552	0.99250029
0.80645161	0.87096774	0.18177879	-0.17241001	1.02168941
0.83870968	0.87096774	0.12498784	-0.24201709	1.05909845
0.87096774	0.87096774	0.05631190	-0.32956641	1.10446129
0.90322581	0.87096774	-0.01304331	-0.42378490	1.15513294
0.93548387	0.87096774	-0.05803326	-0.47698871	1.20278401
0.96774194	0.87096774	-0.04881333	-0.38059817	1.23218925
1.00000000	0.87096774	0.00000000	0.00000000	1.24005522
0.00000000	0.90322581	0.00000000	0.00000000	0.86526853
0.03225806	0.90322581	-0.04505103	0.18841516	0.87078525
0.06451613	0.90322581	-0.06887324	0.24170388	0.88716696
0.09677419	0.90322581	-0.05920932	0.23338198	0.90817871
0.12903226	0.90322581	-0.02830439	0.20555125	0.92636314
0.16129032	0.90322581	0.01246107	0.17554339	0.94028354
0.19354839	0.90322581	0.05624822	0.14894616	0.95022735
0.22580645	0.90322581	0.09954262	0.12685776	0.95690987
0.25806452	0.90322581	0.14073638	0.10891990	0.96103612
0.29032258	0.90322581	0.17921890	0.09441843	0.96317381
0.32258065	0.90322581	0.21486886	0.08263653	0.96374630
0.35483871	0.90322581	0.24778089	0.07294290	0.96306512
0.38709677	0.90322581	0.27811765	0.06479314	0.96137125
0.41935484	0.90322581	0.30602628	0.05770727	0.95887536
0.45161290	0.90322581	0.33158711	0.05124454	0.95579499
0.48387097	0.90322581	0.35477803	0.04498194	0.95238924
0.51612903	0.90322581	0.37544655	0.03849808	0.94899104
0.54838710	0.90322581	0.39328533	0.03136199	0.94603691
0.58064516	0.90322581	0.40780987	0.02312532	0.94409270
0.61290323	0.90322581	0.41833692	0.01331462	0.94387321
0.64516129	0.90322581	0.42396208	0.00141716	0.94625298
0.67741935	0.90322581	0.42353237	-0.01315239	0.95226585
0.70967742	0.90322581	0.41560550	-0.03112968	0.96309191
0.74193548	0.90322581	0.39838102	-0.05357299	0.98003251
0.77419355	0.90322581	0.36958637	-0.08222765	1.00447657
0.80645161	0.90322581	0.32633864	-0.12022495	1.03786198
0.83870968	0.90322581	0.26523163	-0.17305887	1.08162946
0.87096774	0.90322581	0.18373336	-0.24831905	1.13710380
0.90322581	0.90322581	0.08572852	-0.34795260	1.20469390
0.93548387	0.90322581	-0.00628708	-0.43990957	1.27947177
0.96774194	0.90322581	-0.04395622	-0.40199661	1.34090121
1.00000000	0.90322581	0.00000000	0.00000000	1.36432645
0.00000000	0.93548387	0.00000000	0.00000000	0.78204054
0.03225806	0.93548387	-0.04856454	0.22307699	0.80817679
0.06451613	0.93548387	-0.02591655	0.23615561	0.85780399
0.09677419	0.93548387	0.03375051	0.19613253	0.89812464
0.12903226	0.93548387	0.10265980	0.15429922	0.92615475
0.16129032	0.93548387	0.16900658	0.12114546	0.94455065
0.19354839	0.93548387	0.22896922	0.09646272	0.95621704
0.22580645	0.93548387	0.28193802	0.07822840	0.96330202
0.25806452	0.93548387	0.32844336	0.06462539	0.96723461
0.29032258	0.93548387	0.36933188	0.05431703	0.96893597
0.32258065	0.93548387	0.40545411	0.04636021	0.96900032
0.35483871	0.93548387	0.43755320	0.04008294	0.96782275
0.38709677	0.93548387	0.46623001	0.03498909	0.96568694
0.41935484	0.93548387	0.49193475	0.03069257	0.96282775
0.45161290	0.93548387	0.51496544	0.02687360	0.95947910
0.48387097	0.93548387	0.53546600	0.02324998	0.95591328
0.51612903	0.93548387	0.55342169	0.01955853	0.95247520
0.54838710	0.93548387	0.56865178	0.01554350	0.94961267
0.58064516	0.93548387	0.58079987	0.01094919	0.94790278
0.61290323	0.93548387	0.58932219	0.00551396	0.94807321
0.64516129	0.93548387	0.59347260	-0.00103899	0.95101762
0.67741935	0.93548387	0.59227983	-0.00902233	0.95780528
0.70967742	0.93548387	0.58450650	-0.01883348	0.96968795
0.74193548	0.93548387	0.56856649	-0.03106706	0.98811272
0.77419355	0.93548387	0.54235367	-0.04677312	1.01475880
0.80645161	0.93548387	0.50289573	-0.06805525	1.05163101
0.83870968	0.93548387	0.44573770	-0.09941180	1.10126379
0.87096774	0.93548387	0.36432321	-0.15006329	1.16713231
0.90322581	0.93548387	0.25179706	-0.23376444	1.25436641
0.93548387	0.93548387	0.11376150	-0.34730394	1.36839510
0.96774194	0.93548387	-0.00093201	-0.38688523	1.49489373
1.00000000	0.93548387	0.00000000	0.00000000	1.55709429
0.00000000	0.96774194	0.00000000	0.00000000	0.60195373
0.03225806	0.96774194	0.09643339	0.21433170	0.69850281
0.06451613	0.96774194	0.22307699	0.15938883	0.83989956
0.09677419	0.96774194	0.33258900	0.10480564	0.90708132
0.12903226	0.96774194	0.41920952	0.07029518	0.94129302
0.16129032	0.96774194	0.48688822	0.04923396	0.95967307
0.19354839	0.96774194	0.54035498	0.03601471	0.96967370
0.22580645	0.96774194	0.58335093	0.02738363	0.97486375
0.25806452	0.96774194	0.61858338	0.02152605	0.97708542
0.29032258	0.96774194	0.64797632	0.01740768	0.97734784
0.32258065	0.96774194	0.67290041	0.01441522	0.97623392
0.35483871	0.96774194	0.69433653	0.01216700	0.97410310
0.38709677	0.96774194	0.71298336	0.01041159	0.97120291
0.41935484	0.96774194	0.72932563	0.00897185	0.96773786
0.45161290	0.96774194	0.74367593	0.00771330	0.96391767
0.48387097	0.96774194	0.75619923	0.00652569	0.95999519
0.51612903	0.96774194	0.76692592	0.00531230	0.95629882
0.54838710	0.96774194	0.77575777	0.00398382	0.95326128
0.58064516	0.96774194	0.78246943	0.00245492	0.95144507
0.61290323	0.96774194	0.78670697	0.00064190	0.95156416
0.64516129	0.96774194	0.78798340	-0.00154047	0.95450192
0.67741935	0.96774194	0.78566800	-0.00418629	0.96132719
0.70967742	0.96774194	0.77896108	-0.00741632	0.97331475
0.74193548	0.96774194	0.76683453	-0.01142015	0.99198593
0.77419355	0.96774194	0.74789403	-0.01655688	1.01920455
0.80645161	0.96774194	0.72006142	-0.02360897	1.05740529
0.83870968	0.96774194	0.67983879	-0.03448633	1.11013163
0.87096774	0.96774194	0.62064964	-0.05437839	1.18332930
0.90322581	0.96774194	0.52977551	-0.09739088	1.28855557
0.93548387	0.96774194	0.38688521	-0.18718048	1.44839116
0.96774194	0.96774194	0.18247159	-0.28823509	1.69384449
1.00000000	0.96774194	0.00000000	0.00000000	1.84202120
0.00000000	1.00000000	1.00000000	0.00000000	0.47760293
0.03225806	1.00000000	1.00000000	0.00000000	0.62868339
0.06451613	1.00000000	1.00000000	0.00000000	0.83762502
0.09677419	1.00000000	1.00000000	0.00000000	0.91938100
0.12903226	1.00000000	1.00000000	0.00000000	0.95427096
0.16129032	1.00000000	1.00000000	0.00000000	0.97062628
0.19354839	1.00000000	1.00000000	0.00000000	0.97852170
0.22580645	1.00000000	1.00000000	0.00000000	0.98200369
0.25806452	1.00000000	1.00000000	0.00000000	0.98291351
0.29032258	1.00000000	1.00000000	0.00000000	0.98217676
0.32258065	1.00000000	1.00000000	0.00000000	0.98029740
0.35483871	1.00000000	1.00000000	0.00000000	0.97757453
0.38709677	1.00000000	1.00000000	0.00000000	0.97421176
0.41935484	1.00000000	1.00000000	0.00000000	0.97038160
0.45161290	1.00000000	1.00000000	0.00000000	0.96626968
0.48387097	1.00000000	1.00000000	0.00000000	0.96210978
0.51612903	1.00000000	1.00000000	0.00000000	0.95821404
0.54838710	1.00000000	1.00000000	0.00000000	0.95500043
0.58064516	1.00000000	1.00000000	0.00000000	0.95301723
0.61290323	1.00000000	1.00000000	0.00000000	0.95296458
0.64516129	1.00000000	1.00000000	0.00000000	0.95571292
0.67741935	1.00000000	1.00000000	0.00000000	0.96232086
0.70967742	1.00000000	1.00000000	0.00000000	0.97405949
0.74193548	1.00000000	1.00000000	0.00000000	0.99246154
0.77419355	1.00000000	1.00000000	0.00000000	1.01943740
0.80645161	1.00000000	1.00000000	0.00000000	1.05755914
0.83870968	1.00000000	1.00000000	0.00000000	1.11077257
0.87096774	1.00000000	1.00000000	0.00000000	1.18626315
0.90322581	1.00000000	1.00000000	0.00000000	1.29926539
0.93548387	1.00000000	1.00000000	0.00000000	1.48218816
0.96774194	1.00000000	1.00000000	0.00000000	1.80300637
1.00000000	1.00000000	1.00000000	0.00000000	2.00940411
