VARIABLES="X","Y","U","V","P"
ZONE  F=POINT
I=32, J=32
0.00000000	0.00000000	0.00000000	0.00000000	1.00772680
0.03225806	0.00000000	0.00000000	0.00000000	1.00764638
0.06451613	0.00000000	0.00000000	0.00000000	1.00743523
0.09677419	0.00000000	0.00000000	0.00000000	1.00717199
0.12903226	0.00000000	0.00000000	0.00000000	1.00693744
0.16129032	0.00000000	0.00000000	0.00000000	1.00678258
0.19354839	0.00000000	0.00000000	0.00000000	1.00673581
0.22580645	0.00000000	0.00000000	0.00000000	1.00681079
0.25806452	0.00000000	0.00000000	0.00000000	1.00701220
0.29032258	0.00000000	0.00000000	0.00000000	1.00733941
0.32258065	0.00000000	0.00000000	0.00000000	1.00778850
0.35483871	0.00000000	0.00000000	0.00000000	1.00835313
0.38709677	0.00000000	0.00000000	0.00000000	1.00902453
0.41935484	0.00000000	0.00000000	0.00000000	1.00979108
0.45161290	0.00000000	0.00000000	0.00000000	1.01063759
0.48387097	0.00000000	0.00000000	0.00000000	1.01154466
0.51612903	0.00000000	0.00000000	0.00000000	1.01248833
0.54838710	0.00000000	0.00000000	0.00000000	1.01344012
0.58064516	0.00000000	0.00000000	0.00000000	1.01436773
0.61290323	0.00000000	0.00000000	0.00000000	1.01523641
0.64516129	0.00000000	0.00000000	0.00000000	1.01601114
0.67741935	0.00000000	0.00000000	0.00000000	1.01665931
0.70967742	0.00000000	0.00000000	0.00000000	1.01715389
0.74193548	0.00000000	0.00000000	0.00000000	1.01747663
0.77419355	0.00000000	0.00000000	0.00000000	1.01762097
0.80645161	0.00000000	0.00000000	0.00000000	1.01759437
0.83870968	0.00000000	0.00000000	0.00000000	1.01741983
0.87096774	0.00000000	0.00000000	0.00000000	1.01713671
0.90322581	0.00000000	0.00000000	0.00000000	1.01680102
0.93548387	0.00000000	0.00000000	0.00000000	1.01648499
0.96774194	0.00000000	0.00000000	0.00000000	1.01627300
1.00000000	0.00000000	0.00000000	0.00000000	1.01620410
0.00000000	0.03225806	0.00000000	0.00000000	1.00780722
0.03225806	0.03225806	-0.00000473	0.00000541	1.00772622
0.06451613	0.03225806	-0.00032115	0.00021397	1.00752744
0.09677419	0.03225806	-0.00101106	0.00044007	1.00729362
0.12903226	0.03225806	-0.00203348	0.00062438	1.00709033
0.16129032	0.03225806	-0.00331136	0.00075453	1.00696121
0.19354839	0.03225806	-0.00476171	0.00083397	1.00693191
0.22580645	0.03225806	-0.00630773	0.00087024	1.00701558
0.25806452	0.03225806	-0.00788227	0.00087065	1.00721732
0.29032258	0.03225806	-0.00942737	0.00084090	1.00753725
0.32258065	0.03225806	-0.01089226	0.00078478	1.00797218
0.35483871	0.03225806	-0.01223107	0.00070447	1.00851641
0.38709677	0.03225806	-0.01340109	0.00060113	1.00916174
0.41935484	0.03225806	-0.01436179	0.00047552	1.00989708
0.45161290	0.03225806	-0.01507490	0.00032870	1.01070786
0.48387097	0.03225806	-0.01550563	0.00016275	1.01157550
0.51612903	0.03225806	-0.01562471	-0.00001871	1.01247712
0.54838710	0.03225806	-0.01541138	-0.00021006	1.01338561
0.58064516	0.03225806	-0.01485673	-0.00040354	1.01427038
0.61290323	0.03225806	-0.01396704	-0.00058937	1.01509871
0.64516129	0.03225806	-0.01276665	-0.00075619	1.01583775
0.67741935	0.03225806	-0.01129974	-0.00089192	1.01645715
0.70967742	0.03225806	-0.00963047	-0.00098480	1.01693197
0.74193548	0.03225806	-0.00784120	-0.00102474	1.01724568
0.77419355	0.03225806	-0.00602855	-0.00100448	1.01739284
0.80645161	0.03225806	-0.00429736	-0.00092077	1.01738112
0.83870968	0.03225806	-0.00275283	-0.00077530	1.01723254
0.87096774	0.03225806	-0.00149089	-0.00057593	1.01698374
0.90322581	0.03225806	-0.00058619	-0.00033962	1.01668560
0.93548387	0.03225806	-0.00007525	-0.00010083	1.01640163
0.96774194	0.03225806	0.00007131	0.00006637	1.01620352
1.00000000	0.03225806	0.00000000	0.00000000	1.01613520
0.00000000	0.06451613	0.00000000	0.00000000	1.00802099
0.03225806	0.06451613	-0.00021828	0.00032113	1.00792383
0.06451613	0.06451613	-0.00102646	0.00100631	1.00772022
0.09677419	0.06451613	-0.00243973	0.00171231	1.00751926
0.12903226	0.06451613	-0.00438373	0.00230029	1.00735930
0.16129032	0.06451613	-0.00674096	0.00272821	1.00726910
0.19354839	0.06451613	-0.00938168	0.00299635	1.00726744
0.22580645	0.06451613	-0.01218048	0.00312054	1.00736497
0.25806452	0.06451613	-0.01502315	0.00311963	1.00756652
0.29032258	0.06451613	-0.01780775	0.00300998	1.00787292
0.32258065	0.06451613	-0.02044303	0.00280369	1.00828210
0.35483871	0.06451613	-0.02284584	0.00250882	1.00878952
0.38709677	0.06451613	-0.02493897	0.00213070	1.00938818
0.41935484	0.06451613	-0.02665009	0.00167380	1.01006825
0.45161290	0.06451613	-0.02791215	0.00114383	1.01081657
0.48387097	0.06451613	-0.02866544	0.00054979	1.01161623
0.51612903	0.06451613	-0.02886106	-0.00009426	1.01244635
0.54838710	0.06451613	-0.02846568	-0.00076799	1.01328227
0.58064516	0.06451613	-0.02746684	-0.00144435	1.01409621
0.61290323	0.06451613	-0.02587825	-0.00209008	1.01485855
0.64516129	0.06451613	-0.02374419	-0.00266730	1.01553977
0.67741935	0.06451613	-0.02114216	-0.00313619	1.01611274
0.70967742	0.06451613	-0.01818281	-0.00345854	1.01655548
0.74193548	0.06451613	-0.01500676	-0.00360192	1.01685380
0.77419355	0.06451613	-0.01177773	-0.00354384	1.01700360
0.80645161	0.06451613	-0.00867210	-0.00327572	1.01701247
0.83870968	0.06451613	-0.00586520	-0.00280647	1.01690031
0.87096774	0.06451613	-0.00351469	-0.00216664	1.01669874
0.90322581	0.06451613	-0.00174092	-0.00141564	1.01644941
0.93548387	0.06451613	-0.00060360	-0.00065750	1.01620071
0.96774194	0.06451613	-0.00007364	-0.00007525	1.01600265
1.00000000	0.06451613	0.00000000	0.00000000	1.01592243
0.00000000	0.09677419	0.00000000	0.00000000	1.00829342
0.03225806	0.09677419	-0.00046764	0.00103185	1.00815939
0.06451613	0.09677419	-0.00181579	0.00243540	1.00790800
0.09677419	0.09677419	-0.00395907	0.00379732	1.00769911
0.12903226	0.09677419	-0.00676938	0.00492560	1.00755048
0.16129032	0.09677419	-0.01009180	0.00575246	1.00747711
0.19354839	0.09677419	-0.01376317	0.00627348	1.00748948
0.22580645	0.09677419	-0.01762519	0.00651169	1.00759379
0.25806452	0.09677419	-0.02153106	0.00649791	1.00779293
0.29032258	0.09677419	-0.02534719	0.00626078	1.00808730
0.32258065	0.09677419	-0.02895201	0.00582285	1.00847529
0.35483871	0.09677419	-0.03223376	0.00520040	1.00895339
0.38709677	0.09677419	-0.03508844	0.00440537	1.00951588
0.41935484	0.09677419	-0.03741895	0.00344869	1.01015443
0.45161290	0.09677419	-0.03913593	0.00234404	1.01085750
0.48387097	0.09677419	-0.04016042	0.00111165	1.01160991
0.51612903	0.09677419	-0.04042840	-0.00021847	1.01239252
0.54838710	0.09677419	-0.03989667	-0.00160429	1.01318242
0.58064516	0.09677419	-0.03854952	-0.00299098	1.01395349
0.61290323	0.09677419	-0.03640543	-0.00431202	1.01467762
0.64516129	0.09677419	-0.03352260	-0.00549228	1.01532656
0.67741935	0.09677419	-0.03000236	-0.00645331	1.01587420
0.70967742	0.09677419	-0.02598916	-0.00712020	1.01629924
0.74193548	0.09677419	-0.02166648	-0.00742982	1.01658777
0.77419355	0.09677419	-0.01724796	-0.00733915	1.01673550
0.80645161	0.09677419	-0.01296369	-0.00683331	1.01674907
0.83870968	0.09677419	-0.00904228	-0.00593271	1.01664621
0.87096774	0.09677419	-0.00568948	-0.00470022	1.01645458
0.90322581	0.09677419	-0.00306487	-0.00325071	1.01620908
0.93548387	0.09677419	-0.00125832	-0.00176811	1.01594777
0.96774194	0.09677419	-0.00026976	-0.00053723	1.01570637
1.00000000	0.09677419	0.00000000	0.00000000	1.01559477
0.00000000	0.12903226	0.00000000	0.00000000	1.00854297
0.03225806	0.12903226	-0.00070158	0.00213691	1.00836528
0.06451613	0.12903226	-0.00257626	0.00449772	1.00804816
0.09677419	0.12903226	-0.00542664	0.00666589	1.00780893
0.12903226	0.12903226	-0.00905699	0.00843301	1.00765108
0.16129032	0.12903226	-0.01326941	0.00972199	1.00757840
0.19354839	0.12903226	-0.01786968	0.01052972	1.00759359
0.22580645	0.12903226	-0.02267362	0.01088842	1.00769802
0.25806452	0.12903226	-0.02751073	0.01084162	1.00789199
0.29032258	0.12903226	-0.03222477	0.01043091	1.00817492
0.32258065	0.12903226	-0.03667234	0.00969025	1.00854535
0.35483871	0.12903226	-0.04072051	0.00864524	1.00900062
0.38709677	0.12903226	-0.04424490	0.00731588	1.00953640
0.41935484	0.12903226	-0.04712894	0.00572128	1.01014597
0.45161290	0.12903226	-0.04926495	0.00388529	1.01081952
0.48387097	0.12903226	-0.05055732	0.00184226	1.01154354
0.51612903	0.12903226	-0.05092770	-0.00035801	1.01230037
0.54838710	0.12903226	-0.05032183	-0.00264688	1.01306824
0.58064516	0.12903226	-0.04871751	-0.00493560	1.01382170
0.61290323	0.12903226	-0.04613259	-0.00711700	1.01453279
0.64516129	0.12903226	-0.04263198	-0.00907037	1.01517285
0.67741935	0.12903226	-0.03833224	-0.01066964	1.01571489
0.70967742	0.12903226	-0.03340240	-0.01179443	1.01613635
0.74193548	0.12903226	-0.02805972	-0.01234312	1.01642194
0.77419355	0.12903226	-0.02255964	-0.01224663	1.01656585
0.80645161	0.12903226	-0.01717969	-0.01148141	1.01657315
0.83870968	0.12903226	-0.01219811	-0.01008069	1.01645974
0.87096774	0.12903226	-0.00786892	-0.00814405	1.01625068
0.90322581	0.12903226	-0.00439608	-0.00584680	1.01597710
0.93548387	0.12903226	-0.00191080	-0.00345262	1.01567159
0.96774194	0.12903226	-0.00045780	-0.00133357	1.01536278
1.00000000	0.12903226	0.00000000	0.00000000	1.01521068
0.00000000	0.16129032	0.00000000	0.00000000	1.00871087
0.03225806	0.16129032	-0.00091049	0.00360809	1.00848913
0.06451613	0.16129032	-0.00327629	0.00716045	1.00810121
0.09677419	0.16129032	-0.00679566	0.01027804	1.00782079
0.12903226	0.16129032	-0.01120127	0.01276835	1.00764157
0.16129032	0.16129032	-0.01624801	0.01456514	1.00755870
0.19354839	0.16129032	-0.02170978	0.01567768	1.00756831
0.22580645	0.16129032	-0.02737919	0.01615272	1.00766730
0.25806452	0.16129032	-0.03306713	0.01604904	1.00785341
0.29032258	0.16129032	-0.03860099	0.01542237	1.00812498
0.32258065	0.16129032	-0.04382190	0.01431858	1.00848061
0.35483871	0.16129032	-0.04858174	0.01277295	1.00891857
0.38709677	0.16129032	-0.05274074	0.01081379	1.00943594
0.41935484	0.16129032	-0.05616653	0.00846873	1.01002774
0.45161290	0.16129032	-0.05873522	0.00577242	1.01068597
0.48387097	0.16129032	-0.06033473	0.00277439	1.01139876
0.51612903	0.16129032	-0.06087050	-0.00045397	1.01214974
0.54838710	0.16129032	-0.06027324	-0.00381449	1.01291776
0.58064516	0.16129032	-0.05850820	-0.00718023	1.01367727
0.61290323	0.16129032	-0.05558500	-0.01039756	1.01439931
0.64516129	0.16129032	-0.05156670	-0.01329264	1.01505335
0.67741935	0.16129032	-0.04657662	-0.01568289	1.01560983
0.70967742	0.16129032	-0.04080099	-0.01739273	1.01604321
0.74193548	0.16129032	-0.03448578	-0.01827258	1.01633516
0.77419355	0.16129032	-0.02792637	-0.01821918	1.01647717
0.80645161	0.16129032	-0.02144955	-0.01719484	1.01647216
0.83870968	0.16129032	-0.01538889	-0.01524348	1.01633452
0.87096774	0.16129032	-0.01005571	-0.01250225	1.01608826
0.90322581	0.16129032	-0.00570970	-0.00920883	1.01576360
0.93548387	0.16129032	-0.00253476	-0.00570639	1.01539224
0.96774194	0.16129032	-0.00062655	-0.00244804	1.01500196
1.00000000	0.16129032	0.00000000	0.00000000	1.01480515
0.00000000	0.19354839	0.00000000	0.00000000	1.00875438
0.03225806	0.19354839	-0.00109721	0.00541319	1.00849051
0.06451613	0.19354839	-0.00391647	0.01038288	1.00803235
0.09677419	0.19354839	-0.00806407	0.01459085	1.00770634
0.12903226	0.19354839	-0.01320348	0.01788534	1.00749914
0.16129032	0.19354839	-0.01904135	0.02023048	1.00739920
0.19354839	0.19354839	-0.02531916	0.02166089	1.00739723
0.22580645	0.19354839	-0.03180770	0.02224577	1.00748637
0.25806452	0.19354839	-0.03830241	0.02206340	1.00766212
0.29032258	0.19354839	-0.04461873	0.02118567	1.00792195
0.32258065	0.19354839	-0.05058723	0.01967099	1.00826469
0.35483871	0.19354839	-0.05604925	0.01756406	1.00868960
0.38709677	0.19354839	-0.06085347	0.01490066	1.00919538
0.41935484	0.19354839	-0.06485423	0.01171575	1.00977895
0.45161290	0.19354839	-0.06791211	0.00805348	1.01043428
0.48387097	0.19354839	-0.06989714	0.00397754	1.01115122
0.51612903	0.19354839	-0.07069474	-0.00041951	1.01191460
0.54838710	0.19354839	-0.07021442	-0.00500918	1.01270364
0.58064516	0.19354839	-0.06840058	-0.00962384	1.01349210
0.61290323	0.19354839	-0.06524478	-0.01405851	1.01424906
0.64516129	0.19354839	-0.06079791	-0.01807875	1.01494085
0.67741935	0.19354839	-0.05518050	-0.02143535	1.01553371
0.70967742	0.19354839	-0.04858881	-0.02388526	1.01599738
0.74193548	0.19354839	-0.04129425	-0.02521775	1.01630874
0.77419355	0.19354839	-0.03363385	-0.02528287	1.01645519
0.80645161	0.19354839	-0.02599101	-0.02401888	1.01643675
0.83870968	0.19354839	-0.01876684	-0.02147453	1.01626646
0.87096774	0.19354839	-0.01234552	-0.01782324	1.01596863
0.90322581	0.19354839	-0.00705853	-0.01336774	1.01557523
0.93548387	0.19354839	-0.00315490	-0.00853577	1.01512093
0.96774194	0.19354839	-0.00078436	-0.00386834	1.01463768
1.00000000	0.19354839	0.00000000	0.00000000	1.01439247
0.00000000	0.22580645	0.00000000	0.00000000	1.00864047
0.03225806	0.22580645	-0.00126724	0.00752454	1.00833682
0.06451613	0.22580645	-0.00450793	0.01412730	1.00781091
0.09677419	0.22580645	-0.00924766	0.01956504	1.00743813
0.12903226	0.22580645	-0.01508552	0.02374562	1.00719960
0.16129032	0.22580645	-0.02168138	0.02668081	1.00707829
0.19354839	0.22580645	-0.02874501	0.02844400	1.00706044
0.22580645	0.22580645	-0.03602680	0.02913595	1.00713607
0.25806452	0.22580645	-0.04330939	0.02886006	1.00729893
0.29032258	0.22580645	-0.05039981	0.02770718	1.00754593
0.32258065	0.22580645	-0.05712216	0.02574910	1.00787636
0.35483871	0.22580645	-0.06331114	0.02303918	1.00829077
0.38709677	0.22580645	-0.06880704	0.01961876	1.00878970
0.41935484	0.22580645	-0.07345275	0.01552737	1.00937228
0.45161290	0.22580645	-0.07709329	0.01081532	1.01003472
0.48387097	0.22580645	-0.07957840	0.00555701	1.01076890
0.51612903	0.22580645	-0.08076849	-0.00013670	1.01156102
0.54838710	0.22580645	-0.08054408	-0.00610865	1.01239068
0.58064516	0.22580645	-0.07881848	-0.01214987	1.01323062
0.61290323	0.22580645	-0.07555306	-0.01800023	1.01404731
0.64516129	0.22580645	-0.07077375	-0.02335693	1.01480275
0.67741935	0.22580645	-0.06458645	-0.02789198	1.01545741
0.70967742	0.22580645	-0.05718864	-0.03127898	1.01597430
0.74193548	0.22580645	-0.04887332	-0.03322754	1.01632347
0.77419355	0.22580645	-0.04002225	-0.03352242	1.01648636
0.80645161	0.22580645	-0.03108581	-0.03206185	1.01645890
0.83870968	0.22580645	-0.02254992	-0.02888897	1.01625251
0.87096774	0.22580645	-0.01489303	-0.02421055	1.01589276
0.90322581	0.22580645	-0.00853999	-0.01839944	1.01541560
0.93548387	0.22580645	-0.00382145	-0.01198056	1.01486200
0.96774194	0.22580645	-0.00094735	-0.00560294	1.01427196
1.00000000	0.22580645	0.00000000	0.00000000	1.01397258
0.00000000	0.25806452	0.00000000	0.00000000	1.00834163
0.03225806	0.25806452	-0.00142572	0.00992111	1.00800026
0.06451613	0.25806452	-0.00506355	0.01836328	1.00740926
0.09677419	0.25806452	-0.01036672	0.02516842	1.00698983
0.12903226	0.25806452	-0.01687501	0.03031905	1.00671822
0.16129032	0.25806452	-0.02420417	0.03388996	1.00657263
0.19354839	0.25806452	-0.03203404	0.03600630	1.00653543
0.22580645	0.25806452	-0.04009661	0.03681013	1.00659406
0.25806452	0.25806452	-0.04816442	0.03643641	1.00674090
0.29032258	0.25806452	-0.05603952	0.03499844	1.00697266
0.32258065	0.25806452	-0.06354335	0.03258231	1.00728941
0.35483871	0.25806452	-0.07050773	0.02924893	1.00769331
0.38709677	0.25806452	-0.07676766	0.02504226	1.00818711
0.41935484	0.25806452	-0.08215636	0.02000199	1.00877256
0.45161290	0.25806452	-0.08650320	0.01417912	1.00944867
0.48387097	0.25806452	-0.08963511	0.00765273	1.01020987
0.51612903	0.25806452	-0.09138200	0.00054616	1.01104429
0.54838710	0.25806452	-0.09158673	-0.00695920	1.01193231
0.58064516	0.25806452	-0.09011969	-0.01461486	1.01284581
0.61290323	0.25806452	-0.08689770	-0.02210324	1.01374828
0.64516129	0.25806452	-0.08190587	-0.02904537	1.01459644
0.67741935	0.25806452	-0.07522013	-0.03502046	1.01534333
0.70967742	0.25806452	-0.06702666	-0.03959839	1.01594295
0.74193548	0.25806452	-0.05763342	-0.04238414	1.01635587
0.77419355	0.25806452	-0.04746845	-0.04307039	1.01655497
0.80645161	0.25806452	-0.03706072	-0.04149120	1.01652996
0.83870968	0.25806452	-0.02700190	-0.03766730	1.01628969
0.87096774	0.25806452	-0.01789226	-0.03183316	1.01586137
0.90322581	0.25806452	-0.01027901	-0.02443933	1.01528666
0.93548387	0.25806452	-0.00459862	-0.01612842	1.01461566
0.96774194	0.25806452	-0.00113501	-0.00768978	1.01389975
1.00000000	0.25806452	0.00000000	0.00000000	1.01353685
0.00000000	0.29032258	0.00000000	0.00000000	1.00783333
0.03225806	0.29032258	-0.00157664	0.01258807	1.00745576
0.06451613	0.29032258	-0.00559443	0.02306828	1.00680182
0.09677419	0.29032258	-0.01143979	0.03137649	1.00633611
0.12903226	0.29032258	-0.01859727	0.03758306	1.00603021
0.16129032	0.29032258	-0.02664137	0.04183983	1.00585783
0.19354839	0.29032258	-0.03522435	0.04433644	1.00579784
0.22580645	0.29032258	-0.04406230	0.04526631	1.00583535
0.25806452	0.29032258	-0.05292068	0.04480295	1.00596172
0.29032258	0.29032258	-0.06160028	0.04308611	1.00617374
0.32258065	0.29032258	-0.06992390	0.04021729	1.00647258
0.35483871	0.29032258	-0.07772454	0.03626348	1.00686231
0.38709677	0.29032258	-0.08483544	0.03126738	1.00734837
0.41935484	0.29032258	-0.09108258	0.02526291	1.00793574
0.45161290	0.29032258	-0.09628032	0.01829407	1.00862696
0.48387097	0.29032258	-0.10023088	0.01043581	1.00941996
0.51612903	0.29032258	-0.10272868	0.00181491	1.01030582
0.54838710	0.29032258	-0.10357027	-0.00737097	1.01126672
0.58064516	0.29032258	-0.10257054	-0.01683890	1.01227440
0.61290323	0.29032258	-0.09958544	-0.02621405	1.01328963
0.64516129	0.29032258	-0.09454026	-0.03503450	1.01426327
0.67741935	0.29032258	-0.08746102	-0.04277120	1.01513933
0.70967742	0.29032258	-0.07850469	-0.04886569	1.01586012
0.74193548	0.29032258	-0.06798187	-0.05278575	1.01637325
0.77419355	0.29032258	-0.05636421	-0.05409512	1.01663920
0.80645161	0.29032258	-0.04426908	-0.05252841	1.01663812
0.83870968	0.29032258	-0.03241714	-0.04805743	1.01637404
0.87096774	0.29032258	-0.02156452	-0.04093344	1.01587520
0.90322581	0.29032258	-0.01241946	-0.03169309	1.01519023
0.93548387	0.29032258	-0.00555983	-0.02112457	1.01438086
0.96774194	0.29032258	-0.00136889	-0.01020155	1.01351306
1.00000000	0.29032258	0.00000000	0.00000000	1.01307277
0.00000000	0.32258065	0.00000000	0.00000000	1.00709256
0.03225806	0.32258065	-0.00172278	0.01551553	1.00667980
0.06451613	0.32258065	-0.00610892	0.02822641	1.00596432
0.09677419	0.32258065	-0.01248112	0.03817125	1.00545241
0.12903226	0.32258065	-0.02027145	0.04552063	1.00511086
0.16129032	0.32258065	-0.02901551	0.05051703	1.00490891
0.19354839	0.32258065	-0.03834032	0.05342721	1.00482196
0.22580645	0.32258065	-0.04794882	0.05450645	1.00483297
0.25806452	0.32258065	-0.05760281	0.05397438	1.00493236
0.29032258	0.32258065	-0.06710578	0.05200164	1.00511720
0.32258065	0.32258065	-0.07628645	0.04870656	1.00538993
0.35483871	0.32258065	-0.08498368	0.04416047	1.00575692
0.38709677	0.32258065	-0.09303337	0.03840030	1.00622675
0.41935484	0.32258065	-0.10025783	0.03144685	1.00680835
0.45161290	0.32258065	-0.10645847	0.02332740	1.00750883
0.48387097	0.32258065	-0.11141266	0.01410109	1.00833094
0.51612903	0.32258065	-0.11487596	0.00388555	1.00927040
0.54838710	0.32258065	-0.11659121	-0.00711735	1.01031295
0.58064516	0.32258065	-0.11630575	-0.01859969	1.01143188
0.61290323	0.32258065	-0.11379760	-0.03013351	1.01258639
0.64516129	0.32258065	-0.10891052	-0.04116979	1.01372162
0.67741935	0.32258065	-0.10159582	-0.05105604	1.01477126
0.70967742	0.32258065	-0.09195629	-0.05907754	1.01566302
0.74193548	0.32258065	-0.08028453	-0.06452461	1.01632701
0.77419355	0.32258065	-0.06708494	-0.06678317	1.01670588
0.80645161	0.32258065	-0.05306767	-0.06543828	1.01676480
0.83870968	0.32258065	-0.03910510	-0.06037186	1.01649880
0.87096774	0.32258065	-0.02614909	-0.05183083	1.01593508
0.90322581	0.32258065	-0.01511940	-0.04044401	1.01512956
0.93548387	0.32258065	-0.00678596	-0.02717899	1.01415808
0.96774194	0.32258065	-0.00167241	-0.01324961	1.01310461
1.00000000	0.32258065	0.00000000	0.00000000	1.01256799
0.00000000	0.35483871	0.00000000	0.00000000	1.00609711
0.03225806	0.35483871	-0.00186592	0.01869698	1.00564977
0.06451613	0.35483871	-0.00661263	0.03382660	1.00487344
0.09677419	0.35483871	-0.01350024	0.04553901	1.00431484
0.12903226	0.35483871	-0.02190944	0.05411744	1.00393576
0.16129032	0.35483871	-0.03133825	0.05990869	1.00370072
0.19354839	0.35483871	-0.04139035	0.06326973	1.00358153
0.22580645	0.35483871	-0.05175818	0.06452879	1.00355883
0.25806452	0.35483871	-0.06220334	0.06395991	1.00362207
0.29032258	0.35483871	-0.07253640	0.06176974	1.00376855
0.32258065	0.35483871	-0.08259697	0.05809519	1.00400208
0.35483871	0.35483871	-0.09223521	0.05301039	1.00433153
0.38709677	0.35483871	-0.10129522	0.04654152	1.00476906
0.41935484	0.35483871	-0.10960086	0.03868801	1.00532834
0.45161290	0.35483871	-0.11694481	0.02944890	1.00602226
0.48387097	0.35483871	-0.12308200	0.01885329	1.00686021
0.51612903	0.35483871	-0.12772877	0.00699346	1.00784484
0.54838710	0.35483871	-0.13056999	-0.00594118	1.00896828
0.58064516	0.35483871	-0.13127584	-0.01963251	1.01020830
0.61290323	0.35483871	-0.12953055	-0.03360928	1.01152506
0.64516129	0.35483871	-0.12507366	-0.04723628	1.01285949
0.67741935	0.35483871	-0.11775285	-0.05972543	1.01413453
0.70967742	0.35483871	-0.10758401	-0.07017698	1.01526039
0.74193548	0.35483871	-0.09481004	-0.07765710	1.01614418
0.77419355	0.35483871	-0.07994468	-0.08131198	1.01670319
0.80645161	0.35483871	-0.06378420	-0.08050825	1.01687938
0.83870968	0.35483871	-0.04736995	-0.07497601	1.01665151
0.87096774	0.35483871	-0.03189272	-0.06491914	1.01604123
0.90322581	0.35483871	-0.01854696	-0.05105621	1.01511072
0.93548387	0.35483871	-0.00836455	-0.03457155	1.01395211
0.96774194	0.35483871	-0.00207109	-0.01698751	1.01267149
1.00000000	0.35483871	0.00000000	0.00000000	1.01201426
0.00000000	0.38709677	0.00000000	0.00000000	1.00482538
0.03225806	0.38709677	-0.00200714	0.02212814	1.00434369
0.06451613	0.38709677	-0.00710916	0.03986072	1.00350654
0.09677419	0.38709677	-0.01450284	0.05346805	1.00290021
0.12903226	0.38709677	-0.02351667	0.06335862	1.00248108
0.16129032	0.38709677	-0.03361100	0.06999794	1.00220862
0.19354839	0.38709677	-0.04436710	0.07384712	1.00205059
0.22580645	0.38709677	-0.05546904	0.07531943	1.00198500
0.25806452	0.38709677	-0.06668163	0.07475260	1.00199998
0.29032258	0.38709677	-0.07782685	0.07239526	1.00209279
0.32258065	0.38709677	-0.08876057	0.06840536	1.00226848
0.35483871	0.38709677	-0.09935036	0.06285872	1.00253836
0.38709677	0.38709677	-0.10945522	0.05576594	1.00291849
0.41935484	0.38709677	-0.11890753	0.04709644	1.00342796
0.45161290	0.38709677	-0.12749813	0.03680854	1.00408676
0.48387097	0.38709677	-0.13496550	0.02488505	1.00491306
0.51612903	0.38709677	-0.14099092	0.01137354	1.00591948
0.54838710	0.38709677	-0.14520197	-0.00357029	1.00710844
0.58064516	0.38709677	-0.14718733	-0.01963913	1.00846673
0.61290323	0.38709677	-0.14652582	-0.03633569	1.00996003
0.64516129	0.38709677	-0.14283211	-0.05294750	1.01152860
0.67741935	0.38709677	-0.13581954	-0.06854569	1.01308603
0.70967742	0.38709677	-0.12537748	-0.08202034	1.01452300
0.74193548	0.38709677	-0.11165466	-0.09216394	1.01571754
0.77419355	0.38709677	-0.09513334	-0.09780902	1.01655170
0.80645161	0.38709677	-0.07667083	-0.09801301	1.01693214
0.83870968	0.38709677	-0.05748114	-0.09226333	1.01680969
0.87096774	0.38709677	-0.03903458	-0.08065382	1.01619189
0.90322581	0.38709677	-0.02287499	-0.06397218	1.01514366
0.93548387	0.38709677	-0.01038904	-0.04365485	1.01377498
0.96774194	0.38709677	-0.00259286	-0.02161416	1.01221909
1.00000000	0.38709677	0.00000000	0.00000000	1.01141166
0.00000000	0.41935484	0.00000000	0.00000000	1.00325631
0.03225806	0.41935484	-0.00214734	0.02580613	1.00274019
0.06451613	0.41935484	-0.00760142	0.04632229	1.00184165
0.09677419	0.41935484	-0.01549287	0.06194652	1.00118606
0.12903226	0.41935484	-0.02509477	0.07322558	1.00072397
0.16129032	0.41935484	-0.03582771	0.08075910	1.00040919
0.19354839	0.41935484	-0.04725016	0.08512776	1.00020483
0.22580645	0.41935484	-0.05903918	0.08684331	1.00008555
0.25806452	0.41935484	-0.07096560	0.08631771	1.00003755
0.29032258	0.41935484	-0.08286705	0.08384867	1.00005748
0.32258065	0.41935484	-0.09462099	0.07961869	1.00015112
0.35483871	0.41935484	-0.10611890	0.07370503	1.00033189
0.38709677	0.41935484	-0.11724229	0.06609868	1.00061970
0.41935484	0.41935484	-0.12784082	0.05673092	1.00103950
0.45161290	0.41935484	-0.13771320	0.04550687	1.00161962
0.48387097	0.41935484	-0.14659169	0.03234607	1.00238920
0.51612903	0.41935484	-0.15413235	0.01722992	1.00337441
0.54838710	0.41935484	-0.15991349	0.00025523	1.00459302
0.58064516	0.41935484	-0.16344606	-0.01830866	1.00604716
0.61290323	0.41935484	-0.16420007	-0.03796450	1.00771510
0.64516129	0.41935484	-0.16165120	-0.05794257	1.00954303
0.67741935	0.41935484	-0.15535048	-0.07718006	1.01143960
0.70967742	0.41935484	-0.14501719	-0.09434186	1.01327620
0.74193548	0.41935484	-0.13064905	-0.10790123	1.01489617
0.77419355	0.41935484	-0.11263472	-0.11629580	1.01613446
0.80645161	0.41935484	-0.09184044	-0.11816044	1.01684576
0.83870968	0.41935484	-0.06963114	-0.11261226	1.01693506
0.87096774	0.41935484	-0.04778377	-0.09952528	1.01638100
0.90322581	0.41935484	-0.02827251	-0.07970175	1.01524322
0.93548387	0.41935484	-0.01295728	-0.05485367	1.01364949
0.96774194	0.41935484	-0.00326839	-0.02737654	1.01176607
1.00000000	0.41935484	0.00000000	0.00000000	1.01077399
0.00000000	0.45161290	0.00000000	0.00000000	1.00136954
0.03225806	0.45161290	-0.00228785	0.02972955	1.00081852
0.06451613	0.45161290	-0.00809357	0.05320624	0.99985741
0.09677419	0.45161290	-0.01647577	0.07096139	0.99915080
0.12903226	0.45161290	-0.02664578	0.08369345	0.99864299
0.16129032	0.45161290	-0.03797981	0.09215331	0.99828128
0.19354839	0.45161290	-0.05001138	0.09705858	0.99802315
0.22580645	0.45161290	-0.06241078	0.09903486	0.99783891
0.25806452	0.45161290	-0.07495704	0.09858046	0.99771181
0.29032258	0.45161290	-0.08750715	0.09605064	0.99763694
0.32258065	0.45161290	-0.09996519	0.09165720	0.99761985
0.35483871	0.45161290	-0.11225299	0.08548000	0.99767536
0.38709677	0.45161290	-0.12428269	0.07748786	0.99782666
0.41935484	0.45161290	-0.13593132	0.06756735	0.99810455
0.45161290	0.45161290	-0.14701781	0.05555940	0.99854645
0.48387097	0.45161290	-0.15728287	0.04130420	0.99919455
0.51612903	0.45161290	-0.16637374	0.02469534	1.00009233
0.54838710	0.45161290	-0.17383632	0.00574341	1.00127868
0.58064516	0.45161290	-0.17911872	-0.01535255	1.00277917
0.61290323	0.45161290	-0.18159123	-0.03813055	1.00459445
0.64516129	0.45161290	-0.18058863	-0.06179708	1.00668709
0.67741935	0.45161290	-0.17548075	-0.08517970	1.00896973
0.70967742	0.45161290	-0.16577560	-0.10672177	1.01129896
0.74193548	0.45161290	-0.15125446	-0.12454640	1.01348040
0.77419355	0.45161290	-0.13212796	-0.13661762	1.01528938
0.80645161	0.45161290	-0.10918413	-0.14101657	1.01650739
0.83870968	0.45161290	-0.08387694	-0.13631999	1.01696756
0.87096774	0.45161290	-0.05828610	-0.12201245	1.01659564
0.90322581	0.45161290	-0.03489112	-0.09879867	1.01543046
0.93548387	0.45161290	-0.01616858	-0.06865897	1.01361380
0.96774194	0.45161290	-0.00413141	-0.03457143	1.01135101
1.00000000	0.45161290	0.00000000	0.00000000	1.01013611
0.00000000	0.48387097	0.00000000	0.00000000	0.99914538
0.03225806	0.48387097	-0.00243136	0.03389970	0.99855835
0.06451613	0.48387097	-0.00859371	0.06051020	0.99753273
0.09677419	0.48387097	-0.01746305	0.08049872	0.99677362
0.12903226	0.48387097	-0.02817825	0.09472961	0.99621851
0.16129032	0.48387097	-0.04006326	0.10412470	0.99580707
0.19354839	0.48387097	-0.05262254	0.10955873	0.99548971
0.22580645	0.48387097	-0.06551868	0.11178896	0.99523091
0.25806452	0.48387097	-0.07854038	0.11141407	0.99500951
0.29032258	0.48387097	-0.09156712	0.10885681	0.99481763
0.32258065	0.48387097	-0.10453411	0.10436453	0.99465926
0.35483871	0.48387097	-0.11739949	0.09802252	0.99454927
0.38709677	0.48387097	-0.13011400	0.08977701	0.99451305
0.41935484	0.48387097	-0.14259284	0.07946603	0.99458654
0.45161290	0.48387097	-0.15468946	0.06685841	0.99481636
0.48387097	0.48387097	-0.16617156	0.05170200	0.99525913
0.51612903	0.48387097	-0.17670044	0.03378337	0.99597900
0.54838710	0.48387097	-0.18581600	0.01300021	0.99704200
0.58064516	0.48387097	-0.19293135	-0.01055375	0.99850624
0.61290323	0.48387097	-0.19734226	-0.03649459	1.00040705
0.64516129	0.48387097	-0.19825867	-0.06405304	1.00273793
0.67741935	0.48387097	-0.19486746	-0.09199309	1.00543017
0.70967742	0.48387097	-0.18643594	-0.11856815	1.00833657
0.74193548	0.48387097	-0.17246381	-0.14154887	1.01122772
0.77419355	0.48387097	-0.15288151	-0.15836612	1.01380926
0.80645161	0.48387097	-0.12827276	-0.16641146	1.01576509
0.83870968	0.48387097	-0.10006314	-0.16351029	1.01682156
0.87096774	0.48387097	-0.07057632	-0.14851109	1.01681489
0.90322581	0.48387097	-0.04284359	-0.12181926	1.01573560
0.93548387	0.48387097	-0.02011822	-0.08561338	1.01372826
0.96774194	0.48387097	-0.00521863	-0.04354512	1.01104192
1.00000000	0.48387097	0.00000000	0.00000000	1.00956438
0.00000000	0.51612903	0.00000000	0.00000000	0.99656438
0.03225806	0.51612903	-0.00258323	0.03832325	0.99593923
0.06451613	0.51612903	-0.00911756	0.06823792	0.99484611
0.09677419	0.51612903	-0.01847844	0.09054592	0.99403402
0.12903226	0.51612903	-0.02971522	0.10629366	0.99343292
0.16129032	0.51612903	-0.04208774	0.11659759	0.99297319
0.19354839	0.51612903	-0.05506523	0.12251400	0.99259609
0.22580645	0.51612903	-0.06830095	0.12495270	0.99225815
0.25806452	0.51612903	-0.08159447	0.12462890	0.99193182
0.29032258	0.51612903	-0.09485058	0.12204436	0.99160438
0.32258065	0.51612903	-0.10803956	0.11748957	0.99127646
0.35483871	0.51612903	-0.12116114	0.11105989	0.99096121
0.38709677	0.51612903	-0.13421200	0.10268120	0.99068448
0.41935484	0.51612903	-0.14715601	0.09214280	0.99048590
0.45161290	0.51612903	-0.15989633	0.07913813	0.99042048
0.48387097	0.51612903	-0.17224868	0.06331518	0.99055963
0.51612903	0.51612903	-0.18391631	0.04433977	0.99099052
0.54838710	0.51612903	-0.19446812	0.02197433	0.99181156
0.58064516	0.51612903	-0.20332291	-0.00382629	0.99312246
0.61290323	0.51612903	-0.20974482	-0.03280323	0.99500678
0.64516129	0.51612903	-0.21285739	-0.06427188	0.99750689
0.67741935	0.51612903	-0.21168795	-0.09700243	1.00059328
0.70967742	0.51612903	-0.20525735	-0.12912542	1.00413447
0.74193548	0.51612903	-0.19273299	-0.15810083	1.00787807
0.77419355	0.51612903	-0.17365825	-0.18080867	1.01145731
0.80645161	0.51612903	-0.14825222	-0.19383493	1.01443537
0.83870968	0.51612903	-0.11772871	-0.19401642	1.01638910
0.87096774	0.51612903	-0.08451339	-0.17923200	1.01701308
0.90322581	0.51612903	-0.05217153	-0.14925676	1.01620438
0.93548387	0.51612903	-0.02488782	-0.10628392	1.01408605
0.96774194	0.51612903	-0.00656907	-0.05468964	1.01095024
1.00000000	0.51612903	0.00000000	0.00000000	1.00917200
0.00000000	0.54838710	0.00000000	0.00000000	0.99360614
0.03225806	0.54838710	-0.00275321	0.04301725	0.99293905
0.06451613	0.54838710	-0.00969360	0.07640541	0.99177396
0.09677419	0.54838710	-0.01956597	0.10109637	0.99091062
0.12903226	0.54838710	-0.03130423	0.11833891	0.99027038
0.16129032	0.54838710	-0.04408746	0.12947470	0.98977172
0.19354839	0.54838710	-0.05734207	0.13577194	0.98934361
0.22580645	0.54838710	-0.07071061	0.13831820	0.98893166
0.25806452	0.54838710	-0.08400563	0.13796369	0.98849936
0.29032258	0.54838710	-0.09716067	0.13530190	0.98802683
0.32258065	0.54838710	-0.11018504	0.13067509	0.98750922
0.35483871	0.54838710	-0.12312470	0.12419495	0.98695580
0.38709677	0.54838710	-0.13602853	0.11577187	0.98639074
0.41935484	0.54838710	-0.14891856	0.10515037	0.98585528
0.45161290	0.54838710	-0.16176208	0.09195108	0.98541105
0.48387097	0.54838710	-0.17444422	0.07572198	0.98514345
0.51612903	0.54838710	-0.18674038	0.05600281	0.98516340
0.54838710	0.54838710	-0.19828875	0.03240682	0.98560521
0.58064516	0.54838710	-0.20856447	0.00472296	0.98661764
0.61290323	0.54838710	-0.21685891	-0.02696011	0.98834531
0.64516129	0.54838710	-0.22227108	-0.06210990	0.99089850
0.67741935	0.54838710	-0.22372296	-0.09959313	0.99431197
0.70967742	0.54838710	-0.22001872	-0.13752310	0.99849801
0.74193548	0.54838710	-0.20997590	-0.17314795	1.00320595
0.77419355	0.54838710	-0.19266128	-0.20284689	1.00800737
0.80645161	0.54838710	-0.16775318	-0.22234099	1.01233028
0.83870968	0.54838710	-0.13600650	-0.22724911	1.01555689
0.87096774	0.54838710	-0.09969901	-0.21406826	1.01717220
0.90322581	0.54838710	-0.06279965	-0.18144482	1.01691114
0.93548387	0.54838710	-0.03053003	-0.13121583	1.01482977
0.96774194	0.54838710	-0.00822240	-0.06843293	1.01125137
1.00000000	0.54838710	0.00000000	0.00000000	1.00914120
0.00000000	0.58064516	0.00000000	0.00000000	0.99024668
0.03225806	0.58064516	-0.00295814	0.04801685	0.98953117
0.06451613	0.58064516	-0.01037003	0.08505068	0.98828750
0.09677419	0.58064516	-0.02080044	0.11215655	0.98737887
0.12903226	0.58064516	-0.03302920	0.13081514	0.98671593
0.16129032	0.58064516	-0.04613281	0.14263543	0.98620087
0.19354839	0.58064516	-0.05948721	0.14913714	0.98574557
0.22580645	0.58064516	-0.07272552	0.15161626	0.98528055
0.25806452	0.58064516	-0.08567834	0.15107896	0.98475698
0.29032258	0.58064516	-0.09831376	0.14822377	0.98414527
0.32258065	0.58064516	-0.11068527	0.14345359	0.98343277
0.35483871	0.58064516	-0.12288966	0.13690337	0.98262275
0.38709677	0.58064516	-0.13503334	0.12847507	0.98173545
0.41935484	0.58064516	-0.14720408	0.11787636	0.98081134
0.45161290	0.58064516	-0.15944541	0.10466378	0.97991640
0.48387097	0.58064516	-0.17173089	0.08829348	0.97914805
0.51612903	0.58064516	-0.18393659	0.06818431	0.97864007
0.54838710	0.58064516	-0.19581047	0.04379842	0.97856364
0.58064516	0.58064516	-0.20693839	0.01474387	0.97912097
0.61290323	0.58064516	-0.21670799	-0.01909661	0.98052733
0.64516129	0.58064516	-0.22427478	-0.05740783	0.98297778
0.67741935	0.58064516	-0.22854096	-0.09925478	0.98659701
0.70967742	0.58064516	-0.22816770	-0.14287248	0.99137522
0.74193548	0.58064516	-0.22165719	-0.18545827	0.99710102
0.77419355	0.58064516	-0.20755726	-0.22303137	1.00331411
0.80645161	0.58064516	-0.18484769	-0.25048970	1.00931176
0.83870968	0.58064516	-0.15353682	-0.26207059	1.01424471
0.87096774	0.58064516	-0.11538766	-0.25243884	1.01730967
0.90322581	0.58064516	-0.07447647	-0.21842574	1.01798295
0.93548387	0.58064516	-0.03704653	-0.16086116	1.01617720
0.96774194	0.58064516	-0.01021608	-0.08521966	1.01221403
1.00000000	0.58064516	0.00000000	0.00000000	1.00975451
0.00000000	0.61290323	0.00000000	0.00000000	0.98645348
0.03225806	0.61290323	-0.00322596	0.05338728	0.98567893
0.06451613	0.61290323	-0.01122488	0.09424771	0.98434740
0.09677419	0.61290323	-0.02230106	0.12375553	0.98340715
0.12903226	0.61290323	-0.03502395	0.14367127	0.98275370
0.16129032	0.61290323	-0.04834085	0.15593271	0.98226538
0.19354839	0.61290323	-0.06157291	0.16236464	0.98182944
0.22580645	0.61290323	-0.07435156	0.16450933	0.98135531
0.25806452	0.61290323	-0.08653710	0.16355193	0.98077781
0.29032258	0.61290323	-0.09814292	0.16030882	0.98005485
0.32258065	0.61290323	-0.10927489	0.15525099	0.97916406
0.35483871	0.61290323	-0.12008643	0.14854302	0.97810097
0.38709677	0.61290323	-0.13074608	0.14008629	0.97688010
0.41935484	0.61290323	-0.14141275	0.12956244	0.97553921
0.45161290	0.61290323	-0.15221452	0.11647789	0.97414635
0.48387097	0.61290323	-0.16322725	0.10021316	0.97280859
0.51612903	0.61290323	-0.17444999	0.08008239	0.97168032
0.54838710	0.61290323	-0.18577467	0.05540862	0.97096814
0.58064516	0.61290323	-0.19694768	0.02562048	0.97092815
0.61290323	0.61290323	-0.20752189	-0.00962371	0.97185051
0.64516129	0.61290323	-0.21679974	-0.05027692	0.97402601
0.67741935	0.61290323	-0.22377322	-0.09570020	0.97769034
0.70967742	0.61290323	-0.22707848	-0.14440686	0.98294562
0.74193548	0.61290323	-0.22500247	-0.19375839	0.98966615
0.77419355	0.61290323	-0.21560996	-0.23965639	0.99740961
0.80645161	0.61290323	-0.19709019	-0.27636142	1.00537558
0.83870968	0.61290323	-0.16842664	-0.29670913	1.01247068
0.87096774	0.61290323	-0.13040533	-0.29312860	1.01752697
0.90322581	0.61290323	-0.08670652	-0.25978594	1.01963931
0.93548387	0.61290323	-0.04436018	-0.19547621	1.01845975
0.96774194	0.61290323	-0.01258211	-0.10547944	1.01424148
1.00000000	0.61290323	0.00000000	0.00000000	1.01143790
0.00000000	0.64516129	0.00000000	0.00000000	0.98217653
0.03225806	0.64516129	-0.00360225	0.05924173	0.98132629
0.06451613	0.64516129	-0.01238084	0.10412578	0.97989483
0.09677419	0.64516129	-0.02424910	0.13595561	0.97895052
0.12903226	0.64516129	-0.03748592	0.15685492	0.97836424
0.16129032	0.64516129	-0.05088072	0.16918438	0.97797690
0.19354839	0.64516129	-0.06370528	0.17514784	0.97763908
0.22580645	0.64516129	-0.07561006	0.17658044	0.97723090
0.25806452	0.64516129	-0.08650831	0.17487031	0.97666599
0.29032258	0.64516129	-0.09647809	0.17096156	0.97588738
0.32258065	0.64516129	-0.10569111	0.16539711	0.97486186
0.35483871	0.64516129	-0.11436568	0.15837457	0.97357661
0.38709677	0.64516129	-0.12273705	0.14980138	0.97203986
0.41935484	0.64516129	-0.13103825	0.13934479	0.97028583
0.45161290	0.64516129	-0.13948539	0.12647828	0.96838340
0.48387097	0.64516129	-0.14826296	0.11052896	0.96644742
0.51612903	0.64516129	-0.15750512	0.09073174	0.96465034
0.54838710	0.64516129	-0.16726937	0.06629611	0.96323105
0.58064516	0.64516129	-0.17749868	0.03649110	0.96249639
0.61290323	0.64516129	-0.18796801	0.00075546	0.96280973
0.64516129	0.64516129	-0.19821134	-0.04115649	0.96455999
0.67741935	0.64516129	-0.20742877	-0.08897603	0.96810508
0.70967742	0.64516129	-0.21438227	-0.14164322	0.97368496
0.74193548	0.64516129	-0.21731023	-0.19692678	0.98130539
0.77419355	0.64516129	-0.21393140	-0.25094364	0.99060616
0.80645161	0.64516129	-0.20166955	-0.29767301	1.00075433
0.83870968	0.64516129	-0.17828800	-0.32875543	1.01044090
0.87096774	0.64516129	-0.14310260	-0.33415895	1.01808148
0.90322581	0.64516129	-0.09868405	-0.30447088	1.02225143
0.93548387	0.64516129	-0.05228417	-0.23498556	1.02217733
0.96774194	0.64516129	-0.01534537	-0.12957983	1.01792796
1.00000000	0.64516129	0.00000000	0.00000000	1.01481886
0.00000000	0.67741935	0.00000000	0.00000000	0.97733238
0.03225806	0.67741935	-0.00416155	0.06576811	0.97638139
0.06451613	0.67741935	-0.01402780	0.11489455	0.97483682
0.09677419	0.67741935	-0.02690985	0.14886061	0.97394151
0.12903226	0.67741935	-0.04068579	0.17030288	0.97352112
0.16129032	0.67741935	-0.05396467	0.18215206	0.97335480
0.19354839	0.67741935	-0.06599589	0.18709398	0.97323769
0.22580645	0.67741935	-0.07649279	0.18731236	0.97300956
0.25806452	0.67741935	-0.08546319	0.18441996	0.97255797
0.29032258	0.67741935	-0.09308159	0.17949161	0.97180986
0.32258065	0.67741935	-0.09960643	0.17313858	0.97072182
0.35483871	0.67741935	-0.10533254	0.16558897	0.96927402
0.38709677	0.67741935	-0.11056676	0.15675886	0.96746983
0.41935484	0.67741935	-0.11561652	0.14631078	0.96534109
0.45161290	0.67741935	-0.12078380	0.13370260	0.96295820
0.48387097	0.67741935	-0.12635905	0.11823290	0.96044354
0.51612903	0.67741935	-0.13261080	0.09908881	0.95798608
0.54838710	0.67741935	-0.13976669	0.07540219	0.95585376
0.58064516	0.67741935	-0.14798134	0.04631913	0.95439906
0.61290323	0.67741935	-0.15728497	0.01108895	0.95405205
0.64516129	0.67741935	-0.16750555	-0.03081616	0.95529386
0.67741935	0.67741935	-0.17815651	-0.07952926	0.95860338
0.70967742	0.67741935	-0.18828594	-0.13452539	0.96436931
0.74193548	0.67741935	-0.19629956	-0.19420925	0.97276211
0.77419355	0.67741935	-0.19981177	-0.25529705	0.98356797
0.80645161	0.67741935	-0.19566364	-0.31200481	0.99601139
0.83870968	0.67741935	-0.18037114	-0.35527607	1.00864720
0.87096774	0.67741935	-0.15136432	-0.37273255	1.01947478
0.90322581	0.67741935	-0.10924063	-0.35060436	1.02642054
0.93548387	0.67741935	-0.06049158	-0.27881487	1.02807324
0.96774194	0.67741935	-0.01852764	-0.15776360	1.02413511
1.00000000	0.67741935	0.00000000	0.00000000	1.02080458
0.00000000	0.70967742	0.00000000	0.00000000	0.97177497
0.03225806	0.70967742	-0.00502756	0.07326952	0.97068756
0.06451613	0.70967742	-0.01645712	0.12687407	0.96902242
0.09677419	0.70967742	-0.03065637	0.16261360	0.96827714
0.12903226	0.70967742	-0.04496118	0.18390974	0.96818802
0.16129032	0.70967742	-0.05780406	0.19449448	0.96842927
0.19354839	0.70967742	-0.06848201	0.19767596	0.96871256
0.22580645	0.70967742	-0.07685294	0.19604775	0.96882425
0.25806452	0.70967742	-0.08308713	0.19145911	0.96862253
0.29032258	0.70967742	-0.08750298	0.18510480	0.96801997
0.32258065	0.70967742	-0.09047453	0.17764806	0.96696664
0.35483871	0.70967742	-0.09238765	0.16933490	0.96544000
0.38709677	0.70967742	-0.09362489	0.16008537	0.96344283
0.41935484	0.70967742	-0.09456477	0.14956183	0.96100850
0.45161290	0.70967742	-0.09558644	0.13722081	0.95821216
0.48387097	0.70967742	-0.09707395	0.12235596	0.95518603
0.51612903	0.70967742	-0.09941579	0.10413940	0.95213625
0.54838710	0.70967742	-0.10299580	0.08166666	0.94935809
0.58064516	0.70967742	-0.10817089	0.05400938	0.94724490
0.61290323	0.70967742	-0.11522925	0.02027967	0.94628511
0.64516129	0.70967742	-0.12431970	-0.02028494	0.94704077
0.67741935	0.70967742	-0.13533874	-0.06819564	0.95009984
0.70967742	0.70967742	-0.14775817	-0.12350017	0.95599367
0.74193548	0.70967742	-0.16037992	-0.18540093	0.96506919
0.77419355	0.70967742	-0.17103534	-0.25157955	0.97730597
0.80645161	0.70967742	-0.17633590	-0.31711363	0.99208118
0.83870968	0.70967742	-0.17176744	-0.37305475	1.00793847
0.87096774	0.70967742	-0.15267610	-0.40528945	1.02253627
0.90322581	0.70967742	-0.11681069	-0.39534361	1.03306688
0.93548387	0.70967742	-0.06848451	-0.32569854	1.03723069
0.96774194	0.70967742	-0.02216288	-0.19007139	1.03409678
1.00000000	0.70967742	0.00000000	0.00000000	1.03069048
0.00000000	0.74193548	0.00000000	0.00000000	0.96524022
0.03225806	0.74193548	-0.00641049	0.08222524	0.96397064
0.06451613	0.74193548	-0.02011137	0.14052336	0.96220410
0.09677419	0.74193548	-0.03598167	0.17736466	0.96180235
0.12903226	0.74193548	-0.05066121	0.19745057	0.96231894
0.16129032	0.74193548	-0.06248157	0.20567288	0.96324931
0.19354839	0.74193548	-0.07093696	0.20614286	0.96418377
0.22580645	0.74193548	-0.07616919	0.20191748	0.96484379
0.25806452	0.74193548	-0.07861227	0.19507000	0.96506039
0.29032258	0.74193548	-0.07879164	0.18687902	0.96473921
0.32258065	0.74193548	-0.07723080	0.17802325	0.96383257
0.35483871	0.74193548	-0.07442023	0.16873933	0.96232365
0.38709677	0.74193548	-0.07081806	0.15893598	0.96022238
0.41935484	0.74193548	-0.06686422	0.14827233	0.95757073
0.45161290	0.74193548	-0.06299825	0.13621179	0.95445480
0.48387097	0.74193548	-0.05967516	0.12206226	0.95102168
0.51612903	0.74193548	-0.05737598	0.10501065	0.94749808
0.54838710	0.74193548	-0.05660979	0.08415729	0.94420753
0.58064516	0.74193548	-0.05790380	0.05855259	0.94158171
0.61290323	0.74193548	-0.06177601	0.02723776	0.94016057
0.64516129	0.74193548	-0.06868188	-0.01070666	0.94057509
0.67741935	0.74193548	-0.07891950	-0.05609078	0.94350571
0.70967742	0.74193548	-0.09246719	-0.10948420	0.94960831
0.74193548	0.74193548	-0.10871523	-0.17093207	0.95939616
0.77419355	0.74193548	-0.12605680	-0.23934107	0.97306025
0.80645161	0.74193548	-0.14136696	-0.31127270	0.99020631
0.83870968	0.74193548	-0.14960604	-0.37893586	1.00951485
0.87096774	0.74193548	-0.14420464	-0.42768929	1.02846185
0.90322581	0.74193548	-0.11939136	-0.43479594	1.04350587
0.93548387	0.74193548	-0.07554505	-0.37346267	1.05118865
0.96774194	0.74193548	-0.02632692	-0.22624810	1.04956795
1.00000000	0.74193548	0.00000000	0.00000000	1.04632204
0.00000000	0.77419355	0.00000000	0.00000000	0.95723462
0.03225806	0.77419355	-0.00867665	0.09338089	0.95573938
0.06451613	0.77419355	-0.02564431	0.15644525	0.95397570
0.09677419	0.77419355	-0.04345108	0.19316343	0.95429291
0.12903226	0.77419355	-0.05795316	0.21040964	0.95586838
0.16129032	0.77419355	-0.06762511	0.21477023	0.95790170
0.19354839	0.77419355	-0.07244577	0.21136359	0.95982089
0.22580645	0.77419355	-0.07305928	0.20372306	0.96128256
0.25806452	0.77419355	-0.07029799	0.19408156	0.96210556
0.29032258	0.77419355	-0.06496439	0.18372333	0.96220633
0.32258065	0.77419355	-0.05775926	0.17327664	0.96155558
0.35483871	0.77419355	-0.04928021	0.16292216	0.96015606
0.38709677	0.77419355	-0.04004845	0.15252936	0.95803665
0.41935484	0.77419355	-0.03054357	0.14174203	0.95525799
0.45161290	0.77419355	-0.02123710	0.13003176	0.95192594
0.48387097	0.77419355	-0.01262117	0.11673369	0.94820985
0.51612903	0.77419355	-0.00523018	0.10107403	0.94436265
0.54838710	0.77419355	0.00034604	0.08219450	0.94073958
0.58064516	0.77419355	0.00345945	0.05917560	0.93781110
0.61290323	0.77419355	0.00341494	0.03105775	0.93616517
0.64516129	0.77419355	-0.00049876	-0.00314144	0.93649331
0.67741935	0.77419355	-0.00894520	-0.04441031	0.93955425
0.70967742	0.77419355	-0.02241642	-0.09370443	0.94610845
0.74193548	0.77419355	-0.04099674	-0.15181131	0.95681386
0.77419355	0.77419355	-0.06392975	-0.21892780	0.97206470
0.80645161	0.77419355	-0.08890489	-0.29356438	0.99173668
0.83870968	0.77419355	-0.11113345	-0.37021705	1.01478817
0.87096774	0.77419355	-0.12279670	-0.43550412	1.03874531
0.90322581	0.77419355	-0.11442055	-0.46400319	1.05946332
0.93548387	0.77419355	-0.08060736	-0.41876296	1.07206405
0.96774194	0.77419355	-0.03116561	-0.26561643	1.07304654
1.00000000	0.77419355	0.00000000	0.00000000	1.07035711
0.00000000	0.80645161	0.00000000	0.00000000	0.94679724
0.03225806	0.80645161	-0.01247362	0.10786954	0.94508973
0.06451613	0.80645161	-0.03394108	0.17529779	0.94367762
0.09677419	0.80645161	-0.05343783	0.20967352	0.94545111
0.12903226	0.80645161	-0.06625736	0.22162460	0.94882718
0.16129032	0.80645161	-0.07161869	0.22016549	0.95255220
0.19354839	0.80645161	-0.07048772	0.21157702	0.95587523
0.22580645	0.80645161	-0.06431316	0.19976970	0.95842033
0.25806452	0.80645161	-0.05446867	0.18697511	0.96003347
0.29032258	0.80645161	-0.04207929	0.17434029	0.96067565
0.32258065	0.80645161	-0.02801734	0.16233908	0.96036236
0.35483871	0.80645161	-0.01295770	0.15102852	0.95913612
0.38709677	0.80645161	0.00255518	0.14019934	0.95706043
0.41935484	0.80645161	0.01804571	0.12946098	0.95422720
0.45161290	0.80645161	0.03305562	0.11828941	0.95077225
0.48387097	0.80645161	0.04710274	0.10605534	0.94689552
0.51612903	0.80645161	0.05964913	0.09204345	0.94288271
0.54838710	0.80645161	0.07007829	0.07546767	0.93912521
0.58064516	0.80645161	0.07768140	0.05548369	0.93613444
0.61290323	0.80645161	0.08165377	0.03119599	0.93454592
0.64516129	0.80645161	0.08110404	0.00165349	0.93510817
0.67741935	0.80645161	0.07508367	-0.03417311	0.93865096
0.70967742	0.80645161	0.06265639	-0.07743265	0.94602758
0.74193548	0.80645161	0.04305628	-0.12941872	0.95802417
0.77419355	0.80645161	0.01604167	-0.19143291	0.97522305
0.80645161	0.80645161	-0.01736735	-0.26406899	0.99778450
0.83870968	0.80645161	-0.05357861	-0.34504404	1.02506083
0.87096774	0.80645161	-0.08476617	-0.42440218	1.05492033
0.90322581	0.80645161	-0.09841719	-0.47698526	1.08293721
0.93548387	0.80645161	-0.08189750	-0.45671759	1.10263374
0.96774194	0.80645161	-0.03684022	-0.30685544	1.10810892
1.00000000	0.80645161	0.00000000	0.00000000	1.10671474
0.00000000	0.83870968	0.00000000	0.00000000	0.93195736
0.03225806	0.83870968	-0.01892135	0.12732197	0.93030911
0.06451613	0.83870968	-0.04585844	0.19740945	0.93027608
0.09677419	0.83870968	-0.06515084	0.22547971	0.93495743
0.12903226	0.83870968	-0.07270870	0.22859051	0.94131973
0.16129032	0.83870968	-0.06977048	0.21900059	0.94753380
0.19354839	0.83870968	-0.05904297	0.20405805	0.95274572
0.22580645	0.83870968	-0.04308617	0.18770400	0.95664570
0.25806452	0.83870968	-0.02386858	0.17184769	0.95918602
0.29032258	0.83870968	-0.00277917	0.15727201	0.96042884
0.32258065	0.83870968	0.01923331	0.14415506	0.96047341
0.35483871	0.83870968	0.04151457	0.13234964	0.95942868
0.38709677	0.83870968	0.06358539	0.12152596	0.95741127
0.41935484	0.83870968	0.08505118	0.11124160	0.95455745
0.45161290	0.83870968	0.10553444	0.10097473	0.95104260
0.48387097	0.83870968	0.12462406	0.09014018	0.94710420
0.51612903	0.83870968	0.14183698	0.07809849	0.94306554
0.54838710	0.83870968	0.15658932	0.06416224	0.93935708
0.58064516	0.83870968	0.16817543	0.04760013	0.93653234
0.61290323	0.83870968	0.17575391	0.02763513	0.93527408
0.64516129	0.83870968	0.17834022	0.00342867	0.93638668
0.67741935	0.83870968	0.17480736	-0.02596265	0.94076997
0.70967742	0.83870968	0.16390244	-0.06167703	0.94937019
0.74193548	0.83870968	0.14430795	-0.10519658	0.96310361
0.77419355	0.83870968	0.11483513	-0.15850417	0.98274526
0.80645161	0.83870968	0.07497252	-0.22394409	1.00876052
0.83870968	0.83870968	0.02622254	-0.30281822	1.04099888
0.87096774	0.83870968	-0.02534861	-0.39066552	1.07801867
0.90322581	0.83870968	-0.06612674	-0.46687185	1.11574148
0.93548387	0.83870968	-0.07599813	-0.48033992	1.14623675
0.96774194	0.83870968	-0.04313320	-0.34751391	1.15988553
1.00000000	0.83870968	0.00000000	0.00000000	1.16134700
0.00000000	0.87096774	0.00000000	0.00000000	0.90842159
0.03225806	0.87096774	-0.02967742	0.15372798	0.90806962
0.06451613	0.87096774	-0.06066980	0.22152728	0.91230898
0.09677419	0.87096774	-0.07346370	0.23652378	0.92269811
0.12903226	0.87096774	-0.06821010	0.22624424	0.93384760
0.16129032	0.87096774	-0.05035293	0.20649976	0.94354339
0.19354839	0.87096774	-0.02504757	0.18489271	0.95112055
0.22580645	0.87096774	0.00407175	0.16459530	0.95654909
0.25806452	0.87096774	0.03472604	0.14666812	0.96002762
0.29032258	0.87096774	0.06557183	0.13123841	0.96180658
0.32258065	0.87096774	0.09584523	0.11804534	0.96212093
0.35483871	0.87096774	0.12511388	0.10667645	0.96117605
0.38709677	0.87096774	0.15311412	0.09666273	0.95915877
0.41935484	0.87096774	0.17964430	0.08751193	0.95625930
0.45161290	0.87096774	0.20449313	0.07871653	0.95269763
0.48387097	0.87096774	0.22738924	0.06975281	0.94875089
0.51612903	0.87096774	0.24796405	0.06007820	0.94477982
0.54838710	0.87096774	0.26572341	0.04912923	0.94125200
0.58064516	0.87096774	0.28002539	0.03631911	0.93875950
0.61290323	0.87096774	0.29006216	0.02103120	0.93802797
0.64516129	0.87096774	0.29484373	0.00260005	0.93991372
0.67741935	0.87096774	0.29318059	-0.01973532	0.94538572
0.70967742	0.87096774	0.28366228	-0.04693322	0.95548954
0.74193548	0.87096774	0.26463518	-0.08035140	0.97129118
0.77419355	0.87096774	0.23421456	-0.12209746	0.99379773
0.80645161	0.87096774	0.19048400	-0.17545639	1.02384652
0.83870968	0.87096774	0.13236550	-0.24472290	1.06191967
0.87096774	0.87096774	0.06222398	-0.33205288	1.10767665
0.90322581	0.87096774	-0.00880060	-0.42633573	1.15848158
0.93548387	0.87096774	-0.05560545	-0.47971112	1.20613387
0.96774194	0.87096774	-0.04801706	-0.38285356	1.23561317
1.00000000	0.87096774	0.00000000	0.00000000	1.24356136
0.00000000	0.90322581	0.00000000	0.00000000	0.86631539
0.03225806	0.90322581	-0.04516548	0.18799177	0.87184287
0.06451613	0.90322581	-0.06909454	0.24119573	0.88829940
0.09677419	0.90322581	-0.05943125	0.23302001	0.90948798
0.12903226	0.90322581	-0.02838232	0.20547974	0.92792110
0.16129032	0.90322581	0.01268436	0.17583806	0.94210472
0.19354839	0.90322581	0.05693149	0.14963337	0.95226781
0.22580645	0.90322581	0.10084049	0.12793039	0.95908084
0.25806452	0.90322581	0.14279494	0.11034760	0.96322029
0.29032258	0.90322581	0.18217071	0.09615282	0.96523969
0.32258065	0.90322581	0.21882663	0.08461302	0.96556052
0.35483871	0.90322581	0.25282978	0.07508076	0.96450359
0.38709677	0.90322581	0.28430656	0.06699555	0.96233001
0.41935484	0.90322581	0.31335893	0.05986259	0.95928135
0.45161290	0.90322581	0.34001405	0.05322979	0.95561650
0.48387097	0.90322581	0.36419110	0.04666927	0.95164486
0.51612903	0.90322581	0.38567715	0.03976433	0.94775588
0.54838710	0.90322581	0.40410815	0.03210090	0.94444426
0.58064516	0.90322581	0.41895287	0.02326139	0.94232944
0.61290323	0.90322581	0.42949795	0.01281680	0.94216778
0.64516129	0.90322581	0.43483138	0.00031025	0.94485551
0.67741935	0.90322581	0.43381922	-0.01478119	0.95142144
0.70967742	0.90322581	0.42506591	-0.03313160	0.96300950
0.74193548	0.90322581	0.40684228	-0.05574884	0.98085356
0.77419355	0.90322581	0.37696201	-0.08435297	1.00624878
0.80645161	0.90322581	0.33262449	-0.12209502	1.04052396
0.83870968	0.90322581	0.27047132	-0.17455819	1.08501214
0.87096774	0.90322581	0.18795024	-0.24949940	1.14095514
0.90322581	0.90322581	0.08885812	-0.34904241	1.20873944
0.93548387	0.90322581	-0.00437406	-0.44112345	1.28352668
0.96774194	0.90322581	-0.04325411	-0.40311934	1.34498728
1.00000000	0.90322581	0.00000000	0.00000000	1.36846516
0.00000000	0.93548387	0.00000000	0.00000000	0.78316182
0.03225806	0.93548387	-0.04870513	0.22282252	0.80930184
0.06451613	0.93548387	-0.02626092	0.23579305	0.85899741
0.09677419	0.93548387	0.03324682	0.19581156	0.89950283
0.12903226	0.93548387	0.10210067	0.15412864	0.92779877
0.16129032	0.93548387	0.16852829	0.12118596	0.94647693
0.19354839	0.93548387	0.22872288	0.09673658	0.95838031
0.22580645	0.93548387	0.28207743	0.07873185	0.96561194
0.25806452	0.93548387	0.32911610	0.06533790	0.96957315
0.29032258	0.93548387	0.37067199	0.05520672	0.97117200
0.32258065	0.93548387	0.40757522	0.04738628	0.97100188
0.35483871	0.93548387	0.44054158	0.04119652	0.96946797
0.38709677	0.93548387	0.47013739	0.03613358	0.96687449
0.41935484	0.93548387	0.49677122	0.03180444	0.96348706
0.45161290	0.93548387	0.52069328	0.02788437	0.95957990
0.48387097	0.93548387	0.54199544	0.02408972	0.95547371
0.51612903	0.93548387	0.56060996	0.02016116	0.95156708
0.54838710	0.93548387	0.57630651	0.01585352	0.94836260
0.58064516	0.93548387	0.58868803	0.01092932	0.94648750
0.61290323	0.93548387	0.59718476	0.00515270	0.94670829
0.64516129	0.93548387	0.60104468	-0.00172122	0.94993916
0.67741935	0.93548387	0.59931488	-0.00996984	0.95724558
0.70967742	0.93548387	0.59080235	-0.01995627	0.96984742
0.74193548	0.93548387	0.57398982	-0.03224748	0.98913167
0.77419355	0.93548387	0.54685805	-0.04787966	1.01669399
0.80645161	0.93548387	0.50652631	-0.06896569	1.05444217
0.83870968	0.93548387	0.44861243	-0.10004864	1.10481494
0.87096774	0.93548387	0.36657907	-0.15043967	1.17121112
0.90322581	0.93548387	0.25350692	-0.23401142	1.25872519
0.93548387	0.93548387	0.11488074	-0.34759887	1.37282874
0.96774194	0.93548387	-0.00047330	-0.38722760	1.49935624
1.00000000	0.93548387	0.00000000	0.00000000	1.56158779
0.00000000	0.96774194	0.00000000	0.00000000	0.60305746
0.03225806	0.96774194	0.09635380	0.21425269	0.69960784
0.06451613	0.96774194	0.22282252	0.15924378	0.84106905
0.09677419	0.96774194	0.33214685	0.10465843	0.90843881
0.12903226	0.96774194	0.41863408	0.07019827	0.94292937
0.16129032	0.96774194	0.48627549	0.04921585	0.96161050
0.19354839	0.96774194	0.53982004	0.03608423	0.97187032
0.22580645	0.96774194	0.58301206	0.02753717	0.97723129
0.25806452	0.96774194	0.61855189	0.02175305	0.97950692
0.29032258	0.96774194	0.64834997	0.01769371	0.97969258
0.32258065	0.96774194	0.67375862	0.01474343	0.97836979
0.35483871	0.96774194	0.69573625	0.01251859	0.97590759
0.38709677	0.96774194	0.71495514	0.01076591	0.97257339
0.41935484	0.96774194	0.73186983	0.00930671	0.96860144
0.45161290	0.96774194	0.74675959	0.00800557	0.96424026
0.48387097	0.96774194	0.75975421	0.00675260	0.95978915
0.51612903	0.96774194	0.77084932	0.00545327	0.95562799
0.54838710	0.96774194	0.77991538	0.00402284	0.95224205
0.58064516	0.96774194	0.78670285	0.00238315	0.95024224
0.61290323	0.96774194	0.79084472	0.00046017	0.95038063
0.64516129	0.96774194	0.79185556	-0.00181985	0.95356201
0.67741935	0.96774194	0.78912351	-0.00453886	0.96085426
0.70967742	0.96774194	0.78188574	-0.00780653	0.97350528
0.74193548	0.96774194	0.76916726	-0.01180452	0.99298329
0.77419355	0.96774194	0.74963827	-0.01688945	1.02107672
0.80645161	0.96774194	0.72128761	-0.02384939	1.06013157
0.83870968	0.96774194	0.68067259	-0.03461093	1.11360288
0.87096774	0.96774194	0.62123899	-0.05439389	1.18736543
0.90322581	0.96774194	0.53023294	-0.09734406	1.29294036
0.93548387	0.96774194	0.38722758	-0.18714321	1.45292562
0.96774194	0.96774194	0.18263409	-0.28823859	1.69842698
1.00000000	0.96774194	0.00000000	0.00000000	1.84662050
0.00000000	1.00000000	1.00000000	0.00000000	0.47868252
0.03225806	1.00000000	1.00000000	0.00000000	0.62976337
0.06451613	1.00000000	1.00000000	0.00000000	0.83876693
0.09677419	1.00000000	1.00000000	0.00000000	0.92071100
0.12903226	1.00000000	1.00000000	0.00000000	0.95588592
0.16129032	1.00000000	1.00000000	0.00000000	0.97255303
0.19354839	1.00000000	1.00000000	0.00000000	0.98072141
0.22580645	1.00000000	1.00000000	0.00000000	0.98438972
0.25806452	1.00000000	1.00000000	0.00000000	0.98536938
0.29032258	1.00000000	1.00000000	0.00000000	0.98457133
0.32258065	1.00000000	1.00000000	0.00000000	0.98249751
0.35483871	1.00000000	1.00000000	0.00000000	0.97945608
0.38709677	1.00000000	1.00000000	0.00000000	0.97567000
0.41935484	1.00000000	1.00000000	0.00000000	0.97134086
0.45161290	1.00000000	1.00000000	0.00000000	0.96669239
0.48387097	1.00000000	1.00000000	0.00000000	0.96200399
0.51612903	1.00000000	1.00000000	0.00000000	0.95763853
0.54838710	1.00000000	1.00000000	0.00000000	0.95406597
0.58064516	1.00000000	1.00000000	0.00000000	0.95188286
0.61290323	1.00000000	1.00000000	0.00000000	0.95182789
0.64516129	1.00000000	1.00000000	0.00000000	0.95479409
0.67741935	1.00000000	1.00000000	0.00000000	0.96184116
0.70967742	1.00000000	1.00000000	0.00000000	0.97421606
0.74193548	1.00000000	1.00000000	0.00000000	0.99340165
0.77419355	1.00000000	1.00000000	0.00000000	1.02123621
0.80645161	1.00000000	1.00000000	0.00000000	1.06020572
0.83870968	1.00000000	1.00000000	0.00000000	1.11416882
0.87096774	1.00000000	1.00000000	0.00000000	1.19023976
0.90322581	1.00000000	1.00000000	0.00000000	1.30361663
0.93548387	1.00000000	1.00000000	0.00000000	1.48672098
0.96774194	1.00000000	1.00000000	0.00000000	1.80759765
1.00000000	1.00000000	1.00000000	0.00000000	2.01400632
