VARIABLES="X","Y","U","V","P"
ZONE  F=POINT
I=32, J=32
0.00000000	0.00000000	0.00000000	0.00000000	1.00875185
0.03225806	0.00000000	0.00000000	0.00000000	1.00866841
0.06451613	0.00000000	0.00000000	0.00000000	1.00844684
0.09677419	0.00000000	0.00000000	0.00000000	1.00816627
0.12903226	0.00000000	0.00000000	0.00000000	1.00791074
0.16129032	0.00000000	0.00000000	0.00000000	1.00773378
0.19354839	0.00000000	0.00000000	0.00000000	1.00766556
0.22580645	0.00000000	0.00000000	0.00000000	1.00772085
0.25806452	0.00000000	0.00000000	0.00000000	1.00790516
0.29032258	0.00000000	0.00000000	0.00000000	1.00821849
0.32258065	0.00000000	0.00000000	0.00000000	1.00865749
0.35483871	0.00000000	0.00000000	0.00000000	1.00921623
0.38709677	0.00000000	0.00000000	0.00000000	1.00988619
0.41935484	0.00000000	0.00000000	0.00000000	1.01065562
0.45161290	0.00000000	0.00000000	0.00000000	1.01150879
0.48387097	0.00000000	0.00000000	0.00000000	1.01242522
0.51612903	0.00000000	0.00000000	0.00000000	1.01337929
0.54838710	0.00000000	0.00000000	0.00000000	1.01434032
0.58064516	0.00000000	0.00000000	0.00000000	1.01527347
0.61290323	0.00000000	0.00000000	0.00000000	1.01614137
0.64516129	0.00000000	0.00000000	0.00000000	1.01690662
0.67741935	0.00000000	0.00000000	0.00000000	1.01753491
0.70967742	0.00000000	0.00000000	0.00000000	1.01799859
0.74193548	0.00000000	0.00000000	0.00000000	1.01828016
0.77419355	0.00000000	0.00000000	0.00000000	1.01837532
0.80645161	0.00000000	0.00000000	0.00000000	1.01829527
0.83870968	0.00000000	0.00000000	0.00000000	1.01806786
0.87096774	0.00000000	0.00000000	0.00000000	1.01773794
0.90322581	0.00000000	0.00000000	0.00000000	1.01736682
0.93548387	0.00000000	0.00000000	0.00000000	1.01703068
0.96774194	0.00000000	0.00000000	0.00000000	1.01681449
1.00000000	0.00000000	0.00000000	0.00000000	1.01674726
0.00000000	0.03225806	0.00000000	0.00000000	1.00883530
0.03225806	0.03225806	0.00000121	-0.00000051	1.00875122
0.06451613	0.03225806	-0.00031681	0.00021389	1.00854249
0.09677419	0.03225806	-0.00102355	0.00044966	1.00829267
0.12903226	0.03225806	-0.00207957	0.00064371	1.00807011
0.16129032	0.03225806	-0.00340640	0.00078223	1.00792059
0.19354839	0.03225806	-0.00491851	0.00086830	1.00787128
0.22580645	0.03225806	-0.00653616	0.00090943	1.00793633
0.25806452	0.03225806	-0.00818911	0.00091297	1.00812160
0.29032258	0.03225806	-0.00981614	0.00088451	1.00842776
0.32258065	0.03225806	-0.01136288	0.00082765	1.00885216
0.35483871	0.03225806	-0.01277950	0.00074435	1.00938947
0.38709677	0.03225806	-0.01401894	0.00063552	1.01003170
0.41935484	0.03225806	-0.01503602	0.00050177	1.01076768
0.45161290	0.03225806	-0.01578790	0.00034424	1.01158236
0.48387097	0.03225806	-0.01623558	0.00016533	1.01245618
0.51612903	0.03225806	-0.01634655	-0.00003068	1.01336475
0.54838710	0.03225806	-0.01609827	-0.00023722	1.01427902
0.58064516	0.03225806	-0.01548197	-0.00044523	1.01516612
0.61290323	0.03225806	-0.01450647	-0.00064348	1.01599097
0.64516129	0.03225806	-0.01320107	-0.00081912	1.01671861
0.67741935	0.03225806	-0.01161728	-0.00095876	1.01731722
0.70967742	0.03225806	-0.00982838	-0.00104977	1.01776137
0.74193548	0.03225806	-0.00792685	-0.00108177	1.01803528
0.77419355	0.03225806	-0.00601918	-0.00104804	1.01813565
0.80645161	0.03225806	-0.00421855	-0.00094669	1.01807360
0.83870968	0.03225806	-0.00263557	-0.00078164	1.01787554
0.87096774	0.03225806	-0.00136736	-0.00056378	1.01758307
0.90322581	0.03225806	-0.00048446	-0.00031388	1.01725176
0.93548387	0.03225806	-0.00001321	-0.00007087	1.01694866
0.96774194	0.03225806	0.00009225	0.00008698	1.01674660
1.00000000	0.03225806	0.00000000	0.00000000	1.01668003
0.00000000	0.06451613	0.00000000	0.00000000	1.00905973
0.03225806	0.06451613	-0.00021884	0.00031679	1.00895867
0.06451613	0.06451613	-0.00104721	0.00102474	1.00874468
0.09677419	0.06451613	-0.00250778	0.00176275	1.00852922
0.12903226	0.06451613	-0.00452729	0.00238283	1.00835242
0.16129032	0.06451613	-0.00698588	0.00283892	1.00824447
0.19354839	0.06451613	-0.00974970	0.00312974	1.00822513
0.22580645	0.06451613	-0.01268842	0.00327058	1.00830576
0.25806452	0.06451613	-0.01568235	0.00327996	1.00849172
0.29032258	0.06451613	-0.01862359	0.00317375	1.00878431
0.32258065	0.06451613	-0.02141423	0.00296336	1.00918186
0.35483871	0.06451613	-0.02396381	0.00265605	1.00968018
0.38709677	0.06451613	-0.02618717	0.00225650	1.01027250
0.41935484	0.06451613	-0.02800377	0.00176895	1.01094895
0.45161290	0.06451613	-0.02933850	0.00119955	1.01169604
0.48387097	0.06451613	-0.03012450	0.00055864	1.01249613
0.51612903	0.06451613	-0.03030746	-0.00013732	1.01332715
0.54838710	0.06451613	-0.02985119	-0.00086459	1.01416287
0.58064516	0.06451613	-0.02874374	-0.00159181	1.01497365
0.61290323	0.06451613	-0.02700324	-0.00228091	1.01572797
0.64516129	0.06451613	-0.02468251	-0.00288919	1.01639456
0.67741935	0.06451613	-0.02187133	-0.00337269	1.01694513
0.70967742	0.06451613	-0.01869567	-0.00369043	1.01735737
0.74193548	0.06451613	-0.01531302	-0.00380921	1.01761780
0.77419355	0.06451613	-0.01190368	-0.00370830	1.01772424
0.80645161	0.06451613	-0.00865821	-0.00338360	1.01768723
0.83870968	0.06451613	-0.00576146	-0.00285119	1.01753040
0.87096774	0.06451613	-0.00337398	-0.00215112	1.01728947
0.90322581	0.06451613	-0.00161081	-0.00135416	1.01700993
0.93548387	0.06451613	-0.00051737	-0.00057670	1.01674328
0.96774194	0.06451613	-0.00004132	-0.00001321	1.01654152
1.00000000	0.06451613	0.00000000	0.00000000	1.01646319
0.00000000	0.09677419	0.00000000	0.00000000	1.00935026
0.03225806	0.09677419	-0.00048041	0.00104668	1.00921033
0.06451613	0.09677419	-0.00187705	0.00250281	1.00894586
0.09677419	0.09677419	-0.00410770	0.00392973	1.00872192
0.12903226	0.09677419	-0.00704300	0.00512179	1.00855721
0.16129032	0.09677419	-0.01052401	0.00600462	1.00846738
0.19354839	0.09677419	-0.01438205	0.00657083	1.00846334
0.22580645	0.09677419	-0.01845234	0.00684207	1.00855161
0.25806452	0.09677419	-0.02258080	0.00684813	1.00873536
0.29032258	0.09677419	-0.02662569	0.00661637	1.00901527
0.32258065	0.09677419	-0.03045637	0.00616785	1.00939010
0.35483871	0.09677419	-0.03395101	0.00551728	1.00985666
0.38709677	0.09677419	-0.03699477	0.00467547	1.01040954
0.41935484	0.09677419	-0.03947939	0.00365309	1.01104052
0.45161290	0.09677419	-0.04130467	0.00246497	1.01173794
0.48387097	0.09677419	-0.04238210	0.00113428	1.01248609
0.51612903	0.09677419	-0.04264037	-0.00030401	1.01326496
0.54838710	0.09677419	-0.04203236	-0.00180095	1.01405031
0.58064516	0.09677419	-0.04054279	-0.00329319	1.01481445
0.61290323	0.09677419	-0.03819555	-0.00470472	1.01552754
0.64516129	0.09677419	-0.03505954	-0.00595104	1.01615974
0.67741935	0.09677419	-0.03125168	-0.00694560	1.01668382
0.70967742	0.09677419	-0.02693599	-0.00760809	1.01707811
0.74193548	0.09677419	-0.02231782	-0.00787376	1.01732931
0.77419355	0.09677419	-0.01763267	-0.00770285	1.01743480
0.80645161	0.09677419	-0.01312988	-0.00708891	1.01740389
0.83870968	0.09677419	-0.00905186	-0.00606587	1.01725770
0.87096774	0.09677419	-0.00561027	-0.00471444	1.01702755
0.90322581	0.09677419	-0.00296072	-0.00317049	1.01675186
0.93548387	0.09677419	-0.00117822	-0.00164036	1.01647176
0.96774194	0.09677419	-0.00023679	-0.00043039	1.01622548
1.00000000	0.09677419	0.00000000	0.00000000	1.01611522
0.00000000	0.12903226	0.00000000	0.00000000	1.00962171
0.03225806	0.12903226	-0.00072909	0.00219382	1.00943536
0.06451613	0.12903226	-0.00268600	0.00465202	1.00910101
0.09677419	0.12903226	-0.00567015	0.00692868	1.00884483
0.12903226	0.12903226	-0.00948064	0.00879912	1.00867041
0.16129032	0.12903226	-0.01391328	0.01017796	1.00858147
0.19354839	0.12903226	-0.01876672	0.01105805	1.00858058
0.22580645	0.12903226	-0.02384898	0.01146932	1.00866900
0.25806452	0.12903226	-0.02898087	0.01145330	1.00884701
0.29032258	0.12903226	-0.03399641	0.01104931	1.00911418
0.32258065	0.12903226	-0.03874120	0.01028866	1.00946935
0.35483871	0.12903226	-0.04307008	0.00919444	1.00991025
0.38709677	0.12903226	-0.04684544	0.00778488	1.01043296
0.41935484	0.12903226	-0.04993704	0.00607885	1.01103109
0.45161290	0.12903226	-0.05222387	0.00410225	1.01169492
0.48387097	0.12903226	-0.05359839	0.00189434	1.01241071
0.51612903	0.12903226	-0.05397292	-0.00048707	1.01316014
0.54838710	0.12903226	-0.05328773	-0.00296218	1.01392034
0.58064516	0.12903226	-0.05152007	-0.00542862	1.01466442
0.61290323	0.12903226	-0.04869310	-0.00776416	1.01536272
0.64516129	0.12903226	-0.04488327	-0.00983308	1.01598495
0.67741935	0.12903226	-0.04022468	-0.01149625	1.01650284
0.70967742	0.12903226	-0.03490900	-0.01262429	1.01689329
0.74193548	0.12903226	-0.02917945	-0.01311253	1.01714135
0.77419355	0.12903226	-0.02331828	-0.01289625	1.01724269
0.80645161	0.12903226	-0.01762763	-0.01196442	1.01720482
0.83870968	0.12903226	-0.01240483	-0.01037080	1.01704683
0.87096774	0.12903226	-0.00791443	-0.00824226	1.01679733
0.90322581	0.12903226	-0.00435988	-0.00578620	1.01649089
0.93548387	0.12903226	-0.00185937	-0.00330063	1.01616327
0.96774194	0.12903226	-0.00043155	-0.00119143	1.01584582
1.00000000	0.12903226	0.00000000	0.00000000	1.01569311
0.00000000	0.16129032	0.00000000	0.00000000	1.00981161
0.03225806	0.16129032	-0.00095376	0.00373267	1.00957806
0.06451613	0.16129032	-0.00343828	0.00744386	1.00916794
0.09677419	0.16129032	-0.00714126	0.01072435	1.00886783
0.12903226	0.16129032	-0.01178559	0.01336490	1.00867071
0.16129032	0.16129032	-0.01711710	0.01529068	1.00857094
0.19354839	0.16129032	-0.02290089	0.01650651	1.00856393
0.22580645	0.16129032	-0.02892061	0.01705621	1.00864608
0.25806452	0.16129032	-0.03497747	0.01699555	1.00881482
0.29032258	0.16129032	-0.04088793	0.01637669	1.00906853
0.32258065	0.16129032	-0.04648076	0.01524151	1.00940607
0.35483871	0.16129032	-0.05159389	0.01362151	1.00982620
0.38709677	0.16129032	-0.05607232	0.01154242	1.01032658
0.41935484	0.16129032	-0.05976776	0.00903151	1.01090281
0.45161290	0.16129032	-0.06254050	0.00612632	1.01154726
0.48387097	0.16129032	-0.06426395	0.00288333	1.01224813
0.51612903	0.16129032	-0.06483163	-0.00061468	1.01298864
0.54838710	0.16129032	-0.06416635	-0.00425381	1.01374674
0.58064516	0.16129032	-0.06223078	-0.00788782	1.01449548
0.61290323	0.16129032	-0.05903843	-0.01134152	1.01520415
0.64516129	0.16129032	-0.05466343	-0.01441947	1.01584037
0.67741935	0.16129032	-0.04924738	-0.01691987	1.01637302
0.70967742	0.16129032	-0.04300133	-0.01865332	1.01677562
0.74193548	0.16129032	-0.03620094	-0.01946448	1.01702983
0.77419355	0.16129032	-0.02917355	-0.01925468	1.01712830
0.80645161	0.16129032	-0.02227682	-0.01800236	1.01707617
0.83870968	0.16129032	-0.01587015	-0.01577907	1.01689092
0.87096774	0.16129032	-0.01028189	-0.01275939	1.01660011
0.90322581	0.16129032	-0.00577679	-0.00922555	1.01623755
0.93548387	0.16129032	-0.00252966	-0.00556869	1.01583824
0.96774194	0.16129032	-0.00061205	-0.00228976	1.01543289
1.00000000	0.16129032	0.00000000	0.00000000	1.01523211
0.00000000	0.19354839	0.00000000	0.00000000	1.00987358
0.03225806	0.19354839	-0.00115643	0.00563209	1.00959463
0.06451613	0.19354839	-0.00413150	0.01083949	1.00910900
0.09677419	0.19354839	-0.00851341	0.01527598	1.00876014
0.12903226	0.19354839	-0.01395102	0.01877495	1.00853316
0.16129032	0.19354839	-0.02013901	0.02129324	1.00841498
0.19354839	0.19354839	-0.02680850	0.02286155	1.00839506
0.22580645	0.19354839	-0.03372041	0.02354588	1.00846562
0.25806452	0.19354839	-0.04065986	0.02342060	1.00862163
0.29032258	0.19354839	-0.04743067	0.02255259	1.00886048
0.32258065	0.19354839	-0.05385013	0.02099460	1.00918129
0.35483871	0.19354839	-0.05974433	0.01878599	1.00958394
0.38709677	0.19354839	-0.06494502	0.01595874	1.01006795
0.41935484	0.19354839	-0.06928846	0.01254701	1.01063112
0.45161290	0.19354839	-0.07261683	0.00859844	1.01126814
0.48387097	0.19354839	-0.07478265	0.00418546	1.01196928
0.51612903	0.19354839	-0.07565613	-0.00058468	1.01271927
0.54838710	0.19354839	-0.07513544	-0.00556304	1.01349664
0.58064516	0.19354839	-0.07315913	-0.01055654	1.01427378
0.61290323	0.19354839	-0.06971985	-0.01533152	1.01501792
0.64516129	0.19354839	-0.06487765	-0.01962413	1.01569322
0.67741935	0.19354839	-0.05877092	-0.02315835	1.01626392
0.70967742	0.19354839	-0.05162209	-0.02567073	1.01669822
0.74193548	0.19354839	-0.04373570	-0.02694031	1.01697247
0.77419355	0.19354839	-0.03548633	-0.02682038	1.01707471
0.80645161	0.19354839	-0.02729558	-0.02526783	1.01700688
0.83870968	0.19354839	-0.01959893	-0.02236573	1.01678497
0.87096774	0.19354839	-0.01280622	-0.01833562	1.01643694
0.90322581	0.19354839	-0.00726182	-0.01353844	1.01599857
0.93548387	0.19354839	-0.00321175	-0.00846538	1.01550815
0.96774194	0.19354839	-0.00078571	-0.00372109	1.01500089
1.00000000	0.19354839	0.00000000	0.00000000	1.01474707
0.00000000	0.22580645	0.00000000	0.00000000	1.00977107
0.03225806	0.22580645	-0.00134185	0.00786415	1.00944915
0.06451613	0.22580645	-0.00477416	0.01480083	1.00889059
0.09677419	0.22580645	-0.00979717	0.02054386	1.00849169
0.12903226	0.22580645	-0.01599077	0.02499048	1.00823115
0.16129032	0.22580645	-0.02300024	0.02814815	1.00808969
0.19354839	0.22580645	-0.03052367	0.03008790	1.00805175
0.22580645	0.22580645	-0.03830107	0.03090755	1.00810607
0.25806452	0.22580645	-0.04610449	0.03070580	1.00824565
0.29032258	0.22580645	-0.05372913	0.02956695	1.00846725
0.32258065	0.22580645	-0.06098526	0.02755515	1.00877052
0.35483871	0.22580645	-0.06769145	0.02471639	1.00915682
0.38709677	0.22580645	-0.07366961	0.02108654	1.00962779
0.41935484	0.22580645	-0.07874247	0.01670331	1.01018382
0.45161290	0.22580645	-0.08273389	0.01162050	1.01082231
0.48387097	0.22580645	-0.08547268	0.00592263	1.01153597
0.51612903	0.22580645	-0.08680003	-0.00026189	1.01231133
0.54838710	0.22580645	-0.08658068	-0.00675082	1.01312759
0.58064516	0.22580645	-0.08471755	-0.01330342	1.01395625
0.61290323	0.22580645	-0.08116891	-0.01962301	1.01476181
0.64516129	0.22580645	-0.07596655	-0.02536839	1.01550373
0.67741935	0.22580645	-0.06923244	-0.03017544	1.01613983
0.70967742	0.22580645	-0.06119057	-0.03368855	1.01663082
0.74193548	0.22580645	-0.05217012	-0.03560024	1.01694538
0.77419355	0.22580645	-0.04259616	-0.03569479	1.01706485
0.80645161	0.22580645	-0.03296573	-0.03388977	1.01698649
0.83870968	0.22580645	-0.02380934	-0.03026843	1.01672448
0.87096774	0.22580645	-0.01564213	-0.02509650	1.01630809
0.90322581	0.22580645	-0.00891214	-0.01882002	1.01577741
0.93548387	0.22580645	-0.00395561	-0.01204480	1.01517753
0.96774194	0.22580645	-0.00096848	-0.00550151	1.01455222
1.00000000	0.22580645	0.00000000	0.00000000	1.01423840
0.00000000	0.25806452	0.00000000	0.00000000	1.00947313
0.03225806	0.25806452	-0.00151437	0.01040623	1.00911061
0.06451613	0.25806452	-0.00537633	0.01929481	1.00848223
0.09677419	0.25806452	-0.01100729	0.02649258	1.00803356
0.12903226	0.25806452	-0.01792382	0.03197800	1.00773751
0.16129032	0.25806452	-0.02572501	0.03582612	1.00756931
0.19354839	0.25806452	-0.03407821	0.03816237	1.00750902
0.22580645	0.25806452	-0.04270491	0.03912668	1.00754242
0.25806452	0.25806452	-0.05136727	0.03884865	1.00766099
0.29032258	0.25806452	-0.05985568	0.03743335	1.00786126
0.32258065	0.25806452	-0.06797767	0.03495691	1.00814377
0.35483871	0.25806452	-0.07554836	0.03147034	1.00851167
0.38709677	0.25806452	-0.08238315	0.02700975	1.00896921
0.41935484	0.25806452	-0.08829312	0.02161128	1.00951986
0.45161290	0.25806452	-0.09308366	0.01532864	1.01016436
0.48387097	0.25806452	-0.09655702	0.00825159	1.01089859
0.51612903	0.25806452	-0.09851929	0.00052331	1.01171161
0.54838710	0.25806452	-0.09879234	-0.00764552	1.01258387
0.58064516	0.25806452	-0.09723059	-0.01596832	1.01348629
0.61290323	0.25806452	-0.09374229	-0.02408252	1.01438034
0.64516129	0.25806452	-0.08831373	-0.03156061	1.01521985
0.67741935	0.25806452	-0.08103368	-0.03793433	1.01595443
0.70967742	0.25806452	-0.07211392	-0.04273305	1.01653474
0.74193548	0.25806452	-0.06190062	-0.04553472	1.01691877
0.77419355	0.25806452	-0.05087069	-0.04602477	1.01707811
0.80645161	0.25806452	-0.03960867	-0.04405465	1.01700294
0.83870968	0.25806452	-0.02876261	-0.03968933	1.01670432
0.87096774	0.25806452	-0.01898278	-0.03323281	1.01621313
0.90322581	0.25806452	-0.01085267	-0.02522496	1.01557562
0.93548387	0.25806452	-0.00482564	-0.01640903	1.01484666
0.96774194	0.25806452	-0.00118005	-0.00767669	1.01408215
1.00000000	0.25806452	0.00000000	0.00000000	1.01369783
0.00000000	0.29032258	0.00000000	0.00000000	1.00895204
0.03225806	0.29032258	-0.00167709	0.01324047	1.00855093
0.06451613	0.29032258	-0.00594607	0.02429374	1.00785567
0.09677419	0.29032258	-0.01215621	0.03309133	1.00735793
0.12903226	0.29032258	-0.01976592	0.03970819	1.00702506
0.16129032	0.29032258	-0.02833174	0.04430253	1.00682707
0.19354839	0.29032258	-0.03749320	0.04706779	1.00673998
0.22580645	0.29032258	-0.04695628	0.04819659	1.00674697
0.25806452	0.29032258	-0.05647670	0.04785656	1.00683832
0.29032258	0.29032258	-0.06584414	0.04617735	1.00701065
0.32258065	0.29032258	-0.07486774	0.04324781	1.00726567
0.35483871	0.29032258	-0.08336357	0.03912186	1.00760878
0.38709677	0.29032258	-0.09114432	0.03383130	1.00804728
0.41935484	0.29032258	-0.09801202	0.02740382	1.00858845
0.45161290	0.29032258	-0.10375428	0.01988439	1.00923727
0.48387097	0.29032258	-0.10814486	0.01135825	1.00999395
0.51612903	0.29032258	-0.11094961	0.00197342	1.01085135
0.54838710	0.29032258	-0.11193844	-0.00803953	1.01179249
0.58064516	0.29032258	-0.11090409	-0.01835348	1.01278870
0.61290323	0.29032258	-0.10768768	-0.02853987	1.01379894
0.64516129	0.29032258	-0.10220979	-0.03807701	1.01477085
0.67741935	0.29032258	-0.09450461	-0.04637525	1.01564417
0.70967742	0.29032258	-0.08475212	-0.05282161	1.01635656
0.74193548	0.29032258	-0.07330153	-0.05684347	1.01685133
0.77419355	0.29032258	-0.06067763	-0.05798674	1.01708595
0.80645161	0.29032258	-0.04756190	-0.05599785	1.01703953
0.83870968	0.29032258	-0.03474388	-0.05089433	1.01671736
0.87096774	0.29032258	-0.02304495	-0.04300644	1.01615109
0.90322581	0.29032258	-0.01322561	-0.03297715	1.01539434
0.93548387	0.29032258	-0.00589500	-0.02171742	1.01451452
0.96774194	0.29032258	-0.00144206	-0.01032715	1.01358311
1.00000000	0.29032258	0.00000000	0.00000000	1.01311339
0.00000000	0.32258065	0.00000000	0.00000000	1.00818192
0.03225806	0.32258065	-0.00183178	0.01635228	1.00774397
0.06451613	0.32258065	-0.00648834	0.02977392	1.00698437
0.09677419	0.32258065	-0.01325162	0.04031242	1.00643816
0.12903226	0.32258065	-0.02152591	0.04815352	1.00606704
0.16129032	0.32258065	-0.03082852	0.05355339	1.00583586
0.19354839	0.32258065	-0.04077420	0.05678690	1.00571669
0.22580645	0.32258065	-0.05105664	0.05811017	1.00569026
0.25806452	0.32258065	-0.06142886	0.05773650	1.00574577
0.29032258	0.32258065	-0.07168413	0.05582438	1.00588008
0.32258065	0.32258065	-0.08163803	0.05247633	1.00609635
0.35483871	0.32258065	-0.09111251	0.04774691	1.00640251
0.38709677	0.32258065	-0.09992227	0.04165820	1.00680948
0.41935484	0.32258065	-0.10786420	0.03422124	1.00732915
0.45161290	0.32258065	-0.11471052	0.02546147	1.00797194
0.48387097	0.32258065	-0.12020667	0.01544692	1.00874402
0.51612903	0.32258065	-0.12407521	0.00431688	1.00964403
0.54838710	0.32258065	-0.12602707	-0.00769104	1.01065976
0.58064516	0.32258065	-0.12578141	-0.02021908	1.01176510
0.61290323	0.32258065	-0.12309494	-0.03277682	1.01291797
0.64516129	0.32258065	-0.11780023	-0.04474368	1.01406027
0.67741935	0.32258065	-0.10985080	-0.05539201	1.01512059
0.70967742	0.32258065	-0.09936787	-0.06393613	1.01602035
0.74193548	0.32258065	-0.08668056	-0.06960921	1.01668313
0.77419355	0.32258065	-0.07234808	-0.07176441	1.01704607
0.80645161	0.32258065	-0.05715125	-0.06998840	1.01707097
0.83870968	0.32258065	-0.04204319	-0.06420627	1.01675241
0.87096774	0.32258065	-0.02805731	-0.05475109	1.01612033
0.90322581	0.32258065	-0.01618420	-0.04237491	1.01523589
0.93548387	0.32258065	-0.00724301	-0.02819257	1.01418168
0.96774194	0.32258065	-0.00177777	-0.01357169	1.01304856
1.00000000	0.32258065	0.00000000	0.00000000	1.01247370
0.00000000	0.35483871	0.00000000	0.00000000	1.00713835
0.03225806	0.35483871	-0.00197916	0.01972879	1.00666508
0.06451613	0.35483871	-0.00700522	0.03571356	1.00584327
0.09677419	0.35483871	-0.01429617	0.04812889	1.00524882
0.12903226	0.35483871	-0.02320489	0.05728508	1.00483756
0.16129032	0.35483871	-0.03321185	0.06355081	1.00456902
0.19354839	0.35483871	-0.04390961	0.06729590	1.00441123
0.22580645	0.35483871	-0.05498259	0.06885124	1.00434232
0.25806452	0.35483871	-0.06618483	0.06848404	1.00435039
0.29032258	0.35483871	-0.07731769	0.06638650	1.00443248
0.32258065	0.35483871	-0.08820835	0.06267618	1.00459322
0.35483871	0.35483871	-0.09869032	0.05740610	1.00484327
0.38709677	0.35483871	-0.10858616	0.05058299	1.00519762
0.41935484	0.35483871	-0.11769325	0.04219206	1.00567364
0.45161290	0.35483871	-0.12577330	0.03222684	1.00628863
0.48387097	0.35483871	-0.13254674	0.02072293	1.00705674
0.51612903	0.35483871	-0.13769356	0.00779382	1.00798520
0.54838710	0.35483871	-0.14086255	-0.00633333	1.00906989
0.58064516	0.35483871	-0.14169087	-0.02128561	1.01029078
0.61290323	0.35483871	-0.13983586	-0.03652105	1.01160792
0.64516129	0.35483871	-0.13501961	-0.05132115	1.01295937
0.67741935	0.35483871	-0.12708524	-0.06480761	1.01426236
0.70967742	0.35483871	-0.11606045	-0.07599185	1.01541903
0.74193548	0.35483871	-0.10221921	-0.08386327	1.01632715
0.77419355	0.35483871	-0.08612756	-0.08751605	1.01689504
0.80645161	0.35483871	-0.06865490	-0.08630274	1.01705784
0.83870968	0.35483871	-0.05093236	-0.07998826	1.01679113
0.87096774	0.35483871	-0.03424799	-0.06886543	1.01611774
0.90322581	0.35483871	-0.01988762	-0.05379144	1.01510508
0.93548387	0.35483871	-0.00895400	-0.03612384	1.01385321
0.96774194	0.35483871	-0.00221212	-0.01757016	1.01247682
1.00000000	0.35483871	0.00000000	0.00000000	1.01177213
0.00000000	0.38709677	0.00000000	0.00000000	1.00579829
0.03225806	0.38709677	-0.00211922	0.02335750	1.00529107
0.06451613	0.38709677	-0.00749685	0.04209092	1.00440887
0.09677419	0.38709677	-0.01528883	0.05651207	1.00376598
0.12903226	0.38709677	-0.02479770	0.06706919	1.00331213
0.16129032	0.38709677	-0.03546814	0.07425811	1.00300123
0.19354839	0.38709677	-0.04687203	0.07855762	1.00279692
0.22580645	0.38709677	-0.05868694	0.08038538	1.00267443
0.25806452	0.38709677	-0.07067137	0.08007159	1.00262036
0.29032258	0.38709677	-0.08263911	0.07784789	1.00263163
0.32258065	0.38709677	-0.09443432	0.07384895	1.00271408
0.35483871	0.38709677	-0.10590829	0.06812470	1.00288106
0.38709677	0.38709677	-0.11689850	0.06066113	1.00315186
0.41935484	0.38709677	-0.12721047	0.05140838	1.00355009
0.45161290	0.38709677	-0.13660324	0.04031496	1.00410138
0.48387097	0.38709677	-0.14477962	0.02736717	1.00483032
0.51612903	0.38709677	-0.15138297	0.01263268	1.00575620
0.54838710	0.38709677	-0.15600288	-0.00369373	1.00688754
0.58064516	0.38709677	-0.15819248	-0.02124576	1.00821568
0.61290323	0.38709677	-0.15750021	-0.03944809	1.00970812
0.64516129	0.38709677	-0.15351841	-0.05749430	1.01130337
0.67741935	0.38709677	-0.14594928	-0.07435116	1.01290913
0.70967742	0.38709677	-0.13468554	-0.08880216	1.01440630
0.74193548	0.38709677	-0.11989773	-0.09954210	1.01566031
0.77419355	0.38709677	-0.10211219	-0.10532871	1.01653981
0.80645161	0.38709677	-0.08225526	-0.10518360	1.01693978
0.83870968	0.38709677	-0.06163394	-0.09861318	1.01680365
0.87096774	0.38709677	-0.04182842	-0.08579582	1.01613740
0.90322581	0.38709677	-0.02449492	-0.06766890	1.01501042
0.93548387	0.38709677	-0.01111624	-0.04586806	1.01354175
0.96774194	0.38709677	-0.00277206	-0.02252569	1.01187534
1.00000000	0.38709677	0.00000000	0.00000000	1.01101137
0.00000000	0.41935484	0.00000000	0.00000000	1.00414039
0.03225806	0.41935484	-0.00225189	0.02722563	1.00360046
0.06451613	0.41935484	-0.00796298	0.04888316	1.00265937
0.09677419	0.41935484	-0.01622748	0.06542973	1.00196753
0.12903226	0.41935484	-0.02629640	0.07746438	1.00146834
0.16129032	0.41935484	-0.03757768	0.08562513	1.00110964
0.19354839	0.41935484	-0.04962260	0.09051470	1.00085014
0.22580645	0.41935484	-0.06210330	0.09265058	1.00066145
0.25806452	0.41935484	-0.07478542	0.09243620	1.00052804
0.29032258	0.41935484	-0.08749921	0.09014944	1.00044604
0.32258065	0.41935484	-0.10011103	0.08594535	1.00042189
0.35483871	0.41935484	-0.11249654	0.07987027	1.00047115
0.38709677	0.41935484	-0.12451613	0.07188517	1.00061732
0.41935484	0.41935484	-0.13599298	0.06189679	1.00089067
0.45161290	0.41935484	-0.14669449	0.04979599	1.00132647
0.48387097	0.41935484	-0.15631799	0.03550266	1.00196225
0.51612903	0.41935484	-0.16448259	0.01901709	1.00283338
0.54838710	0.41935484	-0.17072973	0.00047618	1.00396671
0.58064516	0.41935484	-0.17453566	-0.01978829	1.00537205
0.61290323	0.41935484	-0.17533996	-0.04119512	1.00703236
0.64516129	0.41935484	-0.17259388	-0.06287207	1.00889411
0.67741935	0.41935484	-0.16583201	-0.08364048	1.01086069
0.70967742	0.41935484	-0.15476776	-0.10204339	1.01279242
0.74193548	0.41935484	-0.13940768	-0.11643661	1.01451667
0.77419355	0.41935484	-0.12016964	-0.12515852	1.01584970
0.80645161	0.41935484	-0.09797594	-0.12678098	1.01662823
0.83870968	0.41935484	-0.07427860	-0.12041509	1.01674370
0.87096774	0.41935484	-0.05097019	-0.10600445	1.01616870
0.90322581	0.41935484	-0.03015606	-0.08450363	1.01496543
0.93548387	0.41935484	-0.01382032	-0.05784669	1.01327141
0.96774194	0.41935484	-0.00348688	-0.02868639	1.01126602
1.00000000	0.41935484	0.00000000	0.00000000	1.01020924
0.00000000	0.45161290	0.00000000	0.00000000	1.00214538
0.03225806	0.45161290	-0.00237770	0.03132047	1.00157372
0.06451613	0.45161290	-0.00840532	0.05606650	1.00057486
0.09677419	0.45161290	-0.01711288	0.07484548	0.99983352
0.12903226	0.45161290	-0.02769561	0.08841937	0.99928658
0.16129032	0.45161290	-0.03952114	0.09758430	0.99887521
0.19354839	0.45161290	-0.05211835	0.10308324	0.99855225
0.22580645	0.45161290	-0.06515404	0.10554820	0.99828474
0.25806452	0.45161290	-0.07840288	0.10546750	0.99805392
0.29032258	0.45161290	-0.09171492	0.10317349	0.99785401
0.32258065	0.45161290	-0.10498357	0.09884628	0.99769105
0.35483871	0.45161290	-0.11811536	0.09252979	0.99758184
0.38709677	0.45161290	-0.13100211	0.08415756	0.99755344
0.41935484	0.45161290	-0.14349574	0.07358674	0.99764271
0.45161290	0.45161290	-0.15538588	0.06063997	0.99789538
0.48387097	0.45161290	-0.16638125	0.04515527	0.99836417
0.51612903	0.45161290	-0.17609607	0.02704441	0.99910461
0.54838710	0.45161290	-0.18404408	0.00635934	1.00016824
0.58064516	0.45161290	-0.18964374	-0.01663552	1.00159212
0.61290323	0.45161290	-0.19223909	-0.04138987	1.00338537
0.64516129	0.45161290	-0.19114236	-0.06700226	1.00551388
0.67741935	0.45161290	-0.18570448	-0.09217729	1.00788670
0.70967742	0.45161290	-0.17541912	-0.11522648	1.01034892
0.74193548	0.45161290	-0.16006102	-0.13414022	1.01268721
0.77419355	0.45161290	-0.13984879	-0.14676045	1.01465266
0.80645161	0.45161290	-0.11560343	-0.15107464	1.01600119
0.83870968	0.45161290	-0.08884773	-0.14561892	1.01654431
0.87096774	0.45161290	-0.06177151	-0.12991836	1.01619498
0.90322581	0.45161290	-0.03699778	-0.10481877	1.01499078
0.93548387	0.45161290	-0.01715586	-0.07253724	1.01308296
0.96774194	0.45161290	-0.00438838	-0.03634600	1.01069237
1.00000000	0.45161290	0.00000000	0.00000000	1.00940651
0.00000000	0.48387097	0.00000000	0.00000000	0.99979628
0.03225806	0.48387097	-0.00249893	0.03563095	0.99919333
0.06451613	0.48387097	-0.00883065	0.06361832	0.99813718
0.09677419	0.48387097	-0.01795404	0.08472001	0.99734625
0.12903226	0.48387097	-0.02899987	0.09987263	0.99675066
0.16129032	0.48387097	-0.04128847	0.11004786	0.99628403
0.19354839	0.48387097	-0.05432235	0.11614759	0.99589201
0.22580645	0.48387097	-0.06776183	0.11893510	0.99553559
0.25806452	0.48387097	-0.08139162	0.11899706	0.99519121
0.29032258	0.48387097	-0.09508436	0.11673012	0.99484967
0.32258065	0.48387097	-0.10876479	0.11234579	0.99451503
0.35483871	0.48387097	-0.12237642	0.10588882	0.99420391
0.38709677	0.48387097	-0.13585108	0.09726554	0.99394566
0.41935484	0.48387097	-0.14908119	0.08628056	0.99378290
0.45161290	0.48387097	-0.16189463	0.07268150	0.99377198
0.48387097	0.48387097	-0.17403228	0.05621285	0.99398224
0.51612903	0.48387097	-0.18512923	0.03667992	0.99449300
0.54838710	0.48387097	-0.19470154	0.01402385	0.99538675
0.58064516	0.48387097	-0.20214178	-0.01159328	0.99673743
0.61290323	0.48387097	-0.20672818	-0.03969650	0.99859322
0.64516129	0.48387097	-0.20765463	-0.06940669	1.00095481
0.67741935	0.48387097	-0.20409085	-0.09936371	1.00375257
0.70967742	0.48387097	-0.19528416	-0.12768685	1.00682860
0.74193548	0.48387097	-0.18071237	-0.15200695	1.00993265
0.77419355	0.48387097	-0.16028869	-0.16961611	1.01274110
0.80645161	0.48387097	-0.13459735	-0.17778203	1.01490435
0.83870968	0.48387097	-0.10510039	-0.17424700	1.01611741
0.87096774	0.48387097	-0.07421019	-0.15785440	1.01619447
0.90322581	0.48387097	-0.04510166	-0.12911927	1.01511850
0.93548387	0.48387097	-0.02120550	-0.09045608	1.01304155
0.96774194	0.48387097	-0.00551065	-0.04584225	1.01022984
1.00000000	0.48387097	0.00000000	0.00000000	1.00867819
0.00000000	0.51612903	0.00000000	0.00000000	0.99707815
0.03225806	0.51612903	-0.00262094	0.04015111	0.99644330
0.06451613	0.51612903	-0.00925496	0.07152160	0.99532934
0.09677419	0.51612903	-0.01877526	0.09501470	0.99448989
0.12903226	0.51612903	-0.03023296	0.11175380	0.99384812
0.16129032	0.51612903	-0.04288995	0.12290678	0.99332864
0.19354839	0.51612903	-0.05621622	0.12955659	0.99286798
0.22580645	0.51612903	-0.06986362	0.13261746	0.99241889
0.25806452	0.51612903	-0.08362776	0.13279002	0.99195094
0.29032258	0.51612903	-0.09740641	0.13054666	0.99144949
0.32258065	0.51612903	-0.11115962	0.12613835	0.99091464
0.35483871	0.51612903	-0.12487346	0.11961608	0.99036089
0.38709677	0.51612903	-0.13852780	0.11086233	0.98981804
0.41935484	0.51612903	-0.15206732	0.09963029	0.98933299
0.45161290	0.51612903	-0.16537483	0.08559107	0.98897180
0.48387097	0.51612903	-0.17824638	0.06838987	0.98882089
0.51612903	0.51612903	-0.19036817	0.04771367	0.98898571
0.54838710	0.51612903	-0.20129622	0.02337188	0.98958504
0.58064516	0.51612903	-0.21044104	-0.00460888	0.99073877
0.61290323	0.51612903	-0.21706167	-0.03587701	0.99254778
0.64516129	0.51612903	-0.22027638	-0.06963958	0.99506574
0.67741935	0.51612903	-0.21910197	-0.10454775	0.99826558
0.70967742	0.51612903	-0.21253844	-0.13860496	1.00200700
0.74193548	0.51612903	-0.19971965	-0.16913568	1.00601657
0.77419355	0.51612903	-0.18014669	-0.19287547	1.00989495
0.80645161	0.51612903	-0.15400115	-0.20626293	1.01316485
0.83870968	0.51612903	-0.12248807	-0.20600607	1.01536168
0.87096774	0.51612903	-0.08808162	-0.18991708	1.01614673
0.90322581	0.51612903	-0.05447188	-0.15782346	1.01540036
0.93548387	0.51612903	-0.02603463	-0.11212824	1.01324848
0.96774194	0.51612903	-0.00688903	-0.05755149	1.01000065
1.00000000	0.51612903	0.00000000	0.00000000	1.00814957
0.00000000	0.54838710	0.00000000	0.00000000	0.99397692
0.03225806	0.54838710	-0.00275415	0.04488590	0.99330774
0.06451613	0.54838710	-0.00970897	0.07977263	0.99213379
0.09677419	0.54838710	-0.01962503	0.10569801	0.99124932
0.12903226	0.54838710	-0.03144924	0.12398731	0.99056998
0.16129032	0.54838710	-0.04436890	0.13603112	0.99000902
0.19354839	0.54838710	-0.05781376	0.14312127	0.98949079
0.22580645	0.54838710	-0.07142565	0.14634664	0.98895675
0.25806452	0.54838710	-0.08501292	0.14653985	0.98836684
0.29032258	0.54838710	-0.09850201	0.14426198	0.98769854
0.32258065	0.54838710	-0.11189253	0.13981283	0.98694567
0.35483871	0.54838710	-0.12521846	0.13325700	0.98611838
0.38709677	0.54838710	-0.13851500	0.12445941	0.98524474
0.41935484	0.54838710	-0.15178971	0.11312758	0.98437386
0.45161290	0.54838710	-0.16499611	0.09886055	0.98357982
0.48387097	0.54838710	-0.17800815	0.08120619	0.98296527
0.51612903	0.54838710	-0.19059458	0.05972976	0.98266252
0.54838710	0.54838710	-0.20239279	0.03409673	0.98282987
0.58064516	0.54838710	-0.21288304	0.00417218	0.98364021
0.61290323	0.54838710	-0.22136575	-0.02986116	0.98525932
0.64516129	0.54838710	-0.22694817	-0.06736638	0.98781234
0.67741935	0.54838710	-0.22855270	-0.10710165	0.99133948
0.70967742	0.54838710	-0.22496798	-0.14706916	0.99574668
0.74193548	0.54838710	-0.21497343	-0.18439869	1.00076355
0.77419355	0.54838710	-0.19757452	-0.21533460	1.00592843
0.80645161	0.54838710	-0.17237534	-0.23544064	1.01062479
0.83870968	0.54838710	-0.14006930	-0.24016653	1.01418494
0.87096774	0.54838710	-0.10292455	-0.22587058	1.01604896
0.90322581	0.54838710	-0.06499150	-0.19116624	1.01592333
0.93548387	0.54838710	-0.03167610	-0.13803893	1.01385920
0.96774194	0.54838710	-0.00855813	-0.07187688	1.01019497
1.00000000	0.54838710	0.00000000	0.00000000	1.00801895
0.00000000	0.58064516	0.00000000	0.00000000	0.99047676
0.03225806	0.58064516	-0.00291675	0.04986007	0.98976782
0.06451613	0.58064516	-0.01024562	0.08839248	0.98852926
0.09677419	0.58064516	-0.02058732	0.11675496	0.98760768
0.12903226	0.58064516	-0.03274681	0.13649767	0.98690968
0.16129032	0.58064516	-0.04581505	0.14927130	0.98633309
0.19354839	0.58064516	-0.05917382	0.15661334	0.98578517
0.22580645	0.58064516	-0.07245610	0.15981661	0.98519174
0.25806452	0.58064516	-0.08548831	0.15986637	0.98449957
0.29032258	0.58064516	-0.09823180	0.15742626	0.98367539
0.32258065	0.58064516	-0.11073176	0.15285480	0.98270445
0.35483871	0.58064516	-0.12307576	0.14623855	0.98159038
0.38709677	0.58064516	-0.13536083	0.13743357	0.98035734
0.41935484	0.58064516	-0.14766626	0.12611140	0.97905442
0.45161290	0.58064516	-0.16002937	0.11180951	0.97776164
0.48387097	0.58064516	-0.17242154	0.09398834	0.97659601
0.51612903	0.58064516	-0.18472238	0.07209831	0.97571569
0.54838710	0.58064516	-0.19669030	0.04566035	0.97531910
0.58064516	0.58064516	-0.20792842	0.01436409	0.97563574
0.61290323	0.58064516	-0.21784630	-0.02181189	0.97690462
0.64516129	0.58064516	-0.22562115	-0.06245263	0.97933767
0.67741935	0.58064516	-0.23016885	-0.10652794	0.98306663
0.70967742	0.58064516	-0.23014602	-0.15218422	0.98807695
0.74193548	0.58064516	-0.22402159	-0.19652913	0.99413957
0.77419355	0.58064516	-0.21027456	-0.23547355	1.00076283
0.80645161	0.58064516	-0.18778379	-0.26376814	1.00719969
0.83870968	0.58064516	-0.15644578	-0.27545686	1.01254702
0.87096774	0.58064516	-0.11794459	-0.26499487	1.01594729
0.90322581	0.58064516	-0.07636903	-0.22907189	1.01683597
0.93548387	0.58064516	-0.03810967	-0.16856161	1.01511007
0.96774194	0.58064516	-0.01054910	-0.08922759	1.01110058
1.00000000	0.58064516	0.00000000	0.00000000	1.00858886
0.00000000	0.61290323	0.00000000	0.00000000	0.98655483
0.03225806	0.61290323	-0.00313892	0.05513151	0.98579616
0.06451613	0.61290323	-0.01095047	0.09744320	0.98448507
0.09677419	0.61290323	-0.02179595	0.12819920	0.98354212
0.12903226	0.61290323	-0.03428202	0.14921503	0.98286104
0.16129032	0.61290323	-0.04737635	0.16245813	0.98231673
0.19354839	0.61290323	-0.06040840	0.16976232	0.98179159
0.22580645	0.61290323	-0.07301024	0.17266112	0.98118947
0.25806452	0.61290323	-0.08503867	0.17231554	0.98043951
0.29032258	0.61290323	-0.09650180	0.16950542	0.97949479
0.32258065	0.61290323	-0.10749983	0.16465679	0.97832993
0.35483871	0.61290323	-0.11818118	0.15788607	0.97694044
0.38709677	0.61290323	-0.12871070	0.14904991	0.97534505
0.41935484	0.61290323	-0.13924591	0.13779613	0.97359121
0.45161290	0.61290323	-0.14991678	0.12361583	0.97176291
0.48387097	0.61290323	-0.16080568	0.10589920	0.96998940
0.51612903	0.61290323	-0.17192396	0.08399853	0.96845239
0.54838710	0.61290323	-0.18318256	0.05730278	0.96738863
0.58064516	0.61290323	-0.19435347	0.02532818	0.96708368
0.61290323	0.61290323	-0.20502018	-0.01216842	0.96785261
0.64516129	0.61290323	-0.21451670	-0.05504383	0.97000288
0.67741935	0.61290323	-0.22186079	-0.10257677	0.97377629
0.70967742	0.61290323	-0.22569813	-0.15321641	0.97926946
0.74193548	0.61290323	-0.22429614	-0.20427014	0.98633979
0.77419355	0.61290323	-0.21565811	-0.25157240	0.99451683
0.80645161	0.61290323	-0.19786358	-0.28926942	1.00296025
0.83870968	0.61290323	-0.16974858	-0.31000572	1.01052544
0.87096774	0.61290323	-0.13195272	-0.30594732	1.01598705
0.90322581	0.61290323	-0.08808107	-0.27100115	1.01838947
0.93548387	0.61290323	-0.04523785	-0.20385886	1.01735706
0.96774194	0.61290323	-0.01288695	-0.10998653	1.01314341
1.00000000	0.61290323	0.00000000	0.00000000	1.01030818
0.00000000	0.64516129	0.00000000	0.00000000	0.98217201
0.03225806	0.64516129	-0.00346948	0.06081054	0.98134695
0.06451613	0.64516129	-0.01195692	0.10704951	0.97995182
0.09677419	0.64516129	-0.02345273	0.14008651	0.97901724
0.12903226	0.64516129	-0.03628382	0.16207807	0.97841505
0.16129032	0.64516129	-0.04926519	0.17539767	0.97798351
0.19354839	0.64516129	-0.06167924	0.18224722	0.97756762
0.22580645	0.64516129	-0.07317858	0.18444688	0.97704031
0.25806452	0.64516129	-0.08367473	0.18335793	0.97630787
0.29032258	0.64516129	-0.09324333	0.17988742	0.97530706
0.32258065	0.64516129	-0.10205473	0.17453418	0.97400078
0.35483871	0.64516129	-0.11032792	0.16744942	0.97237605
0.38709677	0.64516129	-0.11830152	0.15849830	0.97044602
0.41935484	0.64516129	-0.12621505	0.14731749	0.96825615
0.45161290	0.64516129	-0.13429472	0.13336928	0.96589363
0.48387097	0.64516129	-0.14273926	0.11599553	0.96349842
0.51612903	0.64516129	-0.15170167	0.09447520	0.96127337
0.54838710	0.64516129	-0.16126324	0.06808986	0.95949013
0.58064516	0.64516129	-0.17139565	0.03620171	0.95848653
0.61290323	0.64516129	-0.18190669	-0.00164865	0.95865057
0.64516129	0.64516129	-0.19236527	-0.04561201	0.96038569
0.67741935	0.64516129	-0.20200408	-0.09534650	0.96405201
0.70967742	0.64516129	-0.20960732	-0.14974887	0.96987980
0.74193548	0.64516129	-0.21341265	-0.20656914	0.97785543
0.77419355	0.64516129	-0.21109838	-0.26190611	0.98759211
0.80645161	0.64516129	-0.19999181	-0.30967766	0.99822351
0.83870968	0.64516129	-0.17769880	-0.34136771	1.00839861
0.87096774	0.64516129	-0.14334000	-0.34666237	1.01648171
0.90322581	0.64516129	-0.09932048	-0.31578675	1.02099550
0.93548387	0.64516129	-0.05286126	-0.24375572	1.02112946
0.96774194	0.64516129	-0.01559028	-0.13446543	1.01694194
1.00000000	0.64516129	0.00000000	0.00000000	1.01382767
0.00000000	0.67741935	0.00000000	0.00000000	0.97725631
0.03225806	0.67741935	-0.00398733	0.06708843	0.97633895
0.06451613	0.67741935	-0.01346902	0.11742645	0.97484612
0.09677419	0.67741935	-0.02584975	0.15252610	0.97397522
0.12903226	0.67741935	-0.03906371	0.17502749	0.97355588
0.16129032	0.67741935	-0.05174949	0.18785355	0.97336474
0.19354839	0.67741935	-0.06316945	0.19367571	0.97318962
0.22580645	0.67741935	-0.07304144	0.19465661	0.97286065
0.25806452	0.67741935	-0.08137479	0.19238030	0.97225574
0.29032258	0.67741935	-0.08834603	0.18788542	0.97129395
0.32258065	0.67741935	-0.09421799	0.18174138	0.96992720
0.35483871	0.67741935	-0.09929315	0.17413287	0.96813574
0.38709677	0.67741935	-0.10388958	0.16493704	0.96592913
0.41935484	0.67741935	-0.10832942	0.15378933	0.96335260
0.45161290	0.67741935	-0.11293260	0.14014005	0.96049773
0.48387097	0.67741935	-0.11801033	0.12330615	0.95751533
0.51612903	0.67741935	-0.12385415	0.10252251	0.95462804
0.54838710	0.67741935	-0.13071662	0.07699676	0.95213909
0.58064516	0.67741935	-0.13877892	0.04597163	0.95043311
0.61290323	0.67741935	-0.14809962	0.00880121	0.94996384
0.64516129	0.67741935	-0.15853692	-0.03494643	0.95122343
0.67741935	0.67741935	-0.16963542	-0.08533471	0.95468696
0.70967742	0.67741935	-0.18047173	-0.14180783	0.96072588
0.74193548	0.67741935	-0.18946825	-0.20277908	0.96948433
0.77419355	0.67741935	-0.19422749	-0.26499323	0.98071893
0.80645161	0.67741935	-0.19152675	-0.32266899	0.99362522
0.83870968	0.67741935	-0.17774501	-0.36665753	1.00672834
0.87096774	0.67741935	-0.15010191	-0.38432563	1.01799191
0.90322581	0.67741935	-0.10895857	-0.36147988	1.02529939
0.93548387	0.67741935	-0.06065592	-0.28758905	1.02720109
0.96774194	0.67741935	-0.01867728	-0.16284778	1.02338006
1.00000000	0.67741935	0.00000000	0.00000000	1.02007422
0.00000000	0.70967742	0.00000000	0.00000000	0.97167281
0.03225806	0.70967742	-0.00482179	0.07427956	0.97062568
0.06451613	0.70967742	-0.01579580	0.12891192	0.96902602
0.09677419	0.70967742	-0.02939283	0.16568120	0.96832215
0.12903226	0.70967742	-0.04300872	0.18797781	0.96825700
0.16129032	0.70967742	-0.05510762	0.19950341	0.96850116
0.19354839	0.70967742	-0.06500194	0.20353917	0.96875579
0.22580645	0.70967742	-0.07255746	0.20265223	0.96879402
0.25806452	0.70967742	-0.07795055	0.19866252	0.96846146
0.29032258	0.70967742	-0.08150730	0.19273062	0.96766106
0.32258065	0.70967742	-0.08361273	0.18548130	0.96633781
0.35483871	0.70967742	-0.08466778	0.17712101	0.96447000
0.38709677	0.70967742	-0.08507408	0.16753458	0.96206846
0.41935484	0.70967742	-0.08523271	0.15636052	0.95918272
0.45161290	0.70967742	-0.08554786	0.14305020	0.95591248
0.48387097	0.70967742	-0.08642960	0.12691708	0.95242197
0.51612903	0.70967742	-0.08829189	0.10718150	0.94895432
0.54838710	0.70967742	-0.09154214	0.08301463	0.94584267
0.58064516	0.70967742	-0.09655825	0.05358472	0.94351358
0.61290323	0.70967742	-0.10364734	0.01810936	0.94247825
0.64516129	0.70967742	-0.11297692	-0.02407620	0.94330606
0.67741935	0.70967742	-0.12446457	-0.07341168	0.94657462
0.70967742	0.70967742	-0.13760698	-0.12991603	0.95278868
0.74193548	0.70967742	-0.15123184	-0.19281338	0.96225822
0.77419355	0.70967742	-0.16318495	-0.25984760	0.97492441
0.80645161	0.70967742	-0.17005655	-0.32616013	0.99013343
0.83870968	0.70967742	-0.16724200	-0.38279254	1.00640868
0.87096774	0.70967742	-0.14990193	-0.41544881	1.02139328
0.90322581	0.70967742	-0.11551885	-0.40523272	1.03225905
0.93548387	0.70967742	-0.06814992	-0.33403700	1.03668045
0.96774194	0.70967742	-0.02218337	-0.19512134	1.03370653
1.00000000	0.70967742	0.00000000	0.00000000	1.03035414
0.00000000	0.74193548	0.00000000	0.00000000	0.96516685
0.03225806	0.74193548	-0.00619002	0.08288422	0.96394142
0.06451613	0.74193548	-0.01940046	0.14199749	0.96225126
0.09677419	0.74193548	-0.03461232	0.17973901	0.96191026
0.12903226	0.74193548	-0.04852342	0.20074228	0.96247997
0.16129032	0.74193548	-0.05949706	0.20984677	0.96344912
0.19354839	0.74193548	-0.06704521	0.21112555	0.96439240
0.22580645	0.74193548	-0.07132168	0.20760522	0.96501330
0.25806452	0.74193548	-0.07277184	0.20133013	0.96512697
0.29032258	0.74193548	-0.07193475	0.19354760	0.96462788
0.32258065	0.74193548	-0.06935124	0.18490186	0.96346333
0.35483871	0.74193548	-0.06553352	0.17559421	0.96161879
0.38709677	0.74193548	-0.06096566	0.16550198	0.95911475
0.41935484	0.74193548	-0.05611686	0.15426311	0.95601255
0.45161290	0.74193548	-0.05145761	0.14133694	0.95242646
0.48387097	0.74193548	-0.04747328	0.12605019	0.94853919
0.51612903	0.74193548	-0.04467212	0.10763506	0.94461765
0.54838710	0.74193548	-0.04358491	0.08526312	0.94102559
0.58064516	0.74193548	-0.04475361	0.05807684	0.93822910
0.61290323	0.74193548	-0.04870433	0.02521989	0.93679033
0.64516129	0.74193548	-0.05589664	-0.01412919	0.93734493
0.67741935	0.74193548	-0.06663354	-0.06070464	0.94055750
0.70967742	0.74193548	-0.08090488	-0.11504056	0.94704871
0.74193548	0.74193548	-0.09812304	-0.17720110	0.95728311
0.77419355	0.74193548	-0.11670999	-0.24616850	0.97140020
0.80645161	0.74193548	-0.13355765	-0.31861193	0.98896472
0.83870968	0.74193548	-0.14359455	-0.38681214	1.00863729
0.87096774	0.74193548	-0.14012482	-0.43604877	1.02789542
0.90322581	0.74193548	-0.11713208	-0.44323188	1.04320743
0.93548387	0.74193548	-0.07467819	-0.38092452	1.05111770
0.96774194	0.74193548	-0.02619293	-0.23099769	1.04967759
1.00000000	0.74193548	0.00000000	0.00000000	1.04650912
0.00000000	0.77419355	0.00000000	0.00000000	0.95725040
0.03225806	0.77419355	-0.00846615	0.09368002	0.95579951
0.06451613	0.77419355	-0.02495837	0.15733422	0.95411931
0.09677419	0.77419355	-0.04211124	0.19480415	0.95451878
0.12903226	0.77419355	-0.05583035	0.21286255	0.95618209
0.16129032	0.77419355	-0.06461978	0.21802519	0.95829627
0.19354839	0.77419355	-0.06847807	0.21536379	0.96026674
0.22580645	0.77419355	-0.06806545	0.20837887	0.96172663
0.25806452	0.77419355	-0.06423044	0.19927559	0.96247568
0.29032258	0.77419355	-0.05779398	0.18931002	0.96241820
0.32258065	0.77419355	-0.04947902	0.17908008	0.96152075
0.35483871	0.77419355	-0.03990973	0.16873544	0.95979050
0.38709677	0.77419355	-0.02963825	0.15811792	0.95726990
0.41935484	0.77419355	-0.01917841	0.14685247	0.95404244
0.45161290	0.77419355	-0.00903739	0.13440662	0.95024564
0.48387097	0.77419355	0.00025859	0.12013161	0.94608772
0.51612903	0.77419355	0.00814589	0.10329314	0.94186451
0.54838710	0.77419355	0.01401352	0.08309613	0.93797338
0.58064516	0.77419355	0.01720276	0.05870414	0.93492016
0.61290323	0.77419355	0.01701865	0.02925240	0.93331502
0.64516129	0.77419355	0.01275874	-0.00614698	0.93385274
0.67741935	0.77419355	0.00377165	-0.04840343	0.93727302
0.70967742	0.77419355	-0.01042725	-0.09842652	0.94429522
0.74193548	0.77419355	-0.02992856	-0.15700827	0.95551908
0.77419355	0.77419355	-0.05400110	-0.22441298	0.97127391
0.80645161	0.77419355	-0.08037143	-0.29927556	0.99137917
0.83870968	0.77419355	-0.10427047	-0.37622536	1.01476267
0.87096774	0.77419355	-0.11782825	-0.44191126	1.03895676
0.90322581	0.77419355	-0.11139256	-0.47067934	1.05985336
0.93548387	0.77419355	-0.07925197	-0.42497613	1.07261718
0.96774194	0.77419355	-0.03086842	-0.26979952	1.07377248
1.00000000	0.77419355	0.00000000	0.00000000	1.07117344
0.00000000	0.80645161	0.00000000	0.00000000	0.94696051
0.03225806	0.80645161	-0.01230475	0.10784259	0.94529345
0.06451613	0.80645161	-0.03337184	0.17564257	0.94396756
0.09677419	0.80645161	-0.05229140	0.21061100	0.94584615
0.12903226	0.80645161	-0.06439121	0.22325083	0.94934798
0.16129032	0.80645161	-0.06891522	0.22249449	0.95319811
0.19354839	0.80645161	-0.06684976	0.21457122	0.95661478
0.22580645	0.80645161	-0.05966233	0.20335760	0.95919303
0.25806452	0.80645161	-0.04874567	0.19105866	0.96075735
0.29032258	0.80645161	-0.03524593	0.17879618	0.96125664
0.32258065	0.80645161	-0.02006006	0.16701761	0.96070391
0.35483871	0.80645161	-0.00389204	0.15575345	0.95914887
0.38709677	0.80645161	0.01267993	0.14477067	0.95667179
0.41935484	0.80645161	0.02914276	0.13366226	0.95339070
0.45161290	0.80645161	0.04499911	0.12189994	0.94947609
0.48387097	0.80645161	0.05972927	0.10886692	0.94516922
0.51612903	0.80645161	0.07276313	0.09388014	0.94080043
0.54838710	0.80645161	0.08346126	0.07620626	0.93680434
0.58064516	0.80645161	0.09110435	0.05507172	0.93372823
0.61290323	0.80645161	0.09489111	0.02966392	0.93222989
0.64516129	0.80645161	0.09394640	-0.00088218	0.93306086
0.67741935	0.80645161	0.08734655	-0.03751864	0.93703097
0.70967742	0.80645161	0.07418104	-0.08134034	0.94495012
0.74193548	0.80645161	0.05369993	-0.13362723	0.95754131
0.77419355	0.80645161	0.02565617	-0.19572563	0.97531265
0.80645161	0.80645161	-0.00896252	-0.26834255	0.99835352
0.83870968	0.80645161	-0.04661041	-0.34935530	1.02596823
0.87096774	0.80645161	-0.07947733	-0.42892666	1.05602080
0.90322581	0.80645161	-0.09496371	-0.48180816	1.08413386
0.93548387	0.80645161	-0.08018730	-0.46144866	1.10391172
0.96774194	0.80645161	-0.03639545	-0.31024964	1.10952474
1.00000000	0.80645161	0.00000000	0.00000000	1.10822025
0.00000000	0.83870968	0.00000000	0.00000000	0.93231182
0.03225806	0.83870968	-0.01882773	0.12705186	0.93069628
0.06451613	0.83870968	-0.04549935	0.19732086	0.93074770
0.09677419	0.83870968	-0.06436313	0.22582352	0.93555623
0.12903226	0.83870968	-0.07134339	0.22948637	0.94208099
0.16129032	0.83870968	-0.06769626	0.22048374	0.94846079
0.19354839	0.83870968	-0.05614726	0.20611090	0.95380257
0.22580645	0.83870968	-0.03927507	0.19027478	0.95776319
0.25806452	0.83870968	-0.01906747	0.17485920	0.96027240
0.29032258	0.83870968	0.00306529	0.16062441	0.96138140
0.32258065	0.83870968	0.02614958	0.14772618	0.96118937
0.35483871	0.83870968	0.04950131	0.13599546	0.95981533
0.38709677	0.83870968	0.07260635	0.12508314	0.95739560
0.41935484	0.83870968	0.09503084	0.11453329	0.95409523
0.45161290	0.83870968	0.11635571	0.10382011	0.95012630
0.48387097	0.83870968	0.13612921	0.09236760	0.94576891
0.51612903	0.83870968	0.15383246	0.07956116	0.94139151
0.54838710	0.83870968	0.16885488	0.06475491	0.93746773
0.58064516	0.83870968	0.18047696	0.04727430	0.93458662
0.61290323	0.83870968	0.18785870	0.02641036	0.93345300
0.64516129	0.83870968	0.19003268	0.00139759	0.93487447
0.67741935	0.83870968	0.18590236	-0.02863806	0.93973164
0.70967742	0.83870968	0.17425315	-0.06477989	0.94892820
0.74193548	0.83870968	0.15380436	-0.10848339	0.96331718
0.77419355	0.83870968	0.12338956	-0.16175052	0.98359657
0.80645161	0.83870968	0.08249088	-0.22700896	1.01015260
0.83870968	0.83870968	0.03256995	-0.30571053	1.04277114
0.87096774	0.83870968	-0.02036018	-0.39355796	1.07998637
0.90322581	0.83870968	-0.06268561	-0.46996936	1.11775924
0.93548387	0.83870968	-0.07415044	-0.48354438	1.14826312
0.96774194	0.83870968	-0.04258702	-0.34998681	1.16199816
1.00000000	0.83870968	0.00000000	0.00000000	1.16353551
0.00000000	0.87096774	0.00000000	0.00000000	0.90897815
0.03225806	0.87096774	-0.02968164	0.15334195	0.90864852
0.06451613	0.87096774	-0.06058268	0.22117798	0.91296635
0.09677419	0.87096774	-0.07314714	0.23645504	0.92350063
0.12903226	0.87096774	-0.06751776	0.22658395	0.93484279
0.16129032	0.87096774	-0.04914585	0.20729836	0.94473587
0.19354839	0.87096774	-0.02319997	0.18615004	0.95246893
0.22580645	0.87096774	0.00667042	0.16627781	0.95797608
0.25806452	0.87096774	0.03816938	0.14871830	0.96143380
0.29032258	0.87096774	0.06993363	0.13357913	0.96308354
0.32258065	0.87096774	0.10117510	0.12058160	0.96316265
0.35483871	0.87096774	0.13143188	0.10929668	0.96188909
0.38709677	0.87096774	0.16040505	0.09924114	0.95947156
0.41935484	0.87096774	0.18785288	0.08991290	0.95613060
0.45161290	0.87096774	0.21352109	0.08080158	0.95212369
0.48387097	0.87096774	0.23709536	0.07139018	0.94777056
0.51612903	0.87096774	0.25816810	0.06115447	0.94347631
0.54838710	0.87096774	0.27621432	0.04956176	0.93975044
0.58064516	0.87096774	0.29057339	0.03606791	0.93721928
0.61290323	0.87096774	0.30043412	0.02010821	0.93662976
0.64516129	0.87096774	0.30482011	0.00107417	0.93884159
0.67741935	0.87096774	0.30257193	-0.02173911	0.94480599
0.70967742	0.87096774	0.29232267	-0.04924233	0.95552870
0.74193548	0.87096774	0.27246932	-0.08276363	0.97201592
0.77419355	0.87096774	0.24117415	-0.12441214	0.99520078
0.80645161	0.87096774	0.19654808	-0.17752293	1.02584171
0.83870968	0.87096774	0.13750289	-0.24650422	1.06435067
0.87096774	0.87096774	0.06635111	-0.33367109	1.11034561
0.90322581	0.87096774	-0.00582425	-0.42801788	1.16120654
0.93548387	0.87096774	-0.05389004	-0.48154723	1.20883063
0.96774194	0.87096774	-0.04744830	-0.38440008	1.23834686
1.00000000	0.87096774	0.00000000	0.00000000	1.24634930
0.00000000	0.90322581	0.00000000	0.00000000	0.86703385
0.03225806	0.90322581	-0.04525723	0.18763455	0.87257327
0.06451613	0.90322581	-0.06925996	0.24078636	0.88909992
0.09677419	0.90322581	-0.05957001	0.23275860	0.91044527
0.12903226	0.90322581	-0.02836429	0.20548509	0.92909208
0.16129032	0.90322581	0.01299629	0.17616595	0.94349416
0.19354839	0.90322581	0.05767115	0.15029463	0.95382981
0.22580645	0.90322581	0.10213275	0.12890543	0.96073289
0.25806452	0.90322581	0.14475117	0.11159599	0.96485903
0.29032258	0.90322581	0.18488407	0.09761870	0.96675468
0.32258065	0.90322581	0.22236666	0.08622794	0.96684559
0.35483871	0.90322581	0.25723667	0.07676551	0.96546669
0.38709677	0.90322581	0.28958546	0.06866214	0.96290195
0.41935484	0.90322581	0.31947520	0.06141725	0.95942360
0.45161290	0.90322581	0.34689027	0.05457765	0.95532759
0.48387097	0.90322581	0.37170679	0.04772059	0.95096467
0.51612903	0.90322581	0.39367199	0.04044221	0.94676684
0.54838710	0.90322581	0.41238910	0.03234963	0.94326858
0.58064516	0.90322581	0.42730525	0.02305451	0.94112168
0.61290323	0.90322581	0.43770001	0.01216366	0.94110254
0.64516129	0.90322581	0.44267112	-0.00074022	0.94411091
0.67741935	0.90322581	0.44111203	-0.01614062	0.95115955
0.70967742	0.90322581	0.43167091	-0.03467727	0.96335609
0.74193548	0.90322581	0.41267472	-0.05733485	0.98187983
0.77419355	0.90322581	0.38199819	-0.08582927	1.00795825
0.80645161	0.90322581	0.33689350	-0.12333769	1.04284762
0.83870968	0.90322581	0.27402686	-0.17551354	1.08781421
0.87096774	0.90322581	0.19082115	-0.25023080	1.14405259
0.90322581	0.90322581	0.09100170	-0.34972820	1.21194295
0.93548387	0.90322581	-0.00305419	-0.44192031	1.28671505
0.96774194	0.90322581	-0.04276576	-0.40387683	1.34818560
1.00000000	0.90322581	0.00000000	0.00000000	1.37169690
0.00000000	0.93548387	0.00000000	0.00000000	0.78395382
0.03225806	0.93548387	-0.04882529	0.22260191	0.81009955
0.06451613	0.93548387	-0.02654758	0.23549075	0.85985967
0.09677419	0.93548387	0.03284087	0.19555936	0.90052868
0.12903226	0.93548387	0.10167222	0.15401766	0.92905204
0.16129032	0.93548387	0.16819897	0.12126293	0.94796323
0.19354839	0.93548387	0.22862298	0.09701358	0.96005232
0.22580645	0.93548387	0.28233459	0.07919779	0.96738593
0.25806452	0.93548387	0.32984704	0.06596699	0.97134551
0.29032258	0.93548387	0.37197589	0.05596365	0.97283288
0.32258065	0.93548387	0.40952798	0.04822900	0.97244637
0.35483871	0.93548387	0.44319063	0.04207788	0.97060553
0.38709677	0.93548387	0.47349706	0.03700262	0.96763729
0.41935484	0.93548387	0.50081912	0.03260810	0.96383726
0.45161290	0.93548387	0.52536818	0.02857000	0.95951545
0.48387097	0.93548387	0.54719743	0.02460847	0.95503208
0.51612903	0.93548387	0.56620349	0.02047217	0.95082613
0.54838710	0.93548387	0.58212680	0.01592851	0.94743780
0.58064516	0.93548387	0.59455094	0.01075701	0.94552484
0.61290323	0.93548387	0.60289982	0.00474235	0.94587290
0.64516129	0.93548387	0.60643043	-0.00233784	0.94940009
0.67741935	0.93548387	0.60421532	-0.01073888	0.95715792
0.70967742	0.93548387	0.59510264	-0.02080500	0.97033380
0.74193548	0.93548387	0.57762920	-0.03309089	0.99026564
0.77419355	0.93548387	0.54983725	-0.04863091	1.01848826
0.80645161	0.93548387	0.50890538	-0.06955159	1.05684439
0.83870968	0.93548387	0.45049303	-0.10043185	1.10771335
0.87096774	0.93548387	0.36806489	-0.15064591	1.17445074
0.90322581	0.93548387	0.25464697	-0.23414253	1.26213591
0.93548387	0.93548387	0.11563629	-0.34777977	1.37627556
0.96774194	0.93548387	-0.00016065	-0.38745425	1.50281495
1.00000000	0.93548387	0.00000000	0.00000000	1.56506559
0.00000000	0.96774194	0.00000000	0.00000000	0.60384028
0.03225806	0.96774194	0.09628249	0.21418213	0.70039414
0.06451613	0.96774194	0.22260191	0.15912021	0.84191669
0.09677419	0.96774194	0.33177324	0.10453881	0.90945321
0.12903226	0.96774194	0.41816128	0.07012698	0.94418245
0.16129032	0.96774194	0.48579091	0.04921519	0.96311254
0.19354839	0.96774194	0.53942421	0.03615902	0.97357676
0.22580645	0.96774194	0.58280449	0.02768138	0.97906000
0.25806452	0.96774194	0.61862201	0.02195470	0.98135502
0.29032258	0.96774194	0.64877148	0.01793776	0.98145016
0.32258065	0.96774194	0.67458566	0.01501321	0.97993117
0.35483871	0.96774194	0.69700049	0.01279644	0.97718079
0.38709677	0.96774194	0.71666355	0.01103365	0.97348833
0.41935484	0.96774194	0.73400311	0.00954614	0.96911696
0.45161290	0.96774194	0.74927166	0.00819934	0.96434978
0.48387097	0.96774194	0.76257311	0.00688529	0.95952427
0.51612903	0.96774194	0.77388013	0.00551285	0.95505937
0.54838710	0.96774194	0.78304530	0.00400218	0.95147695
0.58064516	0.96774194	0.78980865	0.00228150	0.94941804
0.61290323	0.96774194	0.79380231	0.00028418	0.94965437
0.64516129	0.96774194	0.79455101	-0.00205571	0.95309623
0.67741935	0.96774194	0.79146448	-0.00481281	0.96080040
0.70967742	0.96774194	0.78381214	-0.00809113	0.97398625
0.74193548	0.96774194	0.77065949	-0.01206945	0.99407766
0.77419355	0.96774194	0.75072126	-0.01710544	1.02280721
0.80645161	0.96774194	0.72202859	-0.02399346	1.06246043
0.83870968	0.96774194	0.68116968	-0.03467305	1.11643662
0.87096774	0.96774194	0.62159676	-0.05438473	1.19057001
0.90322581	0.96774194	0.53052378	-0.09729958	1.29636604
0.93548387	0.96774194	0.38745424	-0.18711268	1.45644109
0.96774194	0.96774194	0.18274403	-0.28824053	1.70196918
1.00000000	0.96774194	0.00000000	0.00000000	1.85017260
0.00000000	1.00000000	1.00000000	0.00000000	0.47944613
0.03225806	1.00000000	1.00000000	0.00000000	0.63052968
0.06451613	1.00000000	1.00000000	0.00000000	0.83959259
0.09677419	1.00000000	1.00000000	0.00000000	0.92170391
0.12903226	1.00000000	1.00000000	0.00000000	0.95712321
0.16129032	1.00000000	1.00000000	0.00000000	0.97404883
0.19354839	1.00000000	1.00000000	0.00000000	0.98243360
0.22580645	1.00000000	1.00000000	0.00000000	0.98623737
0.25806452	1.00000000	1.00000000	0.00000000	0.98724966
0.29032258	1.00000000	1.00000000	0.00000000	0.98637356
0.32258065	1.00000000	1.00000000	0.00000000	0.98411464
0.35483871	1.00000000	1.00000000	0.00000000	0.98079421
0.38709677	1.00000000	1.00000000	0.00000000	0.97665666
0.41935484	1.00000000	1.00000000	0.00000000	0.97193203
0.45161290	1.00000000	1.00000000	0.00000000	0.96687815
0.48387097	1.00000000	1.00000000	0.00000000	0.96181216
0.51612903	1.00000000	1.00000000	0.00000000	0.95713578
0.54838710	1.00000000	1.00000000	0.00000000	0.95335548
0.58064516	1.00000000	1.00000000	0.00000000	0.95109831
0.61290323	1.00000000	1.00000000	0.00000000	0.95112335
0.64516129	1.00000000	1.00000000	0.00000000	0.95433041
0.67741935	1.00000000	1.00000000	0.00000000	0.96176969
0.70967742	1.00000000	1.00000000	0.00000000	0.97466163
0.74193548	1.00000000	1.00000000	0.00000000	0.99444678
0.77419355	1.00000000	1.00000000	0.00000000	1.02290937
0.80645161	1.00000000	1.00000000	0.00000000	1.06247607
0.83870968	1.00000000	1.00000000	0.00000000	1.11694991
0.87096774	1.00000000	1.00000000	0.00000000	1.19340393
0.90322581	1.00000000	1.00000000	0.00000000	1.30702026
0.93548387	1.00000000	1.00000000	0.00000000	1.49023629
0.96774194	1.00000000	1.00000000	0.00000000	1.81114693
1.00000000	1.00000000	1.00000000	0.00000000	2.01756164
