VARIABLES="X","Y","U","V","P"
ZONE  F=POINT
I=32, J=32
0.00000000	0.00000000	0.00000000	0.00000000	1.00965855
0.03225806	0.00000000	0.00000000	0.00000000	1.00957198
0.06451613	0.00000000	0.00000000	0.00000000	1.00933980
0.09677419	0.00000000	0.00000000	0.00000000	1.00904172
0.12903226	0.00000000	0.00000000	0.00000000	1.00876516
0.16129032	0.00000000	0.00000000	0.00000000	1.00856618
0.19354839	0.00000000	0.00000000	0.00000000	1.00847657
0.22580645	0.00000000	0.00000000	0.00000000	1.00851221
0.25806452	0.00000000	0.00000000	0.00000000	1.00867933
0.29032258	0.00000000	0.00000000	0.00000000	1.00897852
0.32258065	0.00000000	0.00000000	0.00000000	1.00940696
0.35483871	0.00000000	0.00000000	0.00000000	1.00995919
0.38709677	0.00000000	0.00000000	0.00000000	1.01062694
0.41935484	0.00000000	0.00000000	0.00000000	1.01139846
0.45161290	0.00000000	0.00000000	0.00000000	1.01225757
0.48387097	0.00000000	0.00000000	0.00000000	1.01318284
0.51612903	0.00000000	0.00000000	0.00000000	1.01414713
0.54838710	0.00000000	0.00000000	0.00000000	1.01511777
0.58064516	0.00000000	0.00000000	0.00000000	1.01605751
0.61290323	0.00000000	0.00000000	0.00000000	1.01692650
0.64516129	0.00000000	0.00000000	0.00000000	1.01768508
0.67741935	0.00000000	0.00000000	0.00000000	1.01829729
0.70967742	0.00000000	0.00000000	0.00000000	1.01873478
0.74193548	0.00000000	0.00000000	0.00000000	1.01898063
0.77419355	0.00000000	0.00000000	0.00000000	1.01903250
0.80645161	0.00000000	0.00000000	0.00000000	1.01890484
0.83870968	0.00000000	0.00000000	0.00000000	1.01862986
0.87096774	0.00000000	0.00000000	0.00000000	1.01825732
0.90322581	0.00000000	0.00000000	0.00000000	1.01785337
0.93548387	0.00000000	0.00000000	0.00000000	1.01749794
0.96774194	0.00000000	0.00000000	0.00000000	1.01727695
1.00000000	0.00000000	0.00000000	0.00000000	1.01721081
0.00000000	0.03225806	0.00000000	0.00000000	1.00974513
0.03225806	0.03225806	0.00000700	-0.00000629	1.00965786
0.06451613	0.03225806	-0.00031321	0.00021422	1.00943897
0.09677419	0.03225806	-0.00103766	0.00045976	1.00917300
0.12903226	0.03225806	-0.00212801	0.00066340	1.00893108
0.16129032	0.03225806	-0.00350408	0.00080997	1.00876115
0.19354839	0.03225806	-0.00507751	0.00090223	1.00869182
0.22580645	0.03225806	-0.00676553	0.00094778	1.00873818
0.25806452	0.03225806	-0.00849487	0.00095404	1.00890678
0.29032258	0.03225806	-0.01020117	0.00092661	1.00919885
0.32258065	0.03225806	-0.01182677	0.00086894	1.00961221
0.35483871	0.03225806	-0.01331820	0.00078275	1.01014198
0.38709677	0.03225806	-0.01462435	0.00066873	1.01078042
0.41935484	0.03225806	-0.01569580	0.00052735	1.01151635
0.45161290	0.03225806	-0.01648543	0.00035979	1.01233434
0.48387097	0.03225806	-0.01695034	0.00016872	1.01321398
0.51612903	0.03225806	-0.01705497	-0.00004097	1.01412953
0.54838710	0.03225806	-0.01677508	-0.00026180	1.01505014
0.58064516	0.03225806	-0.01610203	-0.00048355	1.01594078
0.61290323	0.03225806	-0.01504688	-0.00069362	1.01676415
0.64516129	0.03225806	-0.01364353	-0.00087780	1.01748328
0.67741935	0.03225806	-0.01195016	-0.00102149	1.01806488
0.70967742	0.03225806	-0.01004842	-0.00111126	1.01848296
0.74193548	0.03225806	-0.00804002	-0.00113647	1.01872234
0.77419355	0.03225806	-0.00604054	-0.00109082	1.01878154
0.80645161	0.03225806	-0.00417090	-0.00097366	1.01867469
0.83870968	0.03225806	-0.00254685	-0.00079083	1.01843217
0.87096774	0.03225806	-0.00126696	-0.00055591	1.01810000
0.90322581	0.03225806	-0.00039856	-0.00029300	1.01773802
0.93548387	0.03225806	0.00004064	-0.00004513	1.01741668
0.96774194	0.03225806	0.00011095	0.00010541	1.01721008
1.00000000	0.03225806	0.00000000	0.00000000	1.01714466
0.00000000	0.06451613	0.00000000	0.00000000	1.00998043
0.03225806	0.06451613	-0.00021985	0.00031320	1.00987534
0.06451613	0.06451613	-0.00106954	0.00104464	1.00965076
0.09677419	0.06451613	-0.00257875	0.00181478	1.00942061
0.12903226	0.06451613	-0.00467476	0.00246640	1.00922684
0.16129032	0.06451613	-0.00723477	0.00294948	1.00910100
0.19354839	0.06451613	-0.01012047	0.00326144	1.00906380
0.22580645	0.06451613	-0.01319640	0.00341734	1.00912726
0.25806452	0.06451613	-0.01633750	0.00343562	1.00929728
0.29032258	0.06451613	-0.01943014	0.00333189	1.00957557
0.32258065	0.06451613	-0.02237022	0.00311701	1.00996091
0.35483871	0.06451613	-0.02506049	0.00279756	1.01044951
0.38709677	0.06451613	-0.02740852	0.00237759	1.01103484
0.41935484	0.06451613	-0.02932611	0.00186107	1.01170713
0.45161290	0.06451613	-0.03073073	0.00125453	1.01245264
0.48387097	0.06451613	-0.03154890	0.00056953	1.01325308
0.51612903	0.06451613	-0.03172128	-0.00017527	1.01408534
0.54838710	0.06451613	-0.03120905	-0.00095295	1.01492173
0.58064516	0.06451613	-0.03000073	-0.00172821	1.01573087
0.61290323	0.06451613	-0.02811854	-0.00245850	1.01647939
0.64516129	0.06451613	-0.02562311	-0.00309673	1.01713437
0.67741935	0.06451613	-0.02261554	-0.00359511	1.01766634
0.70967742	0.06451613	-0.01923577	-0.00391014	1.01805256
0.74193548	0.06451613	-0.01565674	-0.00400789	1.01828012
0.77419355	0.06451613	-0.01207395	-0.00386913	1.01834846
0.80645161	0.06451613	-0.00869104	-0.00349370	1.01827073
0.83870968	0.06451613	-0.00570189	-0.00290394	1.01807390
0.87096774	0.06451613	-0.00327022	-0.00214829	1.01779733
0.90322581	0.06451613	-0.00150702	-0.00130760	1.01749003
0.93548387	0.06451613	-0.00044566	-0.00050951	1.01720635
0.96774194	0.06451613	-0.00001359	0.00004064	1.01700026
1.00000000	0.06451613	0.00000000	0.00000000	1.01692312
0.00000000	0.09677419	0.00000000	0.00000000	1.01028920
0.03225806	0.09677419	-0.00049385	0.00106324	1.01014324
0.06451613	0.09677419	-0.00194033	0.00257311	1.00986548
0.09677419	0.09677419	-0.00425975	0.00406496	1.00962630
0.12903226	0.09677419	-0.00732066	0.00531940	1.00944531
0.16129032	0.09677419	-0.01095948	0.00625566	1.00933878
0.19354839	0.09677419	-0.01500154	0.00686385	1.00931802
0.22580645	0.09677419	-0.01927537	0.00716480	1.00938983
0.25806452	0.09677419	-0.02361971	0.00718776	1.00955764
0.29032258	0.09677419	-0.02788504	0.00695931	1.00982247
0.32258065	0.09677419	-0.03193219	0.00649928	1.01018343
0.35483871	0.09677419	-0.03562998	0.00582104	1.01063776
0.38709677	0.09677419	-0.03885357	0.00493433	1.01118039
0.41935484	0.09677419	-0.04148437	0.00384956	1.01180331
0.45161290	0.09677419	-0.04341220	0.00258258	1.01249481
0.48387097	0.09677419	-0.04453975	0.00115926	1.01323880
0.51612903	0.09677419	-0.04478909	-0.00038084	1.01401446
0.54838710	0.09677419	-0.04410959	-0.00198236	1.01479636
0.58064516	0.09677419	-0.04248649	-0.00357407	1.01555527
0.61290323	0.09677419	-0.03994880	-0.00507125	1.01625974
0.64516129	0.09677419	-0.03657532	-0.00638081	1.01687836
0.67741935	0.09677419	-0.03249733	-0.00740884	1.01738276
0.70967742	0.09677419	-0.02789675	-0.00807006	1.01775083
0.74193548	0.09677419	-0.02299885	-0.00829829	1.01796971
0.77419355	0.09677419	-0.01805908	-0.00805652	1.01803824
0.80645161	0.09677419	-0.01334439	-0.00734572	1.01796804
0.83870968	0.09677419	-0.00911009	-0.00621166	1.01778324
0.87096774	0.09677419	-0.00557376	-0.00475078	1.01751841
0.90322581	0.09677419	-0.00288831	-0.00311756	1.01721514
0.93548387	0.09677419	-0.00111643	-0.00153855	1.01691730
0.96774194	0.09677419	-0.00020995	-0.00034026	1.01666542
1.00000000	0.09677419	0.00000000	0.00000000	1.01655565
0.00000000	0.12903226	0.00000000	0.00000000	1.01058258
0.03225806	0.12903226	-0.00075727	0.00225351	1.01038746
0.06451613	0.12903226	-0.00279762	0.00481052	1.01003567
0.09677419	0.12903226	-0.00591635	0.00719508	1.00976237
0.12903226	0.12903226	-0.00990656	0.00916612	1.00957116
0.16129032	0.12903226	-0.01455699	0.01063035	1.00946566
0.19354839	0.12903226	-0.01965870	0.01157732	1.00944825
0.22580645	0.12903226	-0.02501167	0.01203549	1.00952007
0.25806452	0.12903226	-0.03042815	0.01204527	1.00968141
0.29032258	0.12903226	-0.03573283	0.01164435	1.00993200
0.32258065	0.12903226	-0.04076094	0.01086194	1.01027104
0.35483871	0.12903226	-0.04535592	0.00971893	1.01069674
0.38709677	0.12903226	-0.04936793	0.00823196	1.01120566
0.41935484	0.12903226	-0.05265409	0.00641969	1.01179181
0.45161290	0.12903226	-0.05508117	0.00430990	1.01244569
0.48387097	0.12903226	-0.05653079	0.00194642	1.01315338
0.51612903	0.12903226	-0.05690689	-0.00060544	1.01389604
0.54838710	0.12903226	-0.05614501	-0.00325556	1.01464978
0.58064516	0.12903226	-0.05422230	-0.00588900	1.01538631
0.61290323	0.12903226	-0.05116712	-0.00836967	1.01607439
0.64516129	0.12903226	-0.04706678	-0.01054821	1.01668210
0.67741935	0.12903226	-0.04207159	-0.01227369	1.01717992
0.70967742	0.12903226	-0.03639390	-0.01340863	1.01754408
0.74193548	0.12903226	-0.03030051	-0.01384556	1.01775990
0.77419355	0.12903226	-0.02409791	-0.01352359	1.01782425
0.80645161	0.12903226	-0.01811050	-0.01244269	1.01774678
0.83870968	0.12903226	-0.01265310	-0.01067457	1.01754937
0.87096774	0.12903226	-0.00800022	-0.00837008	1.01726377
0.90322581	0.12903226	-0.00435575	-0.00576494	1.01692757
0.93548387	0.12903226	-0.00182744	-0.00318787	1.01657927
0.96774194	0.12903226	-0.00041213	-0.00107579	1.01625261
1.00000000	0.12903226	0.00000000	0.00000000	1.01609844
0.00000000	0.16129032	0.00000000	0.00000000	1.01079432
0.03225806	0.16129032	-0.00099752	0.00386084	1.01054889
0.06451613	0.16129032	-0.00360128	0.00773217	1.01011646
0.09677419	0.16129032	-0.00748745	0.01117389	1.00979656
0.12903226	0.16129032	-0.01236823	0.01396003	1.00958133
0.16129032	0.16129032	-0.01797955	0.01600778	1.00946429
0.19354839	0.16129032	-0.02407720	0.01731851	1.00944011
0.22580645	0.16129032	-0.03043569	0.01793424	1.00950465
0.25806452	0.16129032	-0.03684658	0.01790891	1.00965511
0.29032258	0.16129032	-0.04311591	0.01729208	1.00988990
0.32258065	0.16129032	-0.04906070	0.01612236	1.01020828
0.35483871	0.16129032	-0.05450586	0.01442802	1.01060953
0.38709677	0.16129032	-0.05928227	0.01223249	1.01109203
0.41935484	0.16129032	-0.06322693	0.00956278	1.01165202
0.45161290	0.16129032	-0.06618573	0.00645926	1.01228238
0.48387097	0.16129032	-0.06801903	0.00298497	1.01297144
0.51612903	0.16129032	-0.06860988	-0.00076662	1.01370211
0.54838710	0.16129032	-0.06787446	-0.00466696	1.01445153
0.58064516	0.16129032	-0.06577384	-0.00855196	1.01519142
0.61290323	0.16129032	-0.06232580	-0.01222677	1.01588940
0.64516129	0.16129032	-0.05761515	-0.01547635	1.01651131
0.67741935	0.16129032	-0.05180055	-0.01808171	1.01702445
0.70967742	0.16129032	-0.04511570	-0.01984115	1.01740137
0.74193548	0.16129032	-0.03786305	-0.02059429	1.01762361
0.77419355	0.16129032	-0.03039854	-0.02024654	1.01768472
0.80645161	0.16129032	-0.02310732	-0.01879054	1.01759179
0.83870968	0.16129032	-0.01637196	-0.01632195	1.01736493
0.87096774	0.16129032	-0.01053636	-0.01304813	1.01703481
0.90322581	0.16129032	-0.00587052	-0.00929034	1.01663831
0.93548387	0.16129032	-0.00254249	-0.00548218	1.01621324
0.96774194	0.16129032	-0.00060433	-0.00216770	1.01579280
1.00000000	0.16129032	0.00000000	0.00000000	1.01558742
0.00000000	0.19354839	0.00000000	0.00000000	1.01087439
0.03225806	0.19354839	-0.00121571	0.00585477	1.01058039
0.06451613	0.19354839	-0.00434595	0.01130044	1.01006735
0.09677419	0.19354839	-0.00895985	0.01596202	1.00969564
0.12903226	0.19354839	-0.01469068	0.01965820	1.00944870
0.16129032	0.19354839	-0.02122035	0.02233931	1.00931187
0.19354839	0.19354839	-0.02826905	0.02403344	1.00927331
0.22580645	0.19354839	-0.03558758	0.02480486	1.00932434
0.25806452	0.19354839	-0.04295078	0.02472548	1.00945945
0.29032258	0.19354839	-0.05015127	0.02385846	1.00967602
0.32258065	0.19354839	-0.05699363	0.02225188	1.00997353
0.35483871	0.19354839	-0.06328966	0.01994049	1.01035262
0.38709677	0.19354839	-0.06885538	0.01695302	1.01081373
0.41935484	0.19354839	-0.07351040	0.01332314	1.01135562
0.45161290	0.19354839	-0.07708026	0.00910199	1.01197385
0.48387097	0.19354839	-0.07940195	0.00437056	1.01265919
0.51612903	0.19354839	-0.08033262	-0.00075001	1.01339635
0.54838710	0.19354839	-0.07976118	-0.00609160	1.01416327
0.58064516	0.19354839	-0.07762212	-0.01143766	1.01493106
0.61290323	0.19354839	-0.07391037	-0.01652837	1.01566518
0.64516129	0.19354839	-0.06869544	-0.02107347	1.01632771
0.67741935	0.19354839	-0.06213255	-0.02477315	1.01688089
0.70967742	0.19354839	-0.05446805	-0.02734613	1.01729143
0.74193548	0.19354839	-0.04603611	-0.02856273	1.01753500
0.77419355	0.19354839	-0.03724447	-0.02827933	1.01760010
0.80645161	0.19354839	-0.02854820	-0.02646926	1.01749026
0.83870968	0.19354839	-0.02041287	-0.02324554	1.01722399
0.87096774	0.19354839	-0.01327106	-0.01887152	1.01683232
0.90322581	0.19354839	-0.00747906	-0.01375881	1.01635428
0.93548387	0.19354839	-0.00328162	-0.00845406	1.01583122
0.96774194	0.19354839	-0.00079290	-0.00361828	1.01530098
1.00000000	0.19354839	0.00000000	0.00000000	1.01503841
0.00000000	0.22580645	0.00000000	0.00000000	1.01078277
0.03225806	0.22580645	-0.00141590	0.00820677	1.01044276
0.06451613	0.22580645	-0.00503756	0.01547630	1.00985186
0.09677419	0.22580645	-0.01033898	0.02151861	1.00942699
0.12903226	0.22580645	-0.01687986	0.02622052	1.00914430
0.16129032	0.22580645	-0.02429006	0.02958614	1.00898224
0.19354839	0.22580645	-0.03225540	0.03168572	1.00892339
0.22580645	0.22580645	-0.04050511	0.03261596	1.00895523
0.25806452	0.22580645	-0.04880061	0.03247258	1.00907010
0.29032258	0.22580645	-0.05692550	0.03133491	1.00926470
0.32258065	0.22580645	-0.06467675	0.02926074	1.00953915
0.35483871	0.22580645	-0.07185767	0.02628977	1.00989573
0.38709677	0.22580645	-0.07827303	0.02245321	1.01033732
0.41935484	0.22580645	-0.08372707	0.01778765	1.01086569
0.45161290	0.22580645	-0.08802472	0.01235080	1.01147952
0.48387097	0.22580645	-0.09097655	0.00623732	1.01217250
0.51612903	0.22580645	-0.09240759	-0.00040740	1.01293157
0.54838710	0.22580645	-0.09217008	-0.00737746	1.01373560
0.58064516	0.22580645	-0.09015958	-0.01440276	1.01455498
0.61290323	0.22580645	-0.08633363	-0.02115346	1.01535231
0.64516129	0.22580645	-0.08073112	-0.02725418	1.01608462
0.67741935	0.22580645	-0.07348966	-0.03230911	1.01670719
0.70967742	0.22580645	-0.06485752	-0.03593759	1.01717846
0.74193548	0.22580645	-0.05519580	-0.03781787	1.01746567
0.77419355	0.22580645	-0.04496724	-0.03773444	1.01754988
0.80645161	0.22580645	-0.03470889	-0.03562214	1.01742940
0.83870968	0.22580645	-0.02498952	-0.03159909	1.01712063
0.87096774	0.22580645	-0.01635585	-0.02598194	1.01665594
0.90322581	0.22580645	-0.00927643	-0.01927978	1.01607891
0.93548387	0.22580645	-0.00409358	-0.01216834	1.01543806
0.96774194	0.22580645	-0.00099342	-0.00544932	1.01478021
1.00000000	0.22580645	0.00000000	0.00000000	1.01445259
0.00000000	0.25806452	0.00000000	0.00000000	1.01048517
0.03225806	0.25806452	-0.00160168	0.01089231	1.01010186
0.06451613	0.25806452	-0.00568348	0.02022350	1.00943671
0.09677419	0.25806452	-0.01163422	0.02780431	1.00895910
0.12903226	0.25806452	-0.01894636	0.03360928	1.00863855
0.16129032	0.25806452	-0.02720144	0.03771484	1.00844725
0.19354839	0.25806452	-0.03605357	0.04024847	1.00836290
0.22580645	0.25806452	-0.04521319	0.04135005	1.00836971
0.25806452	0.25806452	-0.05443180	0.04114586	1.00845834
0.29032258	0.25806452	-0.06348814	0.03973459	1.00862522
0.32258065	0.25806452	-0.07217613	0.03718404	1.00887150
0.35483871	0.25806452	-0.08029490	0.03353676	1.00920151
0.38709677	0.25806452	-0.08764158	0.02882241	1.00962109
0.41935484	0.25806452	-0.09400703	0.02307482	1.01013559
0.45161290	0.25806452	-0.09917545	0.01635147	1.01074760
0.48387097	0.25806452	-0.10292802	0.00875342	1.01145460
0.51612903	0.25806452	-0.10505141	0.00044352	1.01224663
0.54838710	0.25806452	-0.10535125	-0.00833962	1.01310430
0.58064516	0.25806452	-0.10367075	-0.01727412	1.01399766
0.61290323	0.25806452	-0.09991364	-0.02595684	1.01488631
0.64516129	0.25806452	-0.09406997	-0.03391743	1.01572126
0.67741935	0.25806452	-0.08624182	-0.04064675	1.01644890
0.70967742	0.25806452	-0.07666442	-0.04563999	1.01701664
0.74193548	0.25806452	-0.06571720	-0.04845302	1.01737989
0.77419355	0.25806452	-0.05391862	-0.04876624	1.01750885
0.80645161	0.25806452	-0.04189986	-0.04644698	1.01739384
0.83870968	0.25806452	-0.03035619	-0.04159858	1.01704766
0.87096774	0.25806452	-0.01997988	-0.03458461	1.01650418
0.90322581	0.25806452	-0.01138554	-0.02602108	1.01581344
0.93548387	0.25806452	-0.00504206	-0.01673706	1.01503431
0.96774194	0.25806452	-0.00122547	-0.00771185	1.01422636
1.00000000	0.25806452	0.00000000	0.00000000	1.01382242
0.00000000	0.29032258	0.00000000	0.00000000	1.00995078
0.03225806	0.29032258	-0.00177529	0.01389024	1.00952670
0.06451613	0.29032258	-0.00628885	0.02550882	1.00879107
0.09677419	0.29032258	-0.01285226	0.03478147	1.00826181
0.12903226	0.29032258	-0.02089690	0.04178773	1.00790197
0.16129032	0.29032258	-0.02996033	0.04669333	1.00767783
0.19354839	0.29032258	-0.03966844	0.04969746	1.00756258
0.22580645	0.29032258	-0.04971626	0.05099418	1.00753752
0.25806452	0.29032258	-0.05984913	0.05074753	1.00759196
0.29032258	0.29032258	-0.06984526	0.04907923	1.00772244
0.32258065	0.29032258	-0.07950014	0.04606749	1.00793145
0.35483871	0.29032258	-0.08861340	0.04175521	1.00822583
0.38709677	0.29032258	-0.09697851	0.03616533	1.00861493
0.41935484	0.29032258	-0.10437584	0.02932152	1.00910848
0.45161290	0.29032258	-0.11056973	0.02127178	1.00971405
0.48387097	0.29032258	-0.11531029	0.01211327	1.01043424
0.51612903	0.29032258	-0.11834075	0.00201583	1.01126374
0.54838710	0.29032258	-0.11941114	-0.00875812	1.01218645
0.58064516	0.29032258	-0.11829899	-0.01984039	1.01317339
0.61290323	0.29032258	-0.11483667	-0.03075424	1.01418177
0.64516129	0.29032258	-0.10894449	-0.04092600	1.01515620
0.67741935	0.29032258	-0.10066642	-0.04971466	1.01603237
0.70967742	0.29032258	-0.09020357	-0.05646221	1.01674345
0.74193548	0.29032258	-0.07793813	-0.06056367	1.01722863
0.77419355	0.29032258	-0.06443880	-0.06155178	1.01744236
0.80645161	0.29032258	-0.05043950	-0.05918457	1.01736249
0.83870968	0.29032258	-0.03678601	-0.05351907	1.01699510
0.87096774	0.29032258	-0.02435329	-0.04495259	1.01637454
0.90322581	0.29032258	-0.01394552	-0.03421760	1.01555849
0.93548387	0.29032258	-0.00619921	-0.02232841	1.01461913
0.96774194	0.29032258	-0.00151060	-0.01049138	1.01363247
1.00000000	0.29032258	0.00000000	0.00000000	1.01313673
0.00000000	0.32258065	0.00000000	0.00000000	1.00915104
0.03225806	0.32258065	-0.00193756	0.01718115	1.00868867
0.06451613	0.32258065	-0.00685547	0.03130046	1.00788622
0.09677419	0.32258065	-0.01399462	0.04241235	1.00730645
0.12903226	0.32258065	-0.02273065	0.05071734	1.00690586
0.16129032	0.32258065	-0.03256137	0.05648637	1.00664492
0.19354839	0.32258065	-0.04308805	0.06000439	1.00649242
0.22580645	0.32258065	-0.05399386	0.06153073	1.00642691
0.25806452	0.32258065	-0.06502198	0.06127485	1.00643654
0.29032258	0.32258065	-0.07595457	0.05938559	1.00651812
0.32258065	0.32258065	-0.08659371	0.05595217	1.00667569
0.35483871	0.32258065	-0.09674468	0.05101512	1.00691896
0.38709677	0.32258065	-0.10620231	0.04458485	1.00726140
0.41935484	0.32258065	-0.11474073	0.03666604	1.00771803
0.45161290	0.32258065	-0.12210735	0.02728591	1.00830277
0.48387097	0.32258065	-0.12802191	0.01652443	1.00902519
0.51612903	0.32258065	-0.13218185	0.00454436	1.00988694
0.54838710	0.32258065	-0.13427521	-0.00838138	1.01087780
0.58064516	0.32258065	-0.13400241	-0.02184860	1.01197221
0.61290323	0.32258065	-0.13110744	-0.03531134	1.01312690
0.64516129	0.32258065	-0.12541819	-0.04808769	1.01428062
0.67741935	0.32258065	-0.11689344	-0.05938766	1.01535714
0.70967742	0.32258065	-0.10567147	-0.06836828	1.01627192
0.74193548	0.32258065	-0.09211159	-0.07421779	1.01694238
0.77419355	0.32258065	-0.07681677	-0.07626487	1.01730036
0.80645161	0.32258065	-0.06062378	-0.07409977	1.01730428
0.83870968	0.32258065	-0.04454987	-0.06768479	1.01694794
0.87096774	0.32258065	-0.02969392	-0.05742510	1.01626324
0.90322581	0.32258065	-0.01710453	-0.04417516	1.01531563
0.93548387	0.32258065	-0.00764259	-0.02917198	1.01419332
0.96774194	0.32258065	-0.00187178	-0.01391106	1.01299286
1.00000000	0.32258065	0.00000000	0.00000000	1.01238522
0.00000000	0.35483871	0.00000000	0.00000000	1.00805947
0.03225806	0.35483871	-0.00208819	0.02074569	1.00756124
0.06451613	0.35483871	-0.00738218	0.03756588	1.00669557
0.09677419	0.35483871	-0.01505772	0.05065665	1.00606619
0.12903226	0.35483871	-0.02443893	0.06035447	1.00562297
0.16129032	0.35483871	-0.03498733	0.06705071	1.00532047
0.19354839	0.35483871	-0.04628268	0.07112993	1.00512302
0.22580645	0.35483871	-0.05799964	0.07292810	1.00500635
0.25806452	0.35483871	-0.06988307	0.07270824	1.00495736
0.29032258	0.35483871	-0.08172366	0.07065095	1.00497307
0.32258065	0.35483871	-0.09333531	0.06685759	1.00505911
0.35483871	0.35483871	-0.10453483	0.06136380	1.00522825
0.38709677	0.35483871	-0.11512464	0.05416137	1.00549853
0.41935484	0.35483871	-0.12487884	0.04522655	1.00589124
0.45161290	0.35483871	-0.13353353	0.03455296	1.00642820
0.48387097	0.35483871	-0.14078244	0.02218777	1.00712835
0.51612903	0.35483871	-0.14627914	0.00826912	1.00800338
0.54838710	0.35483871	-0.14964789	-0.00693756	1.00905276
0.58064516	0.35483871	-0.15050490	-0.02300816	1.01025837
0.61290323	0.35483871	-0.14849177	-0.03933847	1.01158004
0.64516129	0.35483871	-0.14332182	-0.05514000	1.01295298
0.67741935	0.35483871	-0.13483829	-0.06946138	1.01428899
0.70967742	0.35483871	-0.12307996	-0.08124406	1.01548262
0.74193548	0.35483871	-0.10834521	-0.08941837	1.01642302
0.77419355	0.35483871	-0.09123978	-0.09303959	1.01701016
0.80645161	0.35483871	-0.07268858	-0.09145147	1.01717274
0.83870968	0.35483871	-0.05389181	-0.08444893	1.01688307
0.87096774	0.35483871	-0.03621386	-0.07239793	1.01616457
0.90322581	0.35483871	-0.02101397	-0.05626893	1.01508879
0.93548387	0.35483871	-0.00945375	-0.03756115	1.01376234
0.96774194	0.35483871	-0.00233351	-0.01813397	1.01230714
1.00000000	0.35483871	0.00000000	0.00000000	1.01156286
0.00000000	0.38709677	0.00000000	0.00000000	1.00665181
0.03225806	0.38709677	-0.00222624	0.02456332	1.00612021
0.06451613	0.38709677	-0.00786604	0.04426998	1.00519485
0.09677419	0.38709677	-0.01603455	0.05946908	1.00451651
0.12903226	0.38709677	-0.02600728	0.07064694	1.00402831
0.16129032	0.38709677	-0.03721150	0.07833011	1.00367870
0.19354839	0.38709677	-0.04920752	0.08301669	1.00342728
0.22580645	0.38709677	-0.06166411	0.08513111	1.00324666
0.25806452	0.38709677	-0.07433119	0.08499886	1.00312213
0.29032258	0.38709677	-0.08701232	0.08283782	1.00305052
0.32258065	0.38709677	-0.09953863	0.07876334	1.00303880
0.35483871	0.38709677	-0.11174488	0.07280445	1.00310265
0.38709677	0.38709677	-0.12344853	0.06492884	1.00326497
0.41935484	0.38709677	-0.13443200	0.05507492	1.00355410
0.45161290	0.38709677	-0.14442904	0.04318951	1.00400143
0.48387097	0.38709677	-0.15311616	0.02927003	1.00463788
0.51612903	0.38709677	-0.16011083	0.01340980	1.00548913
0.54838710	0.38709677	-0.16497851	-0.00415562	1.00656929
0.58064516	0.38709677	-0.16725123	-0.02300471	1.00787359
0.61290323	0.38709677	-0.16646052	-0.04249442	1.00937088
0.64516129	0.38709677	-0.16218708	-0.06174117	1.01099762
0.67741935	0.38709677	-0.15412805	-0.07962953	1.01265586
0.70967742	0.38709677	-0.14217976	-0.09486135	1.01421740
0.74193548	0.38709677	-0.12652802	-0.10605797	1.01553623
0.77419355	0.38709677	-0.10772983	-0.11192150	1.01646886
0.80645161	0.38709677	-0.08676090	-0.11144774	1.01689970
0.83870968	0.38709677	-0.06499704	-0.10415950	1.01676525
0.87096774	0.38709677	-0.04410244	-0.09030294	1.01606962
0.90322581	0.38709677	-0.02582195	-0.07093527	1.01488563
0.93548387	0.38709677	-0.01171693	-0.04785244	1.01333970
0.96774194	0.38709677	-0.00292200	-0.02336481	1.01158475
1.00000000	0.38709677	0.00000000	0.00000000	1.01067481
0.00000000	0.41935484	0.00000000	0.00000000	1.00490665
0.03225806	0.41935484	-0.00235079	0.02861172	1.00434416
0.06451613	0.41935484	-0.00830416	0.05137418	1.00336259
0.09677419	0.41935484	-0.01691797	0.06879788	1.00263579
0.12903226	0.41935484	-0.02741984	0.08153140	1.00210008
0.16129032	0.41935484	-0.03920291	0.09025094	1.00169751
0.19354839	0.41935484	-0.05180862	0.09558254	1.00138250
0.22580645	0.41935484	-0.06490125	0.09805175	1.00112386
0.25806452	0.41935484	-0.07823840	0.09805644	1.00090459
0.29032258	0.41935484	-0.09164039	0.09585839	1.00072062
0.32258065	0.41935484	-0.10496074	0.09159015	1.00057955
0.35483871	0.41935484	-0.11805896	0.08527370	1.00049946
0.38709677	0.41935484	-0.13077601	0.07684849	1.00050792
0.41935484	0.41935484	-0.14291304	0.06620705	1.00064081
0.45161290	0.41935484	-0.15421371	0.05323712	1.00094047
0.48387097	0.41935484	-0.16435124	0.03786956	1.00145257
0.51612903	0.41935484	-0.17292153	0.02013147	1.00222108
0.54838710	0.41935484	-0.17944480	0.00020283	1.00328090
0.58064516	0.41935484	-0.18337886	-0.02152615	1.00464830
0.61290323	0.41935484	-0.18414779	-0.04440261	1.00630974
0.64516129	0.41935484	-0.18119038	-0.06747247	1.00821118
0.67741935	0.41935484	-0.17403203	-0.08946871	1.01025068
0.70967742	0.41935484	-0.16238158	-0.10884409	1.01227836
0.74193548	0.41935484	-0.14624878	-0.12386829	1.01410731
0.77419355	0.41935484	-0.12606781	-0.13280671	1.01553738
0.80645161	0.41935484	-0.10279693	-0.13418426	1.01638950
0.83870968	0.41935484	-0.07794905	-0.12710738	1.01654310
0.87096774	0.41935484	-0.05350239	-0.11157301	1.01596510
0.90322581	0.41935484	-0.03166376	-0.08865444	1.01471932
0.93548387	0.41935484	-0.01451716	-0.06046110	1.01295111
0.96774194	0.41935484	-0.00366550	-0.02985090	1.01085066
1.00000000	0.41935484	0.00000000	0.00000000	1.00974253
0.00000000	0.45161290	0.00000000	0.00000000	1.00280595
0.03225806	0.45161290	-0.00246181	0.03286747	1.00221492
0.06451613	0.45161290	-0.00869641	0.05883714	1.00118042
0.09677419	0.45161290	-0.01770519	0.07858475	1.00040577
0.12903226	0.45161290	-0.02866567	0.09293188	0.99982058
0.16129032	0.45161290	-0.04093429	0.10271888	0.99936008
0.19354839	0.45161290	-0.05403212	0.10871502	0.99897270
0.22580645	0.45161290	-0.06761910	0.11156089	0.99862249
0.25806452	0.45161290	-0.08146213	0.11173799	0.99828903
0.29032258	0.45161290	-0.09540147	0.10956015	0.99796619
0.32258065	0.45161290	-0.10931789	0.10518191	0.99766103
0.35483871	0.45161290	-0.12310233	0.09861972	0.99739301
0.38709677	0.45161290	-0.13662839	0.08978292	0.99719367
0.41935484	0.45161290	-0.14972789	0.07851262	0.99710631
0.45161290	0.45161290	-0.16216971	0.06462771	0.99718514
0.48387097	0.45161290	-0.17364243	0.04797785	0.99749292
0.51612903	0.45161290	-0.18374198	0.02850336	0.99809622
0.54838710	0.45161290	-0.19196649	0.00630171	0.99905746
0.58064516	0.45161290	-0.19772150	-0.01830172	1.00042308
0.61290323	0.45161290	-0.20034008	-0.04468290	1.00220846
0.64516129	0.45161290	-0.19912405	-0.07185693	1.00438112
0.67741935	0.45161290	-0.19341317	-0.09843833	1.00684586
0.70967742	0.45161290	-0.18268905	-0.12264460	1.00943715
0.74193548	0.45161290	-0.16671602	-0.14237174	1.01192509
0.77419355	0.45161290	-0.14571009	-0.15537335	1.01404002
0.80645161	0.45161290	-0.12050719	-0.15956649	1.01551617
0.83870968	0.45161290	-0.09267326	-0.15345404	1.01614658
0.87096774	0.45161290	-0.06447606	-0.13658822	1.01583299
0.90322581	0.45161290	-0.03864710	-0.10992050	1.01461134
0.93548387	0.45161290	-0.01793655	-0.07585069	1.01264024
0.96774194	0.45161290	-0.00459432	-0.03788196	1.01015301
1.00000000	0.45161290	0.00000000	0.00000000	1.00881220
0.00000000	0.48387097	0.00000000	0.00000000	1.00033553
0.03225806	0.48387097	-0.00256130	0.03730812	0.99971780
0.06451613	0.48387097	-0.00904885	0.06661756	0.99863311
0.09677419	0.48387097	-0.01840395	0.08876714	0.99781184
0.12903226	0.48387097	-0.02974722	0.10476049	0.99717704
0.16129032	0.48387097	-0.04239240	0.11561738	0.99665644
0.19354839	0.48387097	-0.05583652	0.12226734	0.99619126
0.22580645	0.48387097	-0.06973390	0.12548176	0.99573935
0.25806452	0.48387097	-0.08386164	0.12583881	0.99527525
0.29032258	0.48387097	-0.09808254	0.12371414	0.99478913
0.32258065	0.48387097	-0.11230899	0.11929101	0.99428588
0.35483871	0.48387097	-0.12646982	0.11258419	0.99378477
0.38709677	0.48387097	-0.14048045	0.10347404	0.99331999
0.41935484	0.48387097	-0.15421616	0.09174837	0.99294145
0.45161290	0.48387097	-0.16748831	0.07715166	0.99271532
0.48387097	0.48387097	-0.18002321	0.05944183	0.99272299
0.51612903	0.48387097	-0.19144448	0.03845553	0.99305734
0.54838710	0.48387097	-0.20126036	0.01418235	0.99381467
0.58064516	0.48387097	-0.20885861	-0.01315256	0.99508135
0.61290323	0.48387097	-0.21351394	-0.04300006	0.99691480
0.64516129	0.48387097	-0.21441508	-0.07439938	0.99931988
0.67741935	0.48387097	-0.21072172	-0.10590370	1.00222449
0.70967742	0.48387097	-0.20166417	-0.13554124	1.00546059
0.74193548	0.48387097	-0.18669703	-0.16084725	1.00876005
0.77419355	0.48387097	-0.16570978	-0.17901553	1.01177501
0.80645161	0.48387097	-0.13927416	-0.18722108	1.01412832
0.83870968	0.48387097	-0.10886722	-0.18313851	1.01548919
0.87096774	0.48387097	-0.07695907	-0.16559917	1.01565331
0.90322581	0.48387097	-0.04682978	-0.13519394	1.01459681
0.93548387	0.48387097	-0.02204777	-0.09451387	1.01247713
0.96774194	0.48387097	-0.00574035	-0.04778744	1.00957399
1.00000000	0.48387097	0.00000000	0.00000000	1.00796643
0.00000000	0.51612903	0.00000000	0.00000000	0.99748484
0.03225806	0.51612903	-0.00265486	0.04191631	0.99684117
0.06451613	0.51612903	-0.00937828	0.07467978	0.99570800
0.09677419	0.51612903	-0.01904011	0.09928312	0.99484271
0.12903226	0.51612903	-0.03069067	0.11692033	0.99416194
0.16129032	0.51612903	-0.04359065	0.12880818	0.99358480
0.19354839	0.51612903	-0.05720711	0.13605650	0.99304341
0.22580645	0.51612903	-0.07118673	0.13958600	0.99248726
0.25806452	0.51612903	-0.08531758	0.14008663	0.99188368
0.29032258	0.51612903	-0.09948764	0.13800750	0.99121703
0.32258065	0.51612903	-0.11364515	0.13356920	0.99048795
0.35483871	0.51612903	-0.12776291	0.12679117	0.98971351
0.38709677	0.51612903	-0.14180697	0.11752925	0.98892867
0.41935484	0.51612903	-0.15570872	0.10552048	0.98818844
0.45161290	0.51612903	-0.16933971	0.09043476	0.98757010
0.48387097	0.51612903	-0.18248803	0.07193402	0.98717410
0.51612903	0.51612903	-0.19483639	0.04974051	0.98712190
0.54838710	0.51612903	-0.20594194	0.02371584	0.98754884
0.58064516	0.51612903	-0.21522001	-0.00604813	0.98859010
0.61290323	0.51612903	-0.22193550	-0.03912643	0.99035851
0.64516129	0.51612903	-0.22520954	-0.07464915	0.99291436
0.67741935	0.51612903	-0.22405371	-0.11118923	0.99623007
0.70967742	0.51612903	-0.21745024	-0.14666929	1.00015653
0.74193548	0.51612903	-0.20450070	-0.17832613	1.00440250
0.77419355	0.51612903	-0.18466295	-0.20279620	1.00854252
0.80645161	0.51612903	-0.15807594	-0.21640904	1.01206729
0.83870968	0.51612903	-0.12592283	-0.21576913	1.01447924
0.87096774	0.51612903	-0.09070130	-0.19862566	1.01541283
0.90322581	0.51612903	-0.05618806	-0.16483180	1.01473425
0.93548387	0.51612903	-0.02690362	-0.11694012	1.01257081
0.96774194	0.51612903	-0.00713587	-0.05992972	1.00924518
1.00000000	0.51612903	0.00000000	0.00000000	1.00734078
0.00000000	0.54838710	0.00000000	0.00000000	0.99424587
0.03225806	0.54838710	-0.00275364	0.04668639	0.99357502
0.06451613	0.54838710	-0.00971803	0.08300281	0.99239324
0.09677419	0.54838710	-0.01966725	0.11007953	0.99148910
0.12903226	0.54838710	-0.03155823	0.12931102	0.99077272
0.16129032	0.54838710	-0.04458306	0.14213381	0.99015247
0.19354839	0.54838710	-0.05817132	0.14986341	0.98954841
0.22580645	0.54838710	-0.07196058	0.15359223	0.98889851
0.25806452	0.54838710	-0.08575195	0.15413972	0.98816004
0.29032258	0.54838710	-0.09946242	0.15204170	0.98730896
0.32258065	0.54838710	-0.11308095	0.14756627	0.98633929
0.35483871	0.54838710	-0.12663043	0.14074601	0.98526368
0.38709677	0.54838710	-0.14013563	0.13141986	0.98411567
0.41935484	0.54838710	-0.15359555	0.11928111	0.98295336
0.45161290	0.54838710	-0.16695828	0.10393097	0.98186351
0.48387097	0.54838710	-0.18009683	0.08493852	0.98096477
0.51612903	0.54838710	-0.19278435	0.06190944	0.98040773
0.54838710	0.54838710	-0.20466813	0.03456597	0.98036967
0.58064516	0.54838710	-0.21524260	0.00284100	0.98104099
0.61290323	0.54838710	-0.22382376	-0.03301052	0.98260138
0.64516129	0.54838710	-0.22953113	-0.07228116	0.98518418
0.67741935	0.54838710	-0.23128985	-0.11366299	0.98883060
0.70967742	0.54838710	-0.22787506	-0.15509425	0.99343923
0.74193548	0.54838710	-0.21803132	-0.19363454	0.99872318
0.77419355	0.54838710	-0.20070752	-0.22544029	1.00419506
0.80645161	0.54838710	-0.17543798	-0.24596119	1.00920450
0.83870968	0.54838710	-0.14285363	-0.25051314	1.01304577
0.87096774	0.54838710	-0.10519950	-0.23533393	1.01512395
0.90322581	0.54838710	-0.06657544	-0.19899162	1.01512265
0.93548387	0.54838710	-0.03252215	-0.14356605	1.01308799
0.96774194	0.54838710	-0.00881153	-0.07469105	1.00936903
1.00000000	0.54838710	0.00000000	0.00000000	1.00714669
0.00000000	0.58064516	0.00000000	0.00000000	0.99061029
0.03225806	0.58064516	-0.00287724	0.05163434	0.98990775
0.06451613	0.58064516	-0.01012567	0.09159338	0.98867446
0.09677419	0.58064516	-0.02037838	0.12112332	0.98774116
0.12903226	0.58064516	-0.03246199	0.14183614	0.98701049
0.16129032	0.58064516	-0.04547860	0.15542126	0.98637614
0.19354839	0.58064516	-0.05881279	0.16343402	0.98574121
0.22580645	0.58064516	-0.07209454	0.16716662	0.98502760
0.25806452	0.58064516	-0.08514374	0.16758846	0.98417877
0.29032258	0.58064516	-0.09791349	0.16533650	0.98315934
0.32258065	0.58064516	-0.11044036	0.16073720	0.98195434
0.35483871	0.58064516	-0.12280405	0.15384586	0.98056984
0.38709677	0.58064516	-0.13509551	0.14449438	0.97903596
0.41935484	0.58064516	-0.14739079	0.13234313	0.97741183
0.45161290	0.58064516	-0.15972785	0.11693604	0.97579172
0.48387097	0.58064516	-0.17208366	0.09776009	0.97431065
0.51612903	0.58064516	-0.18434901	0.07431181	0.97314717
0.54838710	0.58064516	-0.19629914	0.04617409	0.97252063
0.58064516	0.58064516	-0.20755854	0.01310751	0.97267944
0.61290323	0.58064516	-0.21756014	-0.02483789	0.97387727
0.64516129	0.58064516	-0.22550211	-0.06718306	0.97633443
0.67741935	0.58064516	-0.23031238	-0.11284529	0.98018372
0.70967742	0.58064516	-0.23064288	-0.15992782	0.98540379
0.74193548	0.58064516	-0.22493293	-0.20549366	0.99175073
0.77419355	0.58064516	-0.21160184	-0.24538954	0.99870957
0.80645161	0.58064516	-0.18944109	-0.27426293	1.00550119
0.83870968	0.58064516	-0.15824845	-0.28600759	1.01118330
0.87096774	0.58064516	-0.11963200	-0.27490384	1.01485797
0.90322581	0.58064516	-0.07767455	-0.23750914	1.01592911
0.93548387	0.58064516	-0.03886782	-0.17470402	1.01428037
0.96774194	0.58064516	-0.01079375	-0.09245186	1.01024842
1.00000000	0.58064516	0.00000000	0.00000000	1.00770229
0.00000000	0.61290323	0.00000000	0.00000000	0.98656404
0.03225806	0.61290323	-0.00305788	0.05681207	0.98582035
0.06451613	0.61290323	-0.01069370	0.10050394	0.98452880
0.09677419	0.61290323	-0.02132071	0.13241585	0.98358396
0.12903226	0.61290323	-0.03357898	0.15441124	0.98287763
0.16129032	0.61290323	-0.04645368	0.16848461	0.98228146
0.19354839	0.61290323	-0.05928021	0.17647935	0.98167352
0.22580645	0.61290323	-0.07168947	0.17992317	0.98095297
0.25806452	0.61290323	-0.08353337	0.17995868	0.98004475
0.29032258	0.61290323	-0.09481406	0.17733832	0.97889905
0.32258065	0.61290323	-0.10562644	0.17245683	0.97748983
0.35483871	0.61290323	-0.11611541	0.16540116	0.97581515
0.38709677	0.61290323	-0.12644503	0.15600659	0.97390041
0.41935484	0.61290323	-0.13677533	0.14391345	0.97180441
0.45161290	0.61290323	-0.14724284	0.12862384	0.96962723
0.48387097	0.61290323	-0.15794091	0.10955969	0.96751822
0.51612903	0.61290323	-0.16889680	0.08612493	0.96568158
0.54838710	0.61290323	-0.18004214	0.05777550	0.96437645
0.58064516	0.61290323	-0.19117372	0.02410201	0.96390799
0.61290323	0.61290323	-0.20190220	-0.01506695	0.96460536
0.64516129	0.61290323	-0.21158788	-0.05952892	0.96678285
0.67741935	0.61290323	-0.21926864	-0.10852222	0.97068124
0.70967742	0.61290323	-0.22359643	-0.16047369	0.97638895
0.74193548	0.61290323	-0.22282130	-0.21267557	0.98374894
0.77419355	0.61290323	-0.21489562	-0.26093212	0.99227047
0.80645161	0.61290323	-0.19780909	-0.29931458	1.00108611
0.83870968	0.61290323	-0.17027612	-0.32032222	1.00901631
0.87096774	0.61290323	-0.13281182	-0.31590782	1.01479525
0.90322581	0.61290323	-0.08894817	-0.27975579	1.01743005
0.93548387	0.61290323	-0.04583057	-0.21044684	1.01652311
0.96774194	0.61290323	-0.01310280	-0.11355886	1.01232631
1.00000000	0.61290323	0.00000000	0.00000000	1.00947335
0.00000000	0.64516129	0.00000000	0.00000000	0.98207768
0.03225806	0.64516129	-0.00334717	0.06232803	0.98127610
0.06451613	0.64516129	-0.01156487	0.10985622	0.97991520
0.09677419	0.64516129	-0.02271409	0.14400861	0.97899044
0.12903226	0.64516129	-0.03516588	0.16696911	0.97837423
0.16129032	0.64516129	-0.04775861	0.18112249	0.97790222
0.19354839	0.64516129	-0.05978405	0.18866981	0.97741440
0.22580645	0.64516129	-0.07089616	0.19141979	0.97677773
0.25806452	0.64516129	-0.08100448	0.19071306	0.97589293
0.29032258	0.64516129	-0.09018236	0.18742957	0.97469293
0.32258065	0.64516129	-0.09859949	0.18203855	0.97313958
0.35483871	0.64516129	-0.10647690	0.17466445	0.97122279
0.38709677	0.64516129	-0.11405840	0.16515430	0.96896343
0.41935484	0.64516129	-0.12159199	0.15314094	0.96641999
0.45161290	0.64516129	-0.12931574	0.13810162	0.96369792
0.48387097	0.64516129	-0.13744341	0.11941406	0.96095959
0.51612903	0.64516129	-0.14614614	0.09641305	0.95843239
0.54838710	0.64516129	-0.15552628	0.06845101	0.95641169
0.58064516	0.64516129	-0.16557917	0.03496757	0.95525500
0.61290323	0.64516129	-0.17613831	-0.00442373	0.95536296
0.64516129	0.64516129	-0.18679887	-0.04981661	0.95714273
0.67741935	0.64516129	-0.19681747	-0.10083674	0.96094930
0.70967742	0.64516129	-0.20499413	-0.15637515	0.96700056
0.74193548	0.64516129	-0.20956488	-0.21419445	0.97526616
0.77419355	0.64516129	-0.20817607	-0.27040173	0.98534042
0.80645161	0.64516129	-0.19807973	-0.31888243	0.99633598
0.83870968	0.64516129	-0.17675795	-0.35100486	1.00687577
0.87096774	0.64516129	-0.14317508	-0.35623177	1.01529081
0.90322581	0.64516129	-0.09959744	-0.32449038	1.02006733
0.93548387	0.64516129	-0.05320573	-0.25054939	1.02036702
0.96774194	0.64516129	-0.01575352	-0.13828242	1.01623837
1.00000000	0.64516129	0.00000000	0.00000000	1.01312681
0.00000000	0.67741935	0.00000000	0.00000000	0.97708929
0.03225806	0.67741935	-0.00382769	0.06837694	0.97620314
0.06451613	0.67741935	-0.01295526	0.11987086	0.97475868
0.09677419	0.67741935	-0.02487343	0.15601685	0.97391120
0.12903226	0.67741935	-0.03756898	0.17945576	0.97349351
0.16129032	0.67741935	-0.04970869	0.19310278	0.97327971
0.19354839	0.67741935	-0.06056779	0.19961689	0.97305103
0.22580645	0.67741935	-0.06986906	0.20114361	0.97262950
0.25806452	0.67741935	-0.07762399	0.19924488	0.97188563
0.29032258	0.67741935	-0.08401189	0.19493334	0.97073351
0.32258065	0.67741935	-0.08930076	0.18875137	0.96912379
0.35483871	0.67741935	-0.09380141	0.18086007	0.96704028
0.38709677	0.67741935	-0.09784342	0.17112168	0.96450170
0.41935484	0.67741935	-0.10176325	0.15917079	0.96156846
0.45161290	0.67741935	-0.10589718	0.14447526	0.95835289
0.48387097	0.67741935	-0.11057409	0.12639010	0.95503074
0.51612903	0.67741935	-0.11610376	0.10420781	0.95185130
0.54838710	0.67741935	-0.12275710	0.07720853	0.94914285
0.58064516	0.67741935	-0.13073380	0.04471404	0.94730958
0.61290323	0.67741935	-0.14011153	0.00615276	0.94681606
0.64516129	0.67741935	-0.15076877	-0.03884975	0.94815442
0.67741935	0.67741935	-0.16227153	-0.09032695	0.95178904
0.70967742	0.67741935	-0.17371662	-0.14772627	0.95807253
0.74193548	0.67741935	-0.18353882	-0.20949362	0.96712662
0.77419355	0.67741935	-0.18933254	-0.27241726	0.97868670
0.80645161	0.67741935	-0.18782824	-0.33073269	0.99193099
0.83870968	0.67741935	-0.17530194	-0.37522686	1.00536917
0.87096774	0.67741935	-0.14881187	-0.39306832	1.01694542
0.90322581	0.67741935	-0.10853265	-0.36972514	1.02451672
0.93548387	0.67741935	-0.06067655	-0.29429075	1.02660677
0.96774194	0.67741935	-0.01876278	-0.16676458	1.02288292
1.00000000	0.67741935	0.00000000	0.00000000	1.01960188
0.00000000	0.70967742	0.00000000	0.00000000	0.97147375
0.03225806	0.70967742	-0.00463346	0.07528329	0.97046394
0.06451613	0.70967742	-0.01518875	0.13090196	0.96892524
0.09677419	0.70967742	-0.02823221	0.16862233	0.96826023
0.12903226	0.70967742	-0.04121686	0.19180436	0.96821733
0.16129032	0.70967742	-0.05263832	0.20412130	0.96846351
0.19354839	0.70967742	-0.06182539	0.20883018	0.96869041
0.22580645	0.70967742	-0.06865316	0.20847599	0.96865994
0.25806452	0.70967742	-0.07330548	0.20485589	0.96820798
0.29032258	0.70967742	-0.07611719	0.19910634	0.96723134
0.32258065	0.70967742	-0.07748488	0.19182807	0.96567380
0.35483871	0.70967742	-0.07782420	0.18320712	0.96351832
0.38709677	0.70967742	-0.07755437	0.17311615	0.96078685
0.41935484	0.70967742	-0.07709596	0.16119471	0.95754661
0.45161290	0.70967742	-0.07687320	0.14691246	0.95392079
0.48387097	0.70967742	-0.07731535	0.12962064	0.95010122
0.51612903	0.70967742	-0.07885340	0.10859606	0.94635989
0.54838710	0.70967742	-0.08190873	0.08308106	0.94305625
0.58064516	0.70967742	-0.08687028	0.05232200	0.94063653
0.61290323	0.70967742	-0.09405431	0.01561125	0.93962115
0.64516129	0.70967742	-0.10363789	-0.02765660	0.94057600
0.67741935	0.70967742	-0.11555110	-0.07788888	0.94406239
0.70967742	0.70967742	-0.12930771	-0.13510785	0.95055881
0.74193548	0.70967742	-0.14375500	-0.19857852	0.96034448
0.77419355	0.70967742	-0.15675171	-0.26611231	0.97333263
0.80645161	0.70967742	-0.16487559	-0.33291302	0.98885053
0.83870968	0.70967742	-0.16345795	-0.39002122	1.00541344
0.87096774	0.70967742	-0.14752261	-0.42300106	1.02066152
0.90322581	0.70967742	-0.11435002	-0.41262569	1.03175914
0.93548387	0.70967742	-0.06779495	-0.34031924	1.03636605
0.96774194	0.70967742	-0.02216862	-0.19895896	1.03351657
1.00000000	0.70967742	0.00000000	0.00000000	1.03020959
0.00000000	0.74193548	0.00000000	0.00000000	0.96498485
0.03225806	0.74193548	-0.00598746	0.08356568	0.96380037
0.06451613	0.74193548	-0.01874601	0.14346962	0.96218114
0.09677419	0.74193548	-0.03335234	0.18204497	0.96189626
0.12903226	0.74193548	-0.04656084	0.20386187	0.96251391
0.16129032	0.74193548	-0.05676746	0.21371130	0.96351623
0.19354839	0.74193548	-0.06350390	0.21563173	0.96446383
0.22580645	0.74193548	-0.06693818	0.21262371	0.96504485
0.25806452	0.74193548	-0.06752887	0.20670891	0.96506211
0.29032258	0.74193548	-0.06582982	0.19911273	0.96440300
0.32258065	0.74193548	-0.06239940	0.19045838	0.96301414
0.35483871	0.74193548	-0.05777019	0.18092957	0.96088735
0.38709677	0.74193548	-0.05244893	0.17039345	0.95805666
0.41935484	0.74193548	-0.04692851	0.15848962	0.95460387
0.45161290	0.74193548	-0.04170234	0.14469466	0.95066961
0.48387097	0.74193548	-0.03727606	0.12837031	0.94646674
0.51612903	0.74193548	-0.03417349	0.10880120	0.94229308
0.54838710	0.74193548	-0.03293517	0.08522541	0.93853997
0.58064516	0.74193548	-0.03410666	0.05685963	0.93569341
0.61290323	0.74193548	-0.03821289	0.02292038	0.93432387
0.64516129	0.74193548	-0.04571038	-0.01735295	0.93506098
0.67741935	0.74193548	-0.05690160	-0.06465712	0.93854874
0.70967742	0.74193548	-0.07178323	-0.11952237	0.94537490
0.74193548	0.74193548	-0.08978460	-0.18204962	0.95596456
0.77419355	0.74193548	-0.10935177	-0.25129665	0.97041943
0.80645161	0.74193548	-0.12739369	-0.32402645	0.98827776
0.83870968	0.74193548	-0.13882067	-0.39257984	1.00819198
0.87096774	0.74193548	-0.13684817	-0.44217624	1.02764914
0.90322581	0.74193548	-0.11528001	-0.44945279	1.04313357
0.93548387	0.74193548	-0.07393768	-0.38647213	1.05119840
0.96774194	0.74193548	-0.02606307	-0.23455952	1.04989239
1.00000000	0.74193548	0.00000000	0.00000000	1.04678492
0.00000000	0.77419355	0.00000000	0.00000000	0.95713985
0.03225806	0.77419355	-0.00827061	0.09402931	0.95573031
0.06451613	0.77419355	-0.02432118	0.15826684	0.95412759
0.09677419	0.77419355	-0.04086949	0.19643716	0.95460214
0.12903226	0.77419355	-0.05387091	0.21521948	0.95634354
0.16129032	0.77419355	-0.06186104	0.22106436	0.95852680
0.19354839	0.77419355	-0.06486081	0.21900090	0.96053702
0.22580645	0.77419355	-0.06354919	0.21250096	0.96198725
0.25806452	0.77419355	-0.05879301	0.20374754	0.96266248
0.29032258	0.77419355	-0.05143294	0.19397687	0.96245959
0.32258065	0.77419355	-0.04221397	0.18376844	0.96134568
0.35483871	0.77419355	-0.03178478	0.17325666	0.95933652
0.38709677	0.77419355	-0.02072383	0.16227447	0.95649083
0.41935484	0.77419355	-0.00957176	0.15044812	0.95291543
0.45161290	0.77419355	0.00113899	0.13726002	0.94877686
0.48387097	0.77419355	0.01086080	0.12209180	0.94431568
0.51612903	0.77419355	0.01901482	0.10425518	0.93986027
0.54838710	0.77419355	0.02498285	0.08301423	0.93583661
0.58064516	0.77419355	0.02810756	0.05759973	0.93277080
0.61290323	0.77419355	0.02770304	0.02721498	0.93128097
0.64516129	0.77419355	0.02308077	-0.00896788	0.93205473
0.67741935	0.77419355	0.01360325	-0.05181602	0.93580868
0.70967742	0.77419355	-0.00120658	-0.10222484	0.94322502
0.74193548	0.77419355	-0.02144464	-0.16100996	0.95485717
0.77419355	0.77419355	-0.04640126	-0.22850321	0.97098698
0.80645161	0.77419355	-0.07383507	-0.30344411	0.99139610
0.83870968	0.77419355	-0.09899745	-0.38056673	1.01499594
0.87096774	0.77419355	-0.11398725	-0.44654171	1.03933101
0.90322581	0.77419355	-0.10902634	-0.47553618	1.06032881
0.93548387	0.77419355	-0.07817235	-0.42953617	1.07319340
0.96774194	0.77419355	-0.03062154	-0.27289663	1.07447168
1.00000000	0.77419355	0.00000000	0.00000000	1.07194098
0.00000000	0.80645161	0.00000000	0.00000000	0.94697495
0.03225806	0.80645161	-0.01214396	0.10788686	0.94534601
0.06451613	0.80645161	-0.03283250	0.17606850	0.94410030
0.09677419	0.80645161	-0.05121175	0.21159470	0.94607402
0.12903226	0.80645161	-0.06264633	0.22485342	0.94968660
0.16129032	0.80645161	-0.06640803	0.22470120	0.95364304
0.19354839	0.80645161	-0.06350674	0.21731989	0.95713390
0.22580645	0.80645161	-0.05543168	0.20655591	0.95972962
0.25806452	0.80645161	-0.04359709	0.19459266	0.96123829
0.29032258	0.80645161	-0.02917171	0.18253369	0.96160197
0.32258065	0.80645161	-0.01307702	0.17081023	0.96083621
0.35483871	0.80645161	0.00395617	0.15943944	0.95900190
0.38709677	0.80645161	0.02132105	0.14818044	0.95619840
0.41935484	0.80645161	0.03847552	0.13662680	0.95256967
0.45161290	0.80645161	0.05489482	0.12426211	0.94831732
0.48387097	0.80645161	0.07003599	0.11049448	0.94371655
0.51612903	0.80645161	0.08331249	0.09467915	0.93913118
0.54838710	0.80645161	0.09407744	0.07613269	0.93502491
0.58064516	0.80645161	0.10161424	0.05413945	0.93196548
0.61290323	0.80645161	0.10513418	0.02794718	0.93061866
0.64516129	0.80645161	0.10378251	-0.00325316	0.93172862
0.67741935	0.80645161	0.09665954	-0.04036976	0.93608158
0.70967742	0.80645161	0.08287630	-0.08447447	0.94444878
0.74193548	0.80645161	0.06169411	-0.13685492	0.95750350
0.77419355	0.80645161	0.03285912	-0.19890621	0.97569981
0.80645161	0.80645161	-0.00266925	-0.27143025	0.99907883
0.83870968	0.80645161	-0.04138511	-0.35242765	1.02691561
0.87096774	0.80645161	-0.07549650	-0.43214734	1.05707786
0.90322581	0.80645161	-0.09234709	-0.48526768	1.08523101
0.93548387	0.80645161	-0.07887711	-0.46487693	1.10504688
0.96774194	0.80645161	-0.03604735	-0.31273186	1.11075316
1.00000000	0.80645161	0.00000000	0.00000000	1.10951434
0.00000000	0.83870968	0.00000000	0.00000000	0.93249322
0.03225806	0.83870968	-0.01873203	0.12686180	0.93090915
0.06451613	0.83870968	-0.04514216	0.19733464	0.93103953
0.09677419	0.83870968	-0.06359414	0.22625099	0.93596269
0.12903226	0.83870968	-0.07003111	0.23041576	0.94262973
0.16129032	0.83870968	-0.06573062	0.22192478	0.94914948
0.19354839	0.83870968	-0.05344026	0.20802456	0.95459398
0.22580645	0.83870968	-0.03576062	0.19259131	0.95859208
0.25806452	0.83870968	-0.01470153	0.17748757	0.96105683
0.29032258	0.83870968	0.00830357	0.16345680	0.96203415
0.32258065	0.83870968	0.03225579	0.15064057	0.96162820
0.35483871	0.83870968	0.05644323	0.13885859	0.95997182
0.38709677	0.83870968	0.08032183	0.12775512	0.95722285
0.41935484	0.83870968	0.10342690	0.11687436	0.95357419
0.45161290	0.83870968	0.12530974	0.10569955	0.94927033
0.48387097	0.83870968	0.14549274	0.09367413	0.94462596
0.51612903	0.83870968	0.16343778	0.08021375	0.94004308
0.54838710	0.83870968	0.17852405	0.06471249	0.93602419
0.58064516	0.83870968	0.19003255	0.04654300	0.93317855
0.61290323	0.83870968	0.19713500	0.02504672	0.93221893
0.64516129	0.83870968	0.19888576	-0.00049323	0.93394603
0.67741935	0.83870968	0.19421735	-0.03090981	0.93921763
0.70967742	0.83870968	0.18194670	-0.06725940	0.94889959
0.74193548	0.83870968	0.16082031	-0.11099277	0.96379528
0.77419355	0.83870968	0.12968557	-0.16413984	0.98454683
0.80645161	0.83870968	0.08801551	-0.22919987	1.01148650
0.83870968	0.83870968	0.03723642	-0.30773947	1.04435972
0.87096774	0.83870968	-0.01668367	-0.39557972	1.08168961
0.90322581	0.83870968	-0.06013785	-0.47215556	1.11947189
0.93548387	0.83870968	-0.07277250	-0.48583590	1.14996154
0.96774194	0.83870968	-0.04217449	-0.35177373	1.16375022
1.00000000	0.83870968	0.00000000	0.00000000	1.16534151
0.00000000	0.87096774	0.00000000	0.00000000	0.90934077
0.03225806	0.87096774	-0.02967311	0.15302902	0.90903357
0.06451613	0.87096774	-0.06046747	0.22093061	0.91342550
0.09677419	0.87096774	-0.07279609	0.23648365	0.92409060
0.12903226	0.87096774	-0.06679985	0.22698990	0.93560092
0.16129032	0.87096774	-0.04794181	0.20811036	0.94565951
0.19354839	0.87096774	-0.02140749	0.18734990	0.95351475
0.22580645	0.87096774	0.00913481	0.16781719	0.95907111
0.25806452	0.87096774	0.04136888	0.15052847	0.96248936
0.29032258	0.87096774	0.07390914	0.13557638	0.96400777
0.32258065	0.87096774	0.10594236	0.12267058	0.96387101
0.35483871	0.87096774	0.13697836	0.11137340	0.96231300
0.38709677	0.87096774	0.16668728	0.10119677	0.95956553
0.41935484	0.87096774	0.19479507	0.09163890	0.95587795
0.45161290	0.87096774	0.22101567	0.08219627	0.95154040
0.48387097	0.87096774	0.24500622	0.07236645	0.94690681
0.51612903	0.87096774	0.26633646	0.06164785	0.94241508
0.54838710	0.87096774	0.28446732	0.04953793	0.93860258
0.58064516	0.87096774	0.29873468	0.03552850	0.93611516
0.61290323	0.87096774	0.30833553	0.01909397	0.93570749
0.64516129	0.87096774	0.31231320	-0.00033550	0.93823303
0.67741935	0.87096774	0.30953797	-0.02343069	0.94462164
0.70967742	0.87096774	0.29867941	-0.05107742	0.95584347
0.74193548	0.87096774	0.27817282	-0.08459377	0.97285771
0.77419355	0.87096774	0.24621294	-0.12610140	0.99654380
0.80645161	0.87096774	0.20092631	-0.17898109	1.02760648
0.83870968	0.87096774	0.14121150	-0.24772845	1.06641276
0.87096774	0.87096774	0.06933672	-0.33477307	1.11255706
0.90322581	0.87096774	-0.00366267	-0.42917884	1.16343643
0.93548387	0.87096774	-0.05263730	-0.48284027	1.21102308
0.96774194	0.87096774	-0.04702954	-0.38550435	1.24055740
1.00000000	0.87096774	0.00000000	0.00000000	1.24859723
0.00000000	0.90322581	0.00000000	0.00000000	0.86754675
0.03225806	0.90322581	-0.04533005	0.18732928	0.87309938
0.06451613	0.90322581	-0.06937756	0.24045762	0.88969321
0.09677419	0.90322581	-0.05963535	0.23258337	0.91118015
0.12903226	0.90322581	-0.02825791	0.20556148	0.93001293
0.16129032	0.90322581	0.01339562	0.17653242	0.94459710
0.19354839	0.90322581	0.05847678	0.15094795	0.95506664
0.22580645	0.90322581	0.10344479	0.12981494	0.96202578
0.25806452	0.90322581	0.14665239	0.11271325	0.96611601
0.29032258	0.90322581	0.18743604	0.09888333	0.96788244
0.32258065	0.90322581	0.22560592	0.08757136	0.96775973
0.35483871	0.90322581	0.26117109	0.07811367	0.96609983
0.38709677	0.90322581	0.29419142	0.06993842	0.96321033
0.41935484	0.90322581	0.32469602	0.06254598	0.95939215
0.45161290	0.90322581	0.35263658	0.05548841	0.95497319
0.48387097	0.90322581	0.37785928	0.04835335	0.95033725
0.51612903	0.90322581	0.40008670	0.04075265	0.94594768
0.54838710	0.90322581	0.41890535	0.03231429	0.94236545
0.58064516	0.90322581	0.43375575	0.02267480	0.94026082
0.61290323	0.90322581	0.44392232	0.01146820	0.94041772
0.64516129	0.90322581	0.44851974	-0.00169566	0.94373030
0.67741935	0.90322581	0.44646968	-0.01727600	0.95119183
0.70967742	0.90322581	0.43645785	-0.03589425	0.96387725
0.74193548	0.90322581	0.41685456	-0.05852630	0.98292265
0.77419355	0.90322581	0.38557788	-0.08689332	1.00950623
0.80645161	0.90322581	0.33991430	-0.12419841	1.04483479
0.83870968	0.90322581	0.27654159	-0.17614987	1.09013198
0.87096774	0.90322581	0.19285773	-0.25070554	1.14656481
0.90322581	0.90322581	0.09253013	-0.35018153	1.21451443
0.93548387	0.90322581	-0.00210752	-0.44246902	1.28926299
0.96774194	0.90322581	-0.04241326	-0.40441102	1.35073400
1.00000000	0.90322581	0.00000000	0.00000000	1.37426760
0.00000000	0.93548387	0.00000000	0.00000000	0.78454072
0.03225806	0.93548387	-0.04892955	0.22240659	0.81069403
0.06451613	0.93548387	-0.02678810	0.23523591	0.86051666
0.09677419	0.93548387	0.03251511	0.19536400	0.90133362
0.12903226	0.93548387	0.10135395	0.15395893	0.93005453
0.16129032	0.93548387	0.16799922	0.12137567	0.94915928
0.19354839	0.93548387	0.22865581	0.09730073	0.96139212
0.22580645	0.93548387	0.28270661	0.07964159	0.96879059
0.25806452	0.93548387	0.33064999	0.06653723	0.97272289
0.29032258	0.93548387	0.37328114	0.05662286	0.97409025
0.32258065	0.93548387	0.41138229	0.04893553	0.97350019
0.35483871	0.93548387	0.44561287	0.04278790	0.97138923
0.38709677	0.93548387	0.47647605	0.03767185	0.96810748
0.41935484	0.93548387	0.50431263	0.03319375	0.96397837
0.45161290	0.93548387	0.52930373	0.02903302	0.95934269
0.48387097	0.93548387	0.55147494	0.02491635	0.95459229
0.51612903	0.93548387	0.57070024	0.02060178	0.95019600
0.54838710	0.93548387	0.58670457	0.01586889	0.94671928
0.58064516	0.93548387	0.59906515	0.01051155	0.94483762
0.61290323	0.93548387	0.60721008	0.00432999	0.94534422
0.64516129	0.93548387	0.61041176	-0.00288285	0.94915265
0.67741935	0.93548387	0.60776893	-0.01136879	0.95729702
0.70967742	0.93548387	0.59816523	-0.02146229	0.97093519
0.74193548	0.93548387	0.58017937	-0.03371379	0.99136583
0.77419355	0.93548387	0.55189749	-0.04916113	1.02007895
0.80645161	0.93548387	0.51053726	-0.06994478	1.05887264
0.83870968	0.93548387	0.45178185	-0.10067187	1.11008817
0.87096774	0.93548387	0.36909013	-0.15076160	1.17705621
0.90322581	0.93548387	0.25544247	-0.23421358	1.26485090
0.93548387	0.93548387	0.11616916	-0.34789687	1.37900737
0.96774194	0.93548387	0.00006161	-0.38761185	1.50555071
1.00000000	0.93548387	0.00000000	0.00000000	1.56781377
0.00000000	0.96774194	0.00000000	0.00000000	0.60442517
0.03225806	0.96774194	0.09621691	0.21411739	0.70098455
0.06451613	0.96774194	0.22240659	0.15901296	0.84256705
0.09677419	0.96774194	0.33145282	0.10444133	0.91025498
0.12903226	0.96774194	0.41777060	0.07007738	0.94519207
0.16129032	0.96774194	0.48541176	0.04923057	0.96432981
0.19354839	0.96774194	0.53914628	0.03624056	0.97495399
0.22580645	0.96774194	0.58271249	0.02782076	0.98051942
0.25806452	0.96774194	0.61878787	0.02213872	0.98280472
0.29032258	0.96774194	0.64924973	0.01815104	0.98279678
0.32258065	0.96774194	0.67541073	0.01523963	0.98108979
0.35483871	0.96774194	0.69818526	0.01301992	0.97808273
0.38709677	0.96774194	0.71819865	0.01123867	0.97408729
0.41935484	0.96774194	0.73585713	0.00971830	0.96939368
0.45161290	0.96774194	0.75139240	0.00832611	0.96431493
0.48387097	0.96774194	0.76489016	0.00695684	0.95921930
0.51612903	0.96774194	0.77630876	0.00552303	0.95455503
0.54838710	0.96774194	0.78549195	0.00394939	0.95086901
0.58064516	0.96774194	0.79217765	0.00216930	0.94882033
0.61290323	0.96774194	0.79600350	0.00012160	0.94918928
0.64516129	0.96774194	0.79650765	-0.00225450	0.95288333
0.67741935	0.96774194	0.79312067	-0.00502946	0.96094427
0.70967742	0.96774194	0.78513887	-0.00830468	0.97456485
0.74193548	0.96774194	0.77165839	-0.01225855	0.99513286
0.77419355	0.96774194	0.75142509	-0.01725119	1.02433910
0.80645161	0.96774194	0.72249727	-0.02408276	1.06442693
0.83870968	0.96774194	0.68148031	-0.03470273	1.11875942
0.87096774	0.96774194	0.62182541	-0.05436615	1.19314724
0.90322581	0.96774194	0.53071873	-0.09726054	1.29909023
0.93548387	0.96774194	0.38761184	-0.18708814	1.45922179
0.96774194	0.96774194	0.18282186	-0.28824185	1.70476542
1.00000000	0.96774194	0.00000000	0.00000000	1.85297503
0.00000000	1.00000000	1.00000000	0.00000000	0.48001576
0.03225806	1.00000000	1.00000000	0.00000000	0.63110411
0.06451613	1.00000000	1.00000000	0.00000000	0.84022545
0.09677419	1.00000000	1.00000000	0.00000000	0.92248916
0.12903226	1.00000000	1.00000000	0.00000000	0.95812189
0.16129032	1.00000000	1.00000000	0.00000000	0.97526402
0.19354839	1.00000000	1.00000000	0.00000000	0.98381955
0.22580645	1.00000000	1.00000000	0.00000000	0.98771701
0.25806452	1.00000000	1.00000000	0.00000000	0.98873073
0.29032258	1.00000000	1.00000000	0.00000000	0.98776159
0.32258065	1.00000000	1.00000000	0.00000000	0.98532301
0.35483871	1.00000000	1.00000000	0.00000000	0.98175212
0.38709677	1.00000000	1.00000000	0.00000000	0.97731534
0.41935484	1.00000000	1.00000000	0.00000000	0.97226946
0.45161290	1.00000000	1.00000000	0.00000000	0.96690200
0.48387097	1.00000000	1.00000000	0.00000000	0.96156081
0.51612903	1.00000000	1.00000000	0.00000000	0.95667691
0.54838710	1.00000000	1.00000000	0.00000000	0.95278210
0.58064516	1.00000000	1.00000000	0.00000000	0.95052202
0.61290323	1.00000000	1.00000000	0.00000000	0.95066511
0.64516129	1.00000000	1.00000000	0.00000000	0.95410947
0.67741935	1.00000000	1.00000000	0.00000000	0.96189157
0.70967742	1.00000000	1.00000000	0.00000000	0.97520657
0.74193548	1.00000000	1.00000000	0.00000000	0.99546019
0.77419355	1.00000000	1.00000000	0.00000000	1.02439585
0.80645161	1.00000000	1.00000000	0.00000000	1.06439845
0.83870968	1.00000000	1.00000000	0.00000000	1.11923450
0.87096774	1.00000000	1.00000000	0.00000000	1.19595269
0.90322581	1.00000000	1.00000000	0.00000000	1.30972938
0.93548387	1.00000000	1.00000000	0.00000000	1.49301751
0.96774194	1.00000000	1.00000000	0.00000000	1.81394891
1.00000000	1.00000000	1.00000000	0.00000000	2.02036711
